$coord
    2.61980292706468      0.00000000000000      0.00000000000000      c
    0.00000000000000      0.00000000000000      0.00000000000000      c
   -1.34720465739550      2.24684657747837      0.00000000000000      c
   -0.06734983937604      4.50578740220721      0.00024566439728      c
    2.58047772623933      4.55601632281931      0.00156847269030      c
    3.89895854641497      2.25931876995542      0.00024566439728      c
    3.62632775722356     -1.77388592093975      0.00160626721295      h
   -3.38618136025646      2.19784597885265      0.00158736995162      h
   -1.10855114407338      6.26582163059291     -0.00398732214039      h
    5.94392568111717      2.27145081172854     -0.00394952761773      h
   -1.34909438352839     -2.38186750967305      0.00328812347122      n
   -3.65049735446317     -2.32950319853079      0.00481880163886      o
   -0.12067791084608     -4.32872006355583      0.00476210985487      o
    3.85103509168499      6.79931021516786     -0.06266331856649      n
    2.91080185426774      8.40134444158299      0.33024853898310      h
    5.70852249674361      6.81673349011307      0.33021074446044      h
   -2.05254493649507     12.57280149636008     -1.62720537850517      c
   -4.62143864153981     11.68206018636310     -0.64401866608743      c
   -5.41015363762229     13.08967938822696      1.75525322126950      c
   -3.36881477709524     12.97421712150765      3.79961564360918      c
   -0.79990217478916     13.86493953424329      2.81641003393011      c
   -0.01118717870668     12.45733922964076      0.41713814657318      c
   -2.23246576160711     14.51844462551781     -2.26683987996430      h
   -1.48914198723654     11.35844458610643     -3.18749555464486      h
   -6.03468922727967     12.01979204083242     -2.09840858974020      h
   -4.50191346363480      9.67420727291078     -0.21841454643892      h
   -5.75196730053865     15.06015351877081      1.27862649603308      h
   -7.12525017856797     12.22596116193025      2.48984646090614      h
   -3.18889395198319     11.02857399234992      4.43923124780698      h
   -3.93221772635376     14.18857403176129      5.35988692248754      h
   -0.91946514721684     15.87279244769562      2.39080591428160      h
    0.61331061642804     13.52722657703530      4.27079995758288      h
    0.33058868968701     10.48686509909692      0.89376487180959      h
    1.70389046497767     13.32103855867615     -0.31745509306346      h
    9.81839337684995      0.98301663706578     -4.72654520905091      c
   11.91910743247228     -0.17041550266363     -3.10918530369808      c
   12.62588390343283     -2.83226483618502     -3.98941973639621      c
   10.31747004854505     -4.56470906303059     -4.16261313647518      c
    8.21673709566140     -3.41127692330118     -5.77997304182801      c
    7.50996062470083     -0.74940869251846     -4.89975750639121      c
   10.54714736273597      1.29801508615649     -6.62301766423096      h
    9.24040174184555      2.76493389407030     -3.87962664807555      h
   13.58374828566991      1.02893698209490     -3.24137164669343      h
   11.26752986185330     -0.27376462487114     -1.16193590732740      h
   13.48999897221745     -2.70109894530142     -5.85030864849402      h
   13.95313305286507     -3.63902671683655     -2.64221507900071      h
    9.58871606265903     -4.87968861485997     -2.26614068129513      h
   10.89546168354945     -6.34662632003510     -5.00953169745054      h
    8.86831466628036     -3.30792780109366     -7.72724133546003      h
    6.55209624246376     -4.61062940805971     -5.64780559609399      h
    6.64584555591622     -0.88057458340205     -3.03883079977075      h
    6.18273037252993      0.05733429087175     -6.24692436926406      h
    4.74481886075592     14.71854772572907     -8.31897127945051      c
    6.74361998603172     16.67887402693932     -7.59696361585889      c
    8.92134038156914     15.50456041344152     -6.10079184740801      c
    7.98161737020776     14.01970810452663     -3.80475569869063      c
    5.98279734767063     12.05938180331638     -4.52678225954357      c
    3.80507695213322     13.23371431407550     -6.02293513073312      c
    5.57304803027704     13.39906535070300     -9.66062014201533      h
    3.14690423731047     15.69239919105035     -9.17048187492878      h
    7.50158913793215     17.50910630616130     -9.31822066399778      h
    5.85575105975673     18.12636645020706     -6.43799457856012      h
    9.95088207602656     14.22306153368645     -7.33550110811283      h
   10.15744803961229     17.01197605238307     -5.44732455065616      h
    7.15336930342531     15.33919047955270     -2.46312573338713      h
    9.57953199365321     13.04583774194401     -2.95322620595103      h
    6.87068517120695     10.61188938004863     -5.68573239958101      h
    5.22482819577020     11.22914952409440     -2.80550631414335      h
    2.77553525767579     14.51519429656924     -4.78824476728963      h
    2.56896929409006     11.72629867513395     -6.67640242748498      h
    3.82835837809037      6.11105306030958     11.51277851937920      c
    3.77302719691948      3.22200195383135     11.41392694536796      c
    5.20404120830846      2.18909654685739      9.12373005040119      c
    4.29032082853559      3.37499418154977      6.65011633697654      c
    4.34568980422914      6.26408308255066      6.74896791098779      c
    2.91465689557883      7.29696959226329      9.03918370321589      c
    5.76149152024839      6.71977164223470     11.85839053182266      h
    2.59950726839749      6.74008619816322     13.03620013866630      h
    4.65088057469017      2.48922285128228     13.12244723937119      h
    1.81498746433002      2.60589454272664     11.29776547997947      h
    7.20344704594678      2.60869133740331      9.35433333039722      h
    4.90865811647710      0.15675278272286      9.02635246277359      h
    2.35718768637757      2.76627559962465      6.30450432453308      h
    5.51919083548980      2.74597994095746      5.12669471768945      h
    6.30372953681860      6.88015269913271      6.86514827363760      h
    3.46781752919712      6.99684328783840      5.04044761698455      h
    0.91523216067917      6.87737480171737      8.80856152595852      h
    3.21003998741018      9.32931335639782      9.13654239358215      h
  -11.65552843145739      2.99990244143330     -7.24713751413910      c
   -9.49923753026689      4.63453444364071     -6.22836725863912      c
   -6.95275597715817      3.27113483328638     -6.35711430007262      c
   -7.04518248231761      0.68005574344156     -5.07748624918911      c
   -9.20149228076943     -0.95459515602718     -6.09621871016643      c
  -11.74799273113948      0.40880445432715     -5.96749056599426      c
  -11.37554660760905      2.72621340560747     -9.26545951036761      h
  -13.43525360614776      3.96844377632118     -6.89899326867758      h
   -9.38439887317143      6.34883729961058     -7.35734634220899      h
   -9.89742172372723      5.09865118187743     -4.26547092988814      h
   -6.44608260640888      3.01067388039075     -8.33252061582330      h
   -5.54148960385785      4.42403784969858     -5.40505137706350      h
   -7.32520210068861      0.95374477926738     -3.05914535569927      h
   -5.26547620488857     -0.28848559144632     -5.42561159738930      h
   -8.80330808730910     -1.41871189426390     -8.05913393617873      h
   -9.31631204060356     -2.66889801199705     -4.96725852385789      h
  -12.25464720462745      0.66928430448411     -3.99210314750491      h
  -13.15925910443981     -0.74407966482372     -6.91955348900337      h
   -8.53328512018107      3.61635000324193      3.67992039035220      c
   -9.27723250417549      4.85412062028202      6.18473348223079      c
  -11.68823959081764      6.43109707817509      5.93942813292091      c
  -11.50894237532945      8.35733271994809      3.79067723900063      c
  -10.76501388859636      7.11958100016932      1.28588304438336      c
   -8.35398790469288      5.54258564501492      1.53118839369325      c
   -9.95730714487837      2.21659206209087      3.19025455479887      h
   -6.69907914107961      2.71693485029500      3.91071264296152      h
   -9.59740880287030      3.37675162685336      7.57812304631402      h
   -7.74574175430098      6.08514491502772      6.78971040641280      h
  -13.26423339112161      5.16696478158124      5.55876170071242      h
  -11.99465868326504      7.44149584690639      7.70367645058294      h
  -10.08493924789347      9.75709066109914      4.28036197181528      h
  -13.34314835443091      9.25674787289501      3.55990388365263      h
  -12.29646684394821      5.88855670542362      0.68090612020135      h
  -10.44481869264021      8.59696889085931     -0.10750651969986      h
   -6.77797520712758      6.80671794160877      1.91183592864041      h
   -8.04756881224547      4.53220577354495     -0.23305992396879      h
$user-defined bonds
$end
