Header
  1      1(1)a  3.54600  0.49700 0.029270 0.430680 0.116980 0.014340 0.081380 0.203060 0.124280
  2      2(1)a  3.73700  0.00000 0.017450 0.039630 0.172030 0.000010 0.655820 0.011730 0.103340
  3      3(1)a  4.54400  0.00100 0.018480 0.053700 0.172230 0.000000 0.639060 0.017610 0.098920
  4      4(1)a  4.58500  0.01100 0.031420 0.101990 0.210250 0.002990 0.001460 0.549520 0.102360
  5      5(1)a  5.20400  0.02700 0.027310 0.303260 0.129720 0.002000 0.125410 0.294610 0.117670
  6      7(1)a  5.72300  0.00000 0.112660 0.025400 0.271830 0.071550 0.004220 0.433180 0.081160
  7      6(1)a  5.74800  0.28500 0.023000 0.080060 0.186860 0.000650 0.528940 0.068650 0.111830
  8      8(1)a  5.97000  0.02700 0.052230 0.170490 0.237940 0.040690 0.044970 0.349830 0.103840
  9      9(1)a  6.36600  0.00600 0.179830 0.114880 0.181540 0.121860 0.018860 0.297510 0.085510
 10     10(1)a  6.53100  0.00000 0.069470 0.083340 0.265630 0.038780 0.011420 0.445080 0.086270
 11     11(1)a  6.71600  0.05100 0.044200 0.404630 0.109580 0.004020 0.042700 0.247210 0.147650
 12     12(1)a  6.84700  0.00300 0.024200 0.092250 0.280100 0.013380 0.013420 0.488620 0.088030
 13     13(1)a  6.98700  0.60800 0.015190 0.018470 0.046960 0.008300 0.001340 0.826550 0.083190
 14     14(1)a  7.20900  0.01700 0.097680 0.348960 0.122700 0.069970 0.057280 0.213030 0.090390
 15     15(1)a  7.34700  0.00000 0.049970 0.135590 0.047090 0.008690 0.019390 0.657880 0.081410
