3
     1(1)a  0.87572  0.08138  0.03685  0.00409  0.32584  0.20306  0.02518  0.10484  0.08013  0.01434
     2(1)a  0.89666  0.65582  0.17195  0.01632  0.03945  0.01173  0.00113  0.00018  0.00008  0.00001
     3(1)a  0.90108  0.63906  0.17219  0.01671  0.05361  0.01761  0.00177  0.00009  0.00004  0.00000
     4(1)a  0.89764  0.00146  0.07134  0.00092  0.10051  0.54952  0.03050  0.00148  0.13891  0.00299
     5(1)a  0.88233  0.12541  0.05855  0.00423  0.30185  0.29461  0.02308  0.00141  0.07117  0.00200
     7(1)a  0.91884  0.00422  0.06981  0.01345  0.01900  0.43318  0.09921  0.00640  0.20202  0.07155
     6(1)a  0.88817  0.52894  0.16794  0.01658  0.07982  0.06865  0.00642  0.00024  0.01892  0.00065
     8(1)a  0.89616  0.04497  0.04398  0.00486  0.15121  0.34983  0.04737  0.01928  0.19396  0.04069
     9(1)a  0.91449  0.01886  0.05354  0.02110  0.08538  0.29751  0.15873  0.02950  0.12800  0.12186
    10(1)a  0.91373  0.01142  0.06896  0.00849  0.06014  0.44508  0.06098  0.02320  0.19667  0.03878
    11(1)a  0.85235  0.04270  0.05454  0.00914  0.27153  0.24721  0.03506  0.13310  0.05504  0.00402
    12(1)a  0.91197  0.01342  0.08135  0.00301  0.06700  0.48862  0.02119  0.02525  0.19875  0.01338
    13(1)a  0.91681  0.00134  0.01858  0.00047  0.01485  0.82655  0.01472  0.00362  0.02838  0.00830
    14(1)a  0.90961  0.05728  0.03674  0.01124  0.25741  0.21303  0.08644  0.09155  0.08596  0.06997
    15(1)a  0.91859  0.01939  0.02276  0.00183  0.11182  0.65788  0.04814  0.02377  0.02433  0.00869
