$coord
    2.62715396172161      0.00000000000000      0.00000000000000      c
    0.00000000000000      0.00000000000000      0.00000000000000      c
   -1.34248034206329      2.25824162605967      0.00000000000000      c
   -0.06302236653174      4.51094635454999      0.00056691783987      c
    2.59336565846561      4.55873752845067      0.00249443849541      c
    3.90971108811109      2.25090948866408      0.00056691783987      c
    3.63910230588187     -1.77057890020720      0.00147398638365      h
   -3.38155153123089      2.22333838438527      0.00147398638365      h
   -1.09938597232888      6.27304038442054     -0.00066140414651      h
    5.95399792140545      2.26052819468046     -0.00058581510119      h
   -1.34232916397266     -2.35962543308899      0.00300466455129      n
   -3.65236818333473     -2.32113171176211      0.00430857558298      o
   -0.12880373321749     -4.32558311817524      0.00430857558298      o
    3.85736567423016      6.78060192645229     -0.03705752946589      n
    2.92680783461328      8.41653783969139      0.21238632007502      h
    5.73909826557370      6.81669569559041      0.21240521733635      h
    2.23548932341973     -7.89055146786400     -3.35638037914085      o
    2.15910659312849     -6.32466770237097     -4.41160345174419      h
    1.50325824144920     -7.53679473578781     -1.65054349624631      h
   -7.49537193895496      0.37191700021322      3.44440382241066      o
   -6.53618474842486     -0.94501424453345      2.48680400183219      h
   -6.29019909770714      1.41566943518995      4.45903557767962      h
    0.17623585915292     11.19141169322067     -2.31973331442377      o
    1.38962900907879     12.05707633743426     -1.15798637970966      h
   -1.58103936907877     11.38297323131129     -1.65150725657408      h
    9.60687633079606      8.14366138610271      1.52234447539135      o
    9.24098755694674      9.72611804978114      2.48837247452249      h
    9.85713276257411      8.56378529996584     -0.30307427719220      h
    7.32996421054348      1.15441479731851     -4.83656506450752      o
    5.80238519376404      2.13191343407627     -4.30521187046273      h
    6.99062608886120     -0.69521134702730     -4.64934989652253      h
    3.82561827519768     12.57066610582992      1.89900468819811      o
    5.58935636680384     12.55203340615966      2.57732188359741      h
    2.69930370547518     13.50009010976706      3.09854614556993      h
    3.81513029516017      9.01688493484783     -5.75750419810800      o
    4.83650837272353     10.54002309521499     -6.21368408658660      h
    2.47253656952890      9.50617282517458     -4.52084851948631      h
    8.94872251323465      9.17503611490903     -3.43408591772511      o
    7.27542671434840     10.05336192421295     -3.43382135606650      h
   10.02055627854606      9.86240509848486     -4.83051794088228      h
   -5.66607924779900      9.32207570530886     -1.45743238272672      o
   -5.54545802873691      7.59359990334235     -2.21181105497467      h
   -7.04960444146856     10.28632736187509     -2.31026578649801      h
   -3.16976992351839     -6.19497579787103      5.13657798536444      o
   -2.97259589881310     -4.32539414556195      5.32906548926017      h
   -3.45976729587102     -6.61360682808919      3.31671502761158      h
   11.18916291912254      3.50028302416009      2.60802993325680      o
   10.24666201034582      5.10811870980318      2.29529915552556      h
   12.33097324313470      3.14473105225766      1.14475829677946      h
    4.76411296457268     -6.00343315704174      3.30314679397746      o
    3.28079133382542     -7.13844046697552      3.01520922310967      h
    6.16751807716020     -6.49283443093647      2.13607083156862      h
   -4.22625911263077     -8.38339204332058      0.34614113576066      o
   -3.68145106851984     -8.10926837048419     -1.44256023806091      h
   -4.18693391180542    -10.23120405057882      0.74031910981928      h
    7.72803502043584     -4.43547069280254     -3.92868393848527      o
    5.97332981974487     -5.13542525242338     -3.88013687413143      h
    8.72943869277460     -5.14587543793824     -2.49207633774294      h
    6.02928461053962      1.51232892688705      7.23105594474824      o
    6.71491504607319      1.02188830361924      5.53971326129293      h
    4.23177711293879      2.06535727967603      7.04571160563482      h
   -9.13695813333139     -6.05328413242727      1.21299630743797      o
   -9.81334780807514     -5.32483250272251     -0.39419687131995      h
   -7.37044214430989     -6.66366567334933      0.93344912060019      h
   11.59547293495428      4.34053085188636     -3.50398688738055      o
   10.51473855955698      2.79061527221622     -3.53732165636465      h
   10.59966285196886      5.81642585893138     -4.13753647069179      h
$user-defined bonds
$end
