3.714	0.000
4.224	0.433
4.410	0.000
4.652	0.012
5.533	0.014
5.806	0.002
5.961	0.294
6.223	0.004
6.507	0.007
6.765	0.003
3.734	0.000
4.171	0.457
4.395	0.001
4.637	0.014
5.520	0.026
5.932	0.126
5.988	0.173
6.195	0.002
6.298	0.000
6.632	0.006
3.712	0.000
4.245	0.501
4.401	0.000
4.656	0.012
5.565	0.005
5.937	0.024
5.999	0.289
6.254	0.005
6.589	0.008
6.685	0.001
3.706	0.000
4.222	0.432
4.432	0.000
4.628	0.014
5.558	0.006
5.982	0.352
6.048	0.000
6.209	0.005
6.522	0.007
6.831	0.004
3.707	0.000
4.238	0.415
4.437	0.000
4.619	0.015
5.541	0.009
5.887	0.002
5.970	0.315
6.213	0.005
6.392	0.006
6.515	0.000
3.718	0.000
4.259	0.468
4.434	0.001
4.654	0.014
5.556	0.019
5.647	0.000
5.950	0.327
6.268	0.007
6.577	0.002
6.646	0.003
3.711	0.000
4.265	0.467
4.438	0.000
4.644	0.015
5.573	0.008
5.863	0.006
6.009	0.322
6.254	0.005
6.583	0.002
6.745	0.001
3.729	0.000
4.182	0.448
4.416	0.000
4.624	0.012
5.513	0.029
5.843	0.001
5.922	0.225
6.177	0.005
6.405	0.004
6.514	0.003
3.726	0.000
4.280	0.439
4.429	0.003
4.651	0.013
5.579	0.014
5.735	0.001
5.992	0.328
6.257	0.005
6.492	0.000
6.611	0.008
3.706	0.000
4.233	0.406
4.429	0.000
4.631	0.011
5.539	0.010
5.961	0.280
5.994	0.009
6.226	0.002
6.417	0.009
6.520	0.000
