3.745	0.003
3.778	0.505
4.474	0.000
4.586	0.009
5.306	0.025
5.820	0.004
5.846	0.271
6.026	0.041
6.473	0.001
6.717	0.001
3.710	0.000
3.962	0.528
4.478	0.000
4.615	0.012
5.420	0.013
5.714	0.006
5.818	0.269
6.115	0.016
6.358	0.006
6.536	0.004
3.665	0.000
3.965	0.404
4.462	0.001
4.597	0.012
5.393	0.019
5.837	0.113
5.891	0.130
6.080	0.008
6.494	0.008
6.683	0.000
3.723	0.000
3.777	0.371
4.483	0.000
4.579	0.009
5.260	0.035
5.857	0.251
5.937	0.009
6.060	0.020
6.457	0.006
6.723	0.017
3.675	0.000
3.957	0.452
4.450	0.001
4.597	0.013
5.426	0.017
5.866	0.231
6.013	0.011
6.169	0.009
6.516	0.005
6.652	0.003
3.700	0.000
3.800	0.457
4.454	0.001
4.544	0.016
5.335	0.028
5.720	0.003
5.878	0.249
5.944	0.029
6.520	0.003
6.716	0.000
3.749	0.000
3.828	0.510
4.446	0.000
4.600	0.007
5.337	0.023
5.859	0.226
5.974	0.009
6.044	0.021
6.559	0.007
6.701	0.002
3.678	0.000
3.872	0.434
4.484	0.001
4.599	0.008
5.355	0.028
5.767	0.001
5.862	0.261
6.094	0.023
6.415	0.004
6.770	0.000
3.722	0.000
3.881	0.472
4.511	0.000
4.623	0.008
5.367	0.019
5.812	0.001
5.863	0.285
6.130	0.027
6.447	0.008
6.763	0.000
3.670	0.000
4.071	0.499
4.414	0.002
4.633	0.010
5.456	0.005
5.854	0.053
5.903	0.217
6.204	0.004
6.334	0.007
6.635	0.000
