3.353	0.468
3.823	0.000
4.478	0.011
4.579	0.001
5.051	0.040
5.814	0.034
5.844	0.205
6.048	0.006
6.384	0.040
6.772	0.000
3.053	0.459
3.958	0.000
4.402	0.000
4.650	0.001
4.913	0.049
5.800	0.043
5.846	0.201
6.079	0.051
6.135	0.002
6.535	0.008
3.019	0.457
3.858	0.000
4.359	0.000
4.626	0.001
4.902	0.045
5.762	0.133
5.786	0.118
6.015	0.052
6.111	0.005
6.224	0.015
3.065	0.454
3.802	0.000
4.344	0.001
4.545	0.001
4.919	0.045
5.715	0.171
5.757	0.036
6.039	0.018
6.119	0.027
6.421	0.019
3.248	0.455
3.937	0.000
4.427	0.000
4.645	0.000
5.012	0.047
5.820	0.184
5.826	0.053
6.171	0.040
6.227	0.010
6.428	0.002
3.249	0.450
3.816	0.000
4.407	0.007
4.540	0.001
4.938	0.046
5.739	0.050
5.789	0.186
5.961	0.003
6.227	0.044
6.556	0.002
3.346	0.444
3.793	0.000
4.394	0.001
4.599	0.001
5.058	0.046
5.834	0.197
5.908	0.004
6.118	0.057
6.364	0.003
6.590	0.007
2.924	0.475
3.925	0.000
4.272	0.001
4.689	0.002
4.796	0.048
5.719	0.122
5.755	0.087
5.918	0.078
6.074	0.005
6.097	0.013
3.289	0.441
3.889	0.000
4.458	0.001
4.645	0.000
4.963	0.053
5.841	0.224
5.882	0.038
6.141	0.001
6.349	0.048
6.536	0.002
3.252	0.468
3.959	0.000
4.457	0.001
4.747	0.001
4.961	0.054
5.830	0.131
5.851	0.078
6.020	0.002
6.268	0.051
6.543	0.002
