Header
  1      1(1)a  3.28900  0.44100 0.039190 0.493830 0.106590 0.010540 0.069310 0.211600 0.048930
  2      2(1)a  3.88900  0.00000 0.029270 0.046240 0.218180 0.000030 0.578470 0.016530 0.063060
  3      3(1)a  4.45800  0.00100 0.038870 0.317280 0.122470 0.001770 0.002920 0.442830 0.047850
  4      4(1)a  4.64500  0.00000 0.033140 0.060930 0.224520 0.000010 0.525370 0.023910 0.074510
  5      5(1)a  4.96300  0.05300 0.023380 0.278570 0.189410 0.002970 0.025810 0.405660 0.045390
  6      6(1)a  5.84100  0.22400 0.027570 0.022550 0.232800 0.000280 0.596100 0.020510 0.062800
  7      7(1)a  5.88200  0.03800 0.064570 0.171700 0.207380 0.030650 0.044540 0.371100 0.072100
  8      8(1)a  6.14100  0.00100 0.099040 0.047830 0.193950 0.038840 0.007160 0.339620 0.047600
  9      9(1)a  6.34900  0.04800 0.045610 0.469890 0.117680 0.007490 0.037500 0.232750 0.049690
 10     10(1)a  6.53600  0.00200 0.072990 0.200050 0.098550 0.028860 0.026970 0.178990 0.044200
