3
     1(1)a  0.95107  0.06931  0.03916  0.00612  0.37449  0.21160  0.03307  0.11934  0.06743  0.01054
     2(1)a  0.93694  0.57847  0.21790  0.02722  0.04526  0.01653  0.00205  0.00098  0.00028  0.00003
     3(1)a  0.95215  0.00292  0.04543  0.00114  0.31403  0.44283  0.03773  0.00325  0.07704  0.00177
     4(1)a  0.92549  0.52537  0.22439  0.03017  0.06061  0.02391  0.00297  0.00032  0.00013  0.00001
     5(1)a  0.95461  0.02581  0.06108  0.00334  0.27441  0.40566  0.02004  0.00416  0.12833  0.00297
     6(1)a  0.93720  0.59610  0.22488  0.02566  0.02208  0.02051  0.00191  0.00047  0.00792  0.00028
     7(1)a  0.92790  0.04454  0.04924  0.00709  0.15736  0.37110  0.05748  0.01434  0.15814  0.03065
     8(1)a  0.95240  0.00716  0.05281  0.01257  0.03698  0.33962  0.08647  0.01085  0.14114  0.03884
     9(1)a  0.95031  0.03750  0.05087  0.00901  0.29853  0.23275  0.03660  0.17136  0.06681  0.00749
    10(1)a  0.95580  0.02697  0.02957  0.00921  0.14981  0.17899  0.06378  0.05024  0.06898  0.02886
