$coord
    2.61980292706468      0.00000000000000      0.00000000000000      c
    0.00000000000000      0.00000000000000      0.00000000000000      c
   -1.34720465739550      2.24684657747837      0.00000000000000      c
   -0.06734983937604      4.50578740220721      0.00024566439728      c
    2.58047772623933      4.55601632281931      0.00156847269030      c
    3.89895854641497      2.25931876995542      0.00024566439728      c
    3.62632775722356     -1.77388592093975      0.00160626721295      h
   -3.38618136025646      2.19784597885265      0.00158736995162      h
   -1.10855114407338      6.26582163059291     -0.00398732214039      h
    5.94392568111717      2.27145081172854     -0.00394952761773      h
   -1.34909438352839     -2.38186750967305      0.00328812347122      n
   -3.65049735446317     -2.32950319853079      0.00481880163886      o
   -0.12067791084608     -4.32872006355583      0.00476210985487      o
    3.85103509168499      6.79931021516786     -0.06266331856649      n
    2.91080185426774      8.40134444158299      0.33024853898310      h
    5.70852249674361      6.81673349011307      0.33021074446044      h
   12.20026088652300      5.65774555555297     -2.42943191643778      c
   10.23940546199554      7.20042348413417     -0.96833346501326      c
   11.45873235197868      9.32400322596441      0.56905323039585      c
   13.56615493537274      8.34387786988194      2.28900636750305      c
   15.52701035990020      6.80119994130075      0.82790791607853      c
   14.30768346991707      4.67762019947050     -0.70947877933059      c
   13.03637021401826      6.85764606089004     -3.87446769573278      h
   11.25791115583692      4.04909728767274     -3.29583355384319      h
    8.92481747765365      8.03328248268086     -2.31175867014299      h
    9.24310405021557      5.94541856476215      0.31983614799090      h
   12.25901247199442     10.70061202198761     -0.73151298604003      h
   10.01297847675318     10.20300933667617      1.73701736408715      h
   12.73004560787749      7.14395846728354      3.73404214679804      h
   14.50850466605883      9.95250724050084      3.15540800490846      h
   16.52331177168017      8.05620486067276     -0.46026169692563      h
   16.84157944698077      5.96834094275406      2.17133312120826      h
   13.50740334990133      3.30099250618597      0.59108743710530      h
   15.75343734514256      3.79861408875875     -1.87744291302189      h
    6.51932839131952     -0.33990503952214      8.19702725209540      c
    4.68846722747327     -1.58606604059225      6.33836821683439      c
    5.98049188178851     -3.62706475041539      4.74942979252016      c
    8.35326980876238     -2.63263416750698      3.42996631475542      c
   10.18411207534731     -1.38645426917554      5.28864424727775      c
    8.89210631829339      0.65452554338627      6.87758267159198      c
    7.08276913510071     -1.73420167214915      9.59899617282193      h
    5.56231438584225      1.23726039098422      9.10439815206177      h
    3.15913076539025     -2.45314797940550      7.40417375578190      h
    3.94850716561924     -0.14138930926250      5.07650359160001      h
    6.51781661041321     -5.17979602202353      5.98523509438205      h
    4.65760799972325     -4.28041866359927      3.31758430163271      h
    7.78982906498120     -1.23835643214129      2.02801629129021      h
    9.31026491697833     -4.20979959801333      2.52261431205037      h
   10.92409103446267     -2.83114989776661      6.55050887251214      h
   11.71346743469166     -0.51935343310096      4.22281981106892      h
    8.35478158966869      2.20723791773309      5.64177736973009      h
   10.21499020035866      1.30787945657015      8.30942816247944      h
   -0.89015549489578     -2.80093317690177     -7.62241822686886      c
   -0.70766464224302      0.04525894088261     -7.14741666610672      c
   -3.16068034081921      1.12108002833441     -6.05876433821263      c
   -5.45605508539009      0.43860543544276     -7.67901552454878      c
   -5.63854593804285     -2.40754888781897     -8.15403598257225      c
   -3.18554913672799     -3.48336997527076     -9.24266941320501      c
   -1.05578999044321     -3.75995029207991     -5.81141808467923      h
    0.81056023017864     -3.41409261523918     -8.60118298013565      h
    0.81305466867405      0.39168353556321     -5.80799768037871      h
   -0.31331659283244      0.98547328103853     -8.93279212193442      h
   -3.43557880137009      0.35107332096749     -4.17242081510486      h
   -3.00026148939855      3.16918410841720     -5.97646676512546      h
   -5.29043948710399      1.39764144788222     -9.49001566673841      h
   -7.15677081046451      1.05180266830282     -6.70025077128199      h
   -6.03289398745343     -3.34776322797489     -6.36864162948322      h
   -7.15926524895992     -2.75397348249956     -9.49345496830026      h
   -2.91063177891578     -2.71338216516518    -11.12901293631279      h
   -3.34598688540998     -5.53147405535355     -9.32498588355351      h
   -2.36484107721575     15.17794014863357      4.71123842737454      c
   -0.53791054372590     13.65013436471818      3.07182541805093      c
   -1.57931971829785     13.21099980595822      0.41052410510808      c
   -4.22406703031662     12.04373487093608      0.46105538190144      c
   -6.05097866654515     13.57152175759014      2.10046839122505      c
   -5.00958838923452     14.01063741908878      4.76176970416790      c
   -2.50109033139681     17.08074318635878      3.94484109692144      h
   -1.63444302959412     15.23346030241775      6.63220173323678      h
    1.23255497291333     14.68440037450782      2.92212131380373      h
   -0.22406482757625     11.82460222856666      3.96400291990890      h
   -1.67762327173056     15.01908976990320     -0.56308169581594      h
   -0.31564095597589     11.93195757017590     -0.58662768343169      h
   -4.08779887887424     10.14089403868821      1.22745271235454      h
   -4.95444618067692     11.98819581989058     -1.45990792396080      h
   -6.36482438269479     15.39707279100299      1.20830978662841      h
   -7.82144418318438     12.53725574780050      2.25017249547225      h
   -4.91126593854049     12.20256635240512      5.73539440235324      h
   -6.27324825429515     15.28967965487109      5.75892149270767      h
   -3.96048802930173    -12.38156121171205     -0.60006363623651      c
   -3.99884946979931     -9.49608168762497     -0.77892621471413      c
   -3.24114487955748     -8.56391758079515     -3.40893366289640      c
   -0.70883627244540     -9.66831132737617     -4.26184265571300      c
   -0.67045593468650    -12.55379085146325     -4.08298007723538      c
   -1.42817942218965    -13.48595495829308     -1.45293483453046      c
   -5.44528364643264    -13.13450369209901     -1.80644590220937      h
   -4.28788308182417    -12.92300554330645      1.35608637022007      h
   -5.90352333639608     -8.83779558923426     -0.37208707556518      h
   -2.67252628617219     -8.73488110403731      0.59518814281366      h
   -4.69128291941127     -9.13278183857771     -4.75065811450653      h
   -3.08061264456885     -6.51479304860060     -3.35862915323898      h
    0.77595934468550     -8.91536884698922     -3.05546038974014      h
   -0.38144121992297     -9.12686699578178     -6.21799266216958      h
   -1.99679801557494    -13.31499143505091     -5.45705664024052      h
    1.23418013738761    -13.21207694985396     -4.48981921638433      h
    0.02197751492546    -12.91707180324918     -0.11124817744298      h
   -1.58871165717829    -15.53506059322630     -1.50327713871053      h
  -13.29342965987469     -6.27390965844166     -1.04021864710823      c
  -10.56872803517352     -5.50951543768942     -1.63260999524522      c
  -10.14072396333625     -2.67097671074323     -1.28701688006310      c
  -12.05520550856270     -1.09743955441201     -2.77648012074223      c
  -14.77990713326386     -1.86183377516425     -2.18406987534391      c
  -15.20789230783980     -4.70037250211045     -2.52968188778737      c
  -13.63280557607962     -5.99307745783353      0.96801221157067      h
  -13.54293020119958     -8.25351116620735     -1.53555366106022      h
   -9.31069955398889     -6.52314563810795     -0.36122115030109      h
  -10.15771260127090     -6.00284734194055     -3.58573643988918      h
  -10.32805251488921     -2.21655426756822      0.70927090945597      h
   -8.25088444688264     -2.20602849300804     -1.94985721843406      h
  -11.71582959235777     -1.37827175502014     -4.78469208215980      h
  -11.80566717271515      0.88218085061500     -2.28116400405158      h
  -15.19092256716649     -1.36850187091313     -0.23096232796128      h
  -16.03791671718717     -0.84820357474572     -3.45547761754937      h
  -15.02056375628685     -5.15479494528546     -4.52596967730643      h
  -17.09775072155475     -5.16532071984563     -1.86684154941640      h
$user-defined bonds
$end
