Header
  1      1(1)a  3.70500  0.00000 0.030220 0.054110 0.215550 0.000050 0.635770 0.017970 0.046340
  2      2(1)a  4.37500  0.45200 0.040690 0.454410 0.115970 0.010080 0.050940 0.282220 0.045700
  3      3(1)a  4.43300  0.00100 0.027230 0.088340 0.211900 0.000120 0.597370 0.030590 0.044460
  4      4(1)a  4.68700  0.01100 0.033710 0.080700 0.206190 0.002720 0.001940 0.625510 0.049240
  5      5(1)a  5.61500  0.00000 0.041190 0.189050 0.177880 0.001300 0.326680 0.218830 0.045070
  6      6(1)a  5.63100  0.00100 0.301530 0.006310 0.199230 0.160410 0.000870 0.287290 0.044370
  7      7(1)a  6.04900  0.31000 0.037990 0.205150 0.184160 0.002150 0.308170 0.213150 0.049230
  8      8(1)a  6.35600  0.00200 0.063440 0.237550 0.193850 0.031260 0.041060 0.384050 0.048780
  9      9(1)a  6.53100  0.00200 0.174420 0.028270 0.247420 0.069390 0.003520 0.429830 0.047160
 10     10(1)a  6.54100  0.00700 0.127710 0.079130 0.233740 0.060990 0.008410 0.438290 0.051740
