3
     1(1)a  0.95366  0.63577  0.21520  0.02789  0.05308  0.01797  0.00233  0.00103  0.00035  0.00005
     2(1)a  0.95430  0.05094  0.03889  0.00507  0.35317  0.28222  0.03562  0.10124  0.07708  0.01008
     3(1)a  0.95554  0.59737  0.21111  0.02390  0.08787  0.03059  0.00333  0.00047  0.00079  0.00012
     4(1)a  0.95076  0.00194  0.06977  0.00154  0.07786  0.62551  0.03217  0.00284  0.13642  0.00272
     5(1)a  0.95493  0.32668  0.14377  0.01641  0.18760  0.21883  0.02478  0.00145  0.03411  0.00130
     6(1)a  0.95563  0.00087  0.03527  0.02953  0.00472  0.28729  0.27200  0.00159  0.16396  0.16041
     7(1)a  0.95077  0.30817  0.13461  0.01598  0.20339  0.21315  0.02201  0.00176  0.04955  0.00215
     8(1)a  0.95122  0.04106  0.03921  0.00561  0.20729  0.38405  0.05783  0.03026  0.15464  0.03126
     9(1)a  0.95284  0.00352  0.05331  0.01832  0.02157  0.42983  0.15610  0.00670  0.19411  0.06939
    10(1)a  0.94826  0.00841  0.07097  0.01320  0.05650  0.43829  0.11451  0.02263  0.16277  0.06099
