Header
  1      1(1)a  3.67500  0.00000 0.022270 0.051640 0.214510 0.000020 0.622170 0.017540 0.050160
  2      2(1)a  3.95700  0.45200 0.045120 0.424520 0.130010 0.012590 0.054870 0.264070 0.049260
  3      3(1)a  4.45000  0.00100 0.025240 0.064750 0.218260 0.000020 0.580830 0.021370 0.059420
  4      4(1)a  4.59700  0.01300 0.033660 0.096380 0.217230 0.003970 0.001860 0.572660 0.048600
  5      5(1)a  5.42600  0.01700 0.046820 0.278190 0.150880 0.001310 0.130950 0.301780 0.065050
  6      6(1)a  5.86600  0.23100 0.045200 0.109510 0.249290 0.000670 0.333510 0.114410 0.109830
  7      7(1)a  6.01300  0.01100 0.098900 0.108960 0.171710 0.026790 0.016790 0.381890 0.114110
  8      8(1)a  6.16900  0.00900 0.068470 0.113390 0.162010 0.019810 0.020470 0.356530 0.112600
  9      9(1)a  6.51600  0.00500 0.161340 0.091210 0.135070 0.045780 0.010760 0.287930 0.068630
 10     10(1)a  6.65200  0.00300 0.113530 0.039630 0.176950 0.034390 0.005990 0.376930 0.062750
