3
     1(1)a  0.94984  0.62217  0.21423  0.02059  0.05077  0.01754  0.00168  0.00087  0.00028  0.00002
     2(1)a  0.95074  0.05487  0.04441  0.00652  0.31858  0.26407  0.03860  0.10594  0.08560  0.01259
     3(1)a  0.94058  0.58083  0.21809  0.02330  0.06437  0.02137  0.00194  0.00038  0.00017  0.00002
     4(1)a  0.95140  0.00186  0.07537  0.00218  0.09373  0.57266  0.03148  0.00265  0.14186  0.00397
     5(1)a  0.93495  0.13095  0.11116  0.01506  0.27635  0.30178  0.03176  0.00184  0.03972  0.00131
     6(1)a  0.89017  0.33351  0.23138  0.03178  0.10873  0.11441  0.01342  0.00078  0.01791  0.00067
     7(1)a  0.88589  0.01679  0.05660  0.01287  0.09118  0.38189  0.08603  0.01778  0.11511  0.02679
     8(1)a  0.88740  0.02047  0.04961  0.00838  0.09992  0.35653  0.06009  0.01347  0.11240  0.01981
     9(1)a  0.93137  0.01076  0.04264  0.02062  0.07005  0.28793  0.14072  0.02116  0.09243  0.04578
    10(1)a  0.93725  0.00599  0.05548  0.01399  0.03285  0.37693  0.09954  0.00678  0.12147  0.03439
