$coord
    2.62715396172161      0.00000000000000      0.00000000000000      c
    0.00000000000000      0.00000000000000      0.00000000000000      c
   -1.34248034206329      2.25824162605967      0.00000000000000      c
   -0.06302236653174      4.51094635454999      0.00056691783987      c
    2.59336565846561      4.55873752845067      0.00249443849541      c
    3.90971108811109      2.25090948866408      0.00056691783987      c
    3.63910230588187     -1.77057890020720      0.00147398638365      h
   -3.38155153123089      2.22333838438527      0.00147398638365      h
   -1.09938597232888      6.27304038442054     -0.00066140414651      h
    5.95399792140545      2.26052819468046     -0.00058581510119      h
   -1.34232916397266     -2.35962543308899      0.00300466455129      n
   -3.65236818333473     -2.32113171176211      0.00430857558298      o
   -0.12880373321749     -4.32558311817524      0.00430857558298      o
    3.85736567423016      6.78060192645229     -0.03705752946589      n
    2.92680783461328      8.41653783969139      0.21238632007502      h
    5.73909826557370      6.81669569559041      0.21240521733635      h
    1.53710323648918     11.07436205654973      0.84115489627006      o
    3.11270019430525     12.09360474358293      1.06450162791581      h
    0.12415500693059     11.88004679330553      1.80334675135144      h
    8.85586137106465      7.05015246204710      0.98394260287090      o
    9.74044217386842      8.72002785663283      0.99904151467265      h
    9.82685934992528      5.81361016699338      2.03251383948648      h
    0.08037005243163     -5.45114179744458      4.97634810655707      o
    0.47286617023197     -4.88182400539013      3.21765558372571      h
    1.66745654513563     -6.03933795356657      5.81682270141928      h
   -8.50399436512134     -5.20345539320726      1.60093818525806      o
   -7.54796301723316     -3.78778595801731      0.79274011274553      h
   -8.82961307507887     -6.55504421523106      0.32091329188664      h
    3.18564362303463     -8.34871556878213     -1.43057937437842      o
    4.36362330523023     -8.55584845020772     -2.89368093550380      h
    3.43155368470704     -6.64032755560819     -0.66098840676074      h
    1.71503984916169      7.50604889160576      5.66241317910120      o
    2.35476883692747      7.34716071835274      7.43348340810295      h
    3.17525012930376      7.72155325980004      4.48229810637544      h
    8.64287033862711     -1.64825692762552      1.79062889447712      o
    7.65000822840899     -0.66427653023196      3.06235789012517      h
   10.01486820288607     -2.60714176197435      2.66780197083998      h
   -3.32748646656903     -5.96352214111520     -5.21469926369793      o
   -1.83658703402890     -4.95680833834303     -5.79357906998479      h
   -4.23224954447202     -5.02079446520254     -3.84944772173337      h
   -2.71103890476040      2.34781464475845      5.72887484719479      o
   -3.66829857463495      3.49835550350455      4.57506476223880      h
   -1.70959743789898      3.37786656527176      6.95666771025325      h
   -1.88364121473775     11.30649601471341     -3.32741087752371      o
   -0.51213467927334     10.74284740105761     -2.15585626417993      h
   -2.64967949722560     12.90681059034761     -2.67658919735790      h
    5.36978908742386     -2.81712812986060     -5.94759174981497      o
    6.76372667208562     -1.55666190196455     -6.14614527459727      h
    5.44033256396448     -3.56623446619780     -4.21405148181233      h
    8.52580180469484     -4.83473203015862     -2.19952783511092      o
    9.00422376975750     -6.38631056882570     -1.23257387017466      h
    8.24315546699914     -3.40505972432398     -0.99649038439326      h
    7.12700762387156      9.88521409290879      5.71164054486287      o
    7.85927650036475      9.30450125227303      4.06914728194266      h
    6.92764151685212      8.40576640073395      6.87043950680968      h
   -0.68954216862864      3.61430909901841     -5.88135684885733      o
    0.77934195446337      4.41887889735580     -5.00594121779806      h
   -2.23503578914784      4.66924871270182     -5.61722982726390      h
   -2.08107980110164     -9.76124805859149      2.43413733450867      o
   -1.91185482590173     -8.00085478224054      3.10028469361219      h
   -2.12288054316107     -9.71859693977226      0.54529937290548      h
   -6.11487030709801     -0.36091879411983     -5.31107529647510      o
   -4.74342046341758      0.23438273226181     -6.46698297743859      h
   -6.49111478015554      0.98229854113529     -4.03609597187849      h
   -8.32437589619056      3.21725874123781     -1.88209163930879      o
   -9.69881150716095      4.32681144016161     -2.55379479324299      h
   -8.90658162047130      2.38957759229522     -0.28610453651889      h
$user-defined bonds
$end
