$coord
    2.62715396172161      0.00000000000000      0.00000000000000      c
    0.00000000000000      0.00000000000000      0.00000000000000      c
   -1.34248034206329      2.25824162605967      0.00000000000000      c
   -0.06302236653174      4.51094635454999      0.00056691783987      c
    2.59336565846561      4.55873752845067      0.00249443849541      c
    3.90971108811109      2.25090948866408      0.00056691783987      c
    3.63910230588187     -1.77057890020720      0.00147398638365      h
   -3.38155153123089      2.22333838438527      0.00147398638365      h
   -1.09938597232888      6.27304038442054     -0.00066140414651      h
    5.95399792140545      2.26052819468046     -0.00058581510119      h
   -1.34232916397266     -2.35962543308899      0.00300466455129      n
   -3.65236818333473     -2.32113171176211      0.00430857558298      o
   -0.12880373321749     -4.32558311817524      0.00430857558298      o
    3.85736567423016      6.78060192645229     -0.03705752946589      n
    2.92680783461328      8.41653783969139      0.21238632007502      h
    5.73909826557370      6.81669569559041      0.21240521733635      h
    8.76205536582821      6.99053160255456      1.74185506298734      o
    7.69626872414203      8.10643378128486      2.83277506224089      h
    9.11711600893609      7.86413309652626      0.10416170444466      h
   -9.04623238169155     -2.56439615684848     -0.60578950641915      o
   -7.22398836901125     -2.12032941288168     -0.37443033596996      h
   -9.31682226665944     -3.22183187847939     -2.35677194662833      h
    0.25070996604994     -4.90351806139565     -5.29707242583042      o
   -0.10892381429953     -5.27086192436729     -3.47855117363191      h
   -0.06610262012834     -3.07312932908262     -5.64447967810011      h
   -3.22823805006987     -1.36763259689200      5.22154007229898      o
   -3.93958765827202     -2.16218684672510      3.66145776603391      h
   -1.99602322786046     -2.55307669731249      6.02631774051099      h
    0.58386868327768     10.92324065770287      1.53738669540912      o
    1.49390409709142     12.54186667956474      1.88823324924066      h
   -0.18681832549707     10.27464885437386      3.13632177096632      h
    1.33771823220842     -8.01347815280821      4.01619715569920      o
    0.84421625260533     -6.39428521310648      4.85642608616414      h
    0.72338716366862     -8.00837589224942      2.22906425456792      h
    7.23458973261674     -5.35021152468716     -3.16143623127237      o
    6.99145756835967     -3.48845333856823     -2.94691452066719      h
    7.55278181887202     -5.73798332715530     -4.98343457955539      h
    8.78922962761910      7.74101743896876     -4.99033207994042      o
    8.36884115209736      9.40320164819365     -5.78513199417079      h
    7.19418738789564      6.79314970797465     -4.63147308730544      h
   -1.61140726803425     11.54938251457320     -3.39576227175019      o
   -0.31998732608153     12.42576190596025     -4.46134104356174      h
   -0.88087693958331     11.18785900809085     -1.69079466287677      h
    8.12208071366515     -0.68683986025862      3.77236579277297      o
    9.21369991158787      0.83775338923086      4.00744772370394      h
    6.60648256056821     -0.55522043510313      4.89354030741402      h
    5.80202614579879     10.14255699768515      4.48813736012606      o
    5.48553481306310     11.90485889743032      5.09262295551352      h
    4.48777831216081      8.98668711124432      5.20094205745052      h
    8.54141094255248     12.34841541534124      0.37913575404085      o
    7.42796540779493     12.16917489163703      1.89552759211360      h
    7.75770372072214     13.56358490783202     -0.83758331387890      h
   10.63568103206166      3.36649041395179      4.88668060155164      o
   10.24469669516762      3.91292362253700      6.65298872069852      h
   10.13817283305686      4.73312145599335      3.67997708213619      h
    9.34078399402443     -5.20175463968767      1.67701855936804      o
    8.69833380062730     -5.29512600791355     -0.09775553285417      h
    9.02988625064209     -3.47097337183903      2.36913075553740      h
   -1.86207943956153      7.55794077121480     -6.72729275224359      o
   -1.61373163117770      9.06025414959756     -5.60808355278074      h
   -3.50489395592433      6.72391014246572     -6.30662081780191      h
   -9.85932484488825      4.67903749407017     -2.89625096304452      o
  -11.41970950733459      5.73529991604660     -3.04039927246104      h
   -9.01142362632380      5.03028089038962     -1.24429017219855      h
   -2.50679730431812      9.79416708782636      5.55212876198599      o
   -3.86239234574364      9.28112534000923      6.76476602145871      h
   -0.86536228803232      9.01911481168464      6.07773718858681      h
$user-defined bonds
$end
