$coord
    2.61980292706468      0.00000000000000      0.00000000000000      c
    0.00000000000000      0.00000000000000      0.00000000000000      c
   -1.34720465739550      2.24684657747837      0.00000000000000      c
   -0.06734983937604      4.50578740220721      0.00024566439728      c
    2.58047772623933      4.55601632281931      0.00156847269030      c
    3.89895854641497      2.25931876995542      0.00024566439728      c
    3.62632775722356     -1.77388592093975      0.00160626721295      h
   -3.38618136025646      2.19784597885265      0.00158736995162      h
   -1.10855114407338      6.26582163059291     -0.00398732214039      h
    5.94392568111717      2.27145081172854     -0.00394952761773      h
   -1.34909438352839     -2.38186750967305      0.00328812347122      n
   -3.65049735446317     -2.32950319853079      0.00481880163886      o
   -0.12067791084608     -4.32872006355583      0.00476210985487      o
    3.85103509168499      6.79931021516786     -0.06266331856649      n
    2.91080185426774      8.40134444158299      0.33024853898310      h
    5.70852249674361      6.81673349011307      0.33021074446044      h
   14.84160669150258      6.76693920651153     -3.04516138231591      c
   12.26494621205168      6.29641629668433     -4.26949604655119      c
   10.38264670286827      8.40986710644231     -3.67778499982204      c
   10.15882753968930      8.89728416789750     -0.83658175902847      c
   12.73552581366286      9.36780707772470      0.38775290520681      c
   14.61782532284626      7.25437516522805     -0.20395814152235      c
   15.69801167766502      8.41394891488934     -3.92879732205324      h
   16.02017218879937      5.10785414814458     -3.33623589856429      h
   12.51520264382972      6.19108296203729     -6.30735781099374      h
   11.51000062196386      4.52415554021886     -3.55115445165737      h
   11.02407644415365     10.13599964800404     -4.59201560565078      h
    8.53566617510850      7.86536141851264     -4.39839426607532      h
    9.30244145078818      7.25027445951969      0.04707307797018      h
    8.98028093965384     10.55638812352578     -0.54550724278010      h
   13.49047140375067     11.14006783419017     -0.33058868968701      h
   12.48523158736216      9.47315930963307      2.42563356691068      h
   13.97637668429956      5.52822372640499      0.71029136156773      h
   16.46480585060603      7.79888085315772      0.51665112473093      h
  -11.15265341023519      3.09930203602309      6.78232157723322      c
  -10.42095145158187      0.38034517876589      7.43900140841098      c
   -7.55935806581447     -0.02322473417316      7.34765204714729      c
   -6.42563576965105      0.82463868986864      4.82662510504854      c
   -7.15735662556570      3.54357664986450      4.16994527387078      c
  -10.01893111407177      3.94714656280356      4.26133242965713      c
  -10.45957745373805      4.34277962598450      8.26569989976446      h
  -13.20117323006721      3.21561467950220      6.65368791936769      h
  -11.08292251593171     -0.03735988564715      9.34000920630995      h
  -11.30645822019075     -0.88456190554244      6.08151664085258      h
   -6.69316429828367      1.06967947751992      8.85829911777607      h
   -7.16984771530408     -2.02580531171474      7.60267058878020      h
   -7.11871172614819     -0.41885779735410      3.34326567977862      h
   -4.37711594981903      0.70828825186687      4.95527766017539      h
   -6.27183095969549      4.80846483691151      5.52744893869051      h
   -6.49536666395453      3.96128171427754      2.26895637323313      h
  -10.88512488160257      2.85424235111048      2.75066646176701      h
  -10.40844146458216      5.94972714034513      4.00629499076288      h
    9.35985133070525     -3.51659136068689     -0.90249540654353      c
    7.63502270017521     -3.59548742673487     -3.22162400860477      c
    9.14026515406394     -3.71986920080140     -5.68713079691934      c
   11.10113947585272     -1.60265783603899     -5.86729728642866      c
   12.82598700364409     -1.52376176999101     -3.54818758162874      c
   11.32072565249404     -1.39939889318581     -1.08266189605284      c
   10.34606160493561     -5.31462798160493     -0.75562589149565      h
    8.20239407431279     -3.19970318546330      0.76671858389569      h
    6.44099924311141     -5.26434236920884     -3.09591942624522      h
    6.48191181388839     -1.89342999610610     -3.24105039325084      h
   10.11577957838216     -5.52771350034911     -5.77084566460618      h
    7.83355732769617     -3.54104441684643     -7.26431512468703      h
   10.11494809888369      0.19535988761772     -6.01416680147653      h
   12.25859673224518     -1.91956490852391     -7.53653017412921      h
   13.97907899266959     -3.22581920061978     -3.52874229972135      h
   14.01999156344656      0.14507427522163     -3.67387326672697      h
   10.34521122817581      0.40846430362323     -0.99894702836601      h
   12.62745237612313     -1.57820477987944      0.49450353445352      h
   -3.70788833711891     -5.62839810870926     -7.54904016112891      c
   -2.01042294099305     -6.59960395744451     -5.41952667924141      c
    0.65142639252834     -7.22793789662898     -6.35751114256053      c
    0.60637532152035     -9.03330665494261     -8.61545041243894      c
   -1.09109007460551     -8.06210080620736    -10.74496389432644      c
   -3.75292051086557     -7.43376686702289     -9.80696053374599      c
   -2.99410098220534     -3.80617299329029     -8.17905595657165      h
   -5.62242657412934     -5.43292483752357     -6.82589866185756      h
   -1.87122571404469     -5.14387232823738     -3.97445310542376      h
   -2.85023613170876     -8.30460936084058     -4.63557379301380      h
    1.57529460163480     -5.48279471017042     -6.92998477725690      h
    1.69476308775583     -8.11773434355952     -4.82556685841412      h
   -0.10741203339322    -10.85553177036158     -7.98543461699619      h
    2.52091355853078     -9.22877992612830     -9.33859191171029      h
   -0.25125798662848     -6.35709540281129    -11.52893567781538      h
   -1.23026840429254     -9.51783243541449    -12.19001857088276      h
   -4.67680761723336     -9.17891005348145     -9.23448689904962      h
   -4.79627610335439     -6.54397042009235    -11.33892371515373      h
    8.88273327667428      6.32445983249636      9.14124781165304      c
    7.24343365091864      5.04948050789974      7.12959654867361      c
    8.63425318746115      2.88377877056748      5.81223066691637      c
   11.19065580276752      3.72298724892066      4.75370057358048      c
   12.82997432578448      4.99798547077861      6.76535183655990      c
   11.43913589198065      7.16366831084954      8.08271771831715      c
    9.21084642512722      4.98570225091485     10.66672923242497      h
    7.88843497459517      7.97976543859753      9.84679596062722      h
    5.55983884460817      4.29406248627870      8.03596589378955      h
    6.72525184802007      6.45211083277278      5.71853804524790      h
    8.95023429414096      1.37925441260924      7.17723654448366      h
    7.47101336910206      2.20459230114705      4.25895137472969      h
   10.86256155157591      5.06174483050217      3.22821915280854      h
   12.18497300210796      2.06770054008081      4.04815242460630      h
   13.34813723142173      3.59533624864424      8.17641033998561      h
   14.51356913209496      5.75340349239964      5.85898249144396      h
   11.12313588803951      8.66821156606910      6.71771184074986      h
   12.60237571033974      7.84285478026997      9.63599701050383      h
   -1.68021219653261     13.96212814925760     -3.70722693297240      c
   -2.17637868998307     16.68981554124873     -2.88708579130003      c
    0.26458055586532     18.22994233955053     -2.71474276798086      c
    2.24365294031380     16.94052550729866     -1.04722953106124      c
    2.73980053650292     14.21281921804621     -1.86735177547228      c
    0.29884129065454     12.67269241974441     -2.03969479879145      c
   -0.99868246670740     13.97280510190841     -5.64693632207287      h
   -3.43918817828390     12.90601690537180     -3.57532404889698      h
   -3.41615241672402     17.57585143317482     -4.26726616971439      h
   -3.07082386320050     16.66700654682480     -1.03600455783190      h
    1.03974621557501     18.44641046807257     -4.60660429139666      h
   -0.17500753716654     20.06987418883463     -1.90945487371297      h
    1.56210431322726     16.92981076012520      0.89246096077790      h
    4.00261002480375     17.99661785392314     -1.17911351787533      h
    3.63424570972035     14.23562821247014     -3.71845190620174      h
    3.97955536598255     13.32678332612012     -0.48719029431925      h
   -0.47634326631648     12.45624318848369     -0.14783327537564      h
    0.73842938368639     10.83276057046031     -2.84498269305934      h
$user-defined bonds
$end
