3
     1(1)a  0.87611  0.08042  0.03667  0.00405  0.32504  0.20476  0.02527  0.10442  0.08101  0.01446
     2(1)a  0.89672  0.65666  0.17139  0.01616  0.03945  0.01168  0.00112  0.00017  0.00008  0.00001
     3(1)a  0.90112  0.63975  0.17172  0.01655  0.05363  0.01758  0.00175  0.00009  0.00004  0.00000
     4(1)a  0.89772  0.00140  0.07113  0.00092  0.09723  0.55228  0.03026  0.00148  0.13999  0.00304
     5(1)a  0.88265  0.13252  0.06004  0.00443  0.29813  0.29164  0.02310  0.00139  0.06942  0.00199
     6(1)a  0.91904  0.00370  0.06774  0.01414  0.01729  0.42729  0.10560  0.00582  0.20102  0.07645
     7(1)a  0.88821  0.52204  0.16591  0.01627  0.08353  0.07282  0.00681  0.00025  0.01989  0.00068
     8(1)a  0.89625  0.04512  0.04329  0.00478  0.15329  0.34881  0.04714  0.01961  0.19358  0.04063
     9(1)a  0.91458  0.01805  0.05404  0.02067  0.08258  0.30299  0.15748  0.02845  0.12887  0.12146
    10(1)a  0.91396  0.01052  0.06808  0.00883  0.05613  0.44565  0.06426  0.02167  0.19778  0.04104
    11(1)a  0.85261  0.04227  0.05481  0.00915  0.26946  0.25065  0.03530  0.13188  0.05512  0.00398
    12(1)a  0.91207  0.01255  0.08097  0.00293  0.06354  0.49376  0.02089  0.02400  0.20029  0.01314
    13(1)a  0.91696  0.00137  0.01927  0.00046  0.01489  0.82447  0.01487  0.00388  0.02933  0.00842
    14(1)a  0.90972  0.05654  0.03677  0.01112  0.25649  0.21452  0.08664  0.09099  0.08623  0.07043
    15(1)a  0.91942  0.01505  0.02063  0.00116  0.09544  0.70120  0.04757  0.01666  0.01682  0.00487
