Header
  1      1(1)a  2.92400  0.47500 0.042100 0.463530 0.115560 0.011920 0.069960 0.212920 0.049370
  2      2(1)a  3.92500  0.00000 0.043100 0.038660 0.253960 0.000070 0.476680 0.020360 0.087950
  3      3(1)a  4.27200  0.00100 0.048450 0.455030 0.042990 0.000870 0.002320 0.353320 0.047400
  4      4(1)a  4.68900  0.00200 0.043200 0.060000 0.234700 0.000040 0.420320 0.032660 0.107420
  5      5(1)a  4.79600  0.04800 0.012460 0.135690 0.272460 0.003830 0.004450 0.484010 0.048310
  6      6(1)a  5.71900  0.12200 0.037810 0.071240 0.206260 0.009490 0.273330 0.092350 0.092600
  7      7(1)a  5.75500  0.08700 0.051750 0.123570 0.205010 0.021540 0.140090 0.238870 0.096220
  8      8(1)a  5.91800  0.07800 0.058860 0.410850 0.117340 0.003800 0.033830 0.256540 0.048760
  9      9(1)a  6.07400  0.00500 0.001130 0.001290 0.006400 0.000010 0.011020 0.000640 0.047910
 10     10(1)a  6.09700  0.01300 0.004110 0.004490 0.022310 0.000010 0.036170 0.002720 0.049140
