3
     1(1)a  0.95063  0.06996  0.04307  0.00708  0.34580  0.21292  0.03502  0.11773  0.07249  0.01192
     2(1)a  0.91205  0.47668  0.25354  0.03991  0.03806  0.02036  0.00319  0.00060  0.00042  0.00007
     3(1)a  0.95260  0.00232  0.01650  0.00062  0.45309  0.35332  0.04783  0.00194  0.02649  0.00087
     4(1)a  0.89258  0.42032  0.23447  0.03793  0.05957  0.03266  0.00527  0.00043  0.00023  0.00004
     5(1)a  0.95169  0.00445  0.08053  0.00170  0.13188  0.48401  0.01076  0.00381  0.19193  0.00383
     6(1)a  0.90740  0.27333  0.15853  0.02505  0.06640  0.09235  0.01276  0.00484  0.04773  0.00949
     7(1)a  0.90378  0.14009  0.09849  0.01470  0.11596  0.23887  0.03705  0.00761  0.10652  0.02154
     8(1)a  0.95124  0.03383  0.06704  0.01356  0.25816  0.25654  0.04530  0.15269  0.05030  0.00380
     9(1)a  0.95209  0.01102  0.00633  0.00103  0.00116  0.00064  0.00010  0.00013  0.00007  0.00001
    10(1)a  0.95086  0.03617  0.02227  0.00366  0.00442  0.00272  0.00045  0.00007  0.00004  0.00001
