$coord
    2.61980292706468      0.00000000000000      0.00000000000000      c
    0.00000000000000      0.00000000000000      0.00000000000000      c
   -1.34720465739550      2.24684657747837      0.00000000000000      c
   -0.06734983937604      4.50578740220721      0.00024566439728      c
    2.58047772623933      4.55601632281931      0.00156847269030      c
    3.89895854641497      2.25931876995542      0.00024566439728      c
    3.62632775722356     -1.77388592093975      0.00160626721295      h
   -3.38618136025646      2.19784597885265      0.00158736995162      h
   -1.10855114407338      6.26582163059291     -0.00398732214039      h
    5.94392568111717      2.27145081172854     -0.00394952761773      h
   -1.34909438352839     -2.38186750967305      0.00328812347122      n
   -3.65049735446317     -2.32950319853079      0.00481880163886      o
   -0.12067791084608     -4.32872006355583      0.00476210985487      o
    3.85103509168499      6.79931021516786     -0.06266331856649      n
    2.91080185426774      8.40134444158299      0.33024853898310      h
    5.70852249674361      6.81673349011307      0.33021074446044      h
$user-defined bonds
$end
