$coord
    2.62715396172161      0.00000000000000      0.00000000000000      c
    0.00000000000000      0.00000000000000      0.00000000000000      c
   -1.34248034206329      2.25824162605967      0.00000000000000      c
   -0.06302236653174      4.51094635454999      0.00056691783987      c
    2.59336565846561      4.55873752845067      0.00249443849541      c
    3.90971108811109      2.25090948866408      0.00056691783987      c
    3.63910230588187     -1.77057890020720      0.00147398638365      h
   -3.38155153123089      2.22333838438527      0.00147398638365      h
   -1.09938597232888      6.27304038442054     -0.00066140414651      h
    5.95399792140545      2.26052819468046     -0.00058581510119      h
   -1.34232916397266     -2.35962543308899      0.00300466455129      n
   -3.65236818333473     -2.32113171176211      0.00430857558298      o
   -0.12880373321749     -4.32558311817524      0.00430857558298      o
    3.85736567423016      6.78060192645229     -0.03705752946589      n
    2.92680783461328      8.41653783969139      0.21238632007502      h
    5.73909826557370      6.81669569559041      0.21240521733635      h
   -7.59125664293758     -4.95486192042616     -0.93881594281759      o
   -8.15836345541656     -4.27352116321424     -2.60778426885953      h
   -6.36484327995612     -3.75193785327647     -0.15132926872148      h
    9.07369010240238      6.85532169774659      0.82127497735210      o
    9.87383794158882      8.53458903121276      0.48802177381772      h
    9.52259454526936      6.27855838472856      2.56401821162190      h
    3.26351923697085     -6.79328198880395     -3.35983857796403      o
    2.54774766961775     -5.77768647320722     -1.93594883409603      h
    3.70847415222010     -5.64349702051101     -4.79208091133939      h
   -3.31070569850900     -8.91461295653606     -0.48278723242962      o
   -2.71332547338119     -7.12995559663886     -0.31108671599563      h
   -4.93027658343731     -8.94577454046735     -1.45605288264972      h
    2.28991343604684     12.28769851469162     -0.27574883731067      o
    3.69358311029296     13.43417646225201     -0.81112714801850      h
    0.98337568503103     13.28481250870873      0.65700108462035      h
   -7.07838497047241      4.05162952069081     -1.87464611834522      o
   -7.72487917779392      5.77128030161674     -1.43175100458081      h
   -5.48379626502085      4.21671599565970     -2.87535059201481      h
    4.76233662200777      5.02098343781583     -5.41070165820083      o
    4.67894300776352      6.56077008541371     -4.31830767256363      h
    6.51003093874573      4.83539343430513     -6.10521380655896      h
   -1.45605288264972     10.44432736384566     -3.41407371797785      o
   -0.00901399365386     10.84950354399767     -2.26814379099599      h
   -2.99455451647723     11.38011974485063     -2.84080639830566      h
    8.41691578491797     -3.80689108922079     -4.04575247241753      o
    9.94239720568991     -2.69151803380769     -4.05495543868468      h
    7.09363506036480     -3.05489347190027     -2.92557951262691      h
    6.95910545696467     -4.59330061942115      2.23564050151036      o
    6.82376327132740     -6.47815125888394      2.21808494573585      h
    6.84655336849000     -3.97035239971539      4.01621605296053      h
    6.43888274984258     11.33556000263719      3.62935131903618      o
    7.80033594228004     11.41916148675605      2.32145296520470      h
    6.31637180464760      9.57271008231349      4.29912695231484      h
   -3.67411893112424      5.47053038756799     -5.30051172739227      o
   -3.01770366160508      7.18691194228403     -4.85948744249942      h
   -3.51647797711892      5.19553744071047     -7.16351713275891      h
   11.56926243349116      3.36010313962263     -3.26773332624718      o
   10.59354013929831      4.24046985315007     -1.90971943537157      h
   11.33567338620516      4.27473058793928     -4.90484086968867      h
    0.58235690237137      8.68164751887392      6.28309372744749      o
    0.53231695437256      8.78883278513119      8.16917268889666      h
    2.30367064229424      8.13275766631596      5.72889374445612      h
    9.67462301266001      0.17060447527692      3.83253467284404      o
   10.49914831896067     -1.21061525251053      2.84074970652167      h
    8.03401947587268     -0.45124770327176      4.53468131477903      h
  -10.32468880237267      1.66668175742115      1.20426577270403      o
   -9.10468161098170      2.11991367313244     -0.16593685172869      h
  -11.57200253638384      3.06895303432894      1.42611962070481      h
    0.64573831686835      1.18272289478914     -6.21186994949903      o
    1.66331804490461      2.55211293698472     -5.39906094522226      h
   -1.14549528997129      1.75534770757615     -6.39836702155351      h
$user-defined bonds
$end
