Header
  1      1(1)a  3.70000  0.00000 0.023850 0.047750 0.216430 0.000030 0.615410 0.016130 0.052440
  2      2(1)a  3.80000  0.45700 0.044530 0.439320 0.131390 0.013410 0.057480 0.253310 0.047540
  3      3(1)a  4.45400  0.00100 0.026690 0.062190 0.216400 0.000020 0.561170 0.021160 0.067780
  4      4(1)a  4.54400  0.01600 0.029890 0.089480 0.240150 0.003610 0.001820 0.561730 0.049820
  5      5(1)a  5.33500  0.02800 0.045980 0.350160 0.108100 0.001630 0.089890 0.330140 0.048380
  6      6(1)a  5.72000  0.00300 0.037580 0.050310 0.274670 0.010840 0.018650 0.494800 0.043180
  7      7(1)a  5.87800  0.24900 0.039140 0.078130 0.252440 0.000640 0.415650 0.084170 0.100950
  8      8(1)a  5.94400  0.02900 0.059290 0.181430 0.175960 0.022240 0.036910 0.350940 0.114780
  9      9(1)a  6.52000  0.00300 0.172390 0.127640 0.108050 0.071800 0.015000 0.192230 0.079430
 10     10(1)a  6.71600  0.00000 0.018470 0.002550 0.803250 0.000040 0.027130 0.067710 0.049450
