3
     1(1)a  0.94756  0.61541  0.21609  0.02225  0.04704  0.01613  0.00160  0.00071  0.00034  0.00003
     2(1)a  0.95246  0.05748  0.04366  0.00667  0.32357  0.25331  0.03786  0.11575  0.08773  0.01341
     3(1)a  0.93222  0.56117  0.21618  0.02462  0.06175  0.02116  0.00207  0.00044  0.00022  0.00002
     4(1)a  0.95018  0.00182  0.08048  0.00190  0.08667  0.56173  0.02799  0.00281  0.15967  0.00361
     5(1)a  0.95162  0.08989  0.06172  0.00753  0.34792  0.33014  0.03845  0.00224  0.04638  0.00163
     6(1)a  0.95682  0.01865  0.09021  0.00636  0.03557  0.49480  0.03122  0.01474  0.18446  0.01084
     7(1)a  0.89905  0.41565  0.23104  0.03039  0.07701  0.08417  0.00875  0.00112  0.02140  0.00064
     8(1)a  0.88522  0.03691  0.04790  0.00692  0.16076  0.35094  0.05237  0.02067  0.12806  0.02224
     9(1)a  0.92057  0.01500  0.02918  0.02145  0.09586  0.19223  0.15094  0.03178  0.07887  0.07180
    10(1)a  0.95055  0.02713  0.80185  0.01703  0.00239  0.06771  0.00144  0.00016  0.00140  0.00004
