$coord
    2.62528313285005      0.00000000000000      0.00000000000000      c
    0.00000000000000      0.00000000000000      0.00000000000000      c
   -1.34389763666295      2.25523696150838      0.00000000000000      c
   -0.06438296934741      4.50958575173431      0.00026456165860      c
    2.58983187059712      4.55815171334947      0.00175744530358      c
    3.90687649891177      2.25319605728487      0.00026456165860      c
    3.63639999751184     -1.77107022900175      0.00183303434890      h
   -3.38296882583055      2.21721567171473      0.00181413708757      h
   -1.10210717796024      6.27111286376499     -0.00145508912232      h
    5.95135230481941      2.26343837292511     -0.00145508912232      h
   -1.34389763666295     -2.36523791970366      0.00332591799388      n
   -3.65178236823353     -2.32379622560948      0.00479990437753      o
   -0.12687621256194     -4.32660357028700      0.00468652080956      o
    3.85549484535860      6.78559080344311     -0.04663844095962      n
    2.92219690284904      8.41213477780177      0.25044540439133      h
    5.73051890893040      6.81652562023845      0.25042650713001      h
   10.02340976500671      8.90582573001814     -0.86265997966230      cl
   13.11976382826250      7.67446128456853     -0.15178280299337      c
   13.82733398419887      6.61736738309363     -1.77167494136428      h
   14.40028005042847      9.23325857706324      0.26382466541216      h
   12.95719068905035      5.92419694028985      2.14336517444155      c
   12.24963943037530      6.98129084176475      3.76325731281246      h
   11.67669336414570      4.36539964779514      1.72775770603601      h
   16.05356364956746      4.69285139210156      2.85422345384915      cl
   -6.04612207038363      0.81328143580999      4.30549532938266      cl
   -7.62810630252885     -1.83220286940060      5.75742860906269      c
   -6.23828832083677     -3.04576609467844      6.67286863961648      h
   -8.97001972675227     -1.14458822142751      7.16051246820762      h
   -9.03876796346665     -3.34018542618202      3.73419332488868      c
  -10.42856704789740     -2.12664109816552      2.81877219159621      h
   -7.69683564198190     -4.02781897141645      2.33112836300507      h
  -10.62071440108921     -5.98568862865395      5.18614550183003      cl
   -8.77647397622212     -9.47646633036562     -3.10011461826023      cl
   -6.75131117139256     -6.80186134544726     -3.69535945285788      c
   -6.84320855323479     -5.50201322494187     -2.10029831587309      h
   -4.81201752204133     -7.45001851176570     -3.94257342556198      h
   -7.62614098735065     -5.44568048892055     -6.09391324428431      c
   -7.53424360550842     -6.74554750668726     -7.68899327853042      h
   -9.56545353396321     -4.79754221986343     -5.84671816884154      h
   -5.60097818252109     -2.77109440126351     -6.68915807888196      cl
   -5.85958720380649     -9.93045413653007      3.68400219879923      cl
   -3.27665283359440     -8.95932387684014      1.68537114887539      c
   -3.95415744675656     -7.59017949904183      0.30381127038402      h
   -1.80160820330919     -8.10008430147836      2.83782063101570      h
   -2.20328839011536    -11.26435512195006      0.30974501044129      c
   -1.52582157147585    -12.63351839700969      1.69130488893265      h
   -3.67835191766190    -12.12359469731183     -0.84272336896035      h
    0.37960818557407    -10.29324375952145     -1.68888603948256      cl
   10.13494140136962     -0.91190624268530      0.78028681752981      cl
   11.54429915127574     -3.94574816546522      0.13309341153914      c
   10.17887753395921     -5.14485498582648     -0.83639278641519      h
   13.20432907270913     -3.69182566498938     -1.05938047009569      h
   12.32743945526621     -5.19468706395067      2.61995410515531      c
   13.69286107258273     -3.99559914085075      3.58942140584831      h
   10.66742843109414     -5.44860956442652      3.81242798679014      h
   13.73679720517232     -8.22852898673060      1.97277959642597      cl
$user-defined bonds
$end
