$point_charges nocheck
  0.72554   -1.31850  -9.91724  -0.200000
  3.69553    0.15139  -9.12475  -0.006000
  4.93595    0.12402 -10.76876   0.103000
  3.36479    2.10022  -8.54602   0.103000
  4.94003   -1.29898  -6.95561  -0.006000
  3.69961   -1.27162  -5.31160   0.103000
  5.27077   -3.24782  -7.53436   0.103000
  7.91002    0.17091  -6.16312  -0.200000
  5.66268  -12.40180   2.03518  -0.200000
  6.41668   -9.48505   3.62688  -0.006000
  6.47020   -9.80613   5.66067   0.103000
  8.25510   -8.80975   2.98934   0.103000
  4.39975   -7.50546   3.01757  -0.006000
  4.34624   -7.18438   0.98377   0.103000
  2.56133   -8.18076   3.65511   0.103000
  5.15374   -4.58871   4.60929  -0.200000
  2.26132    7.81296  -5.94742  -0.200000
  5.51377    7.13107  -6.69951  -0.006000
  6.42467    6.25114  -5.07529   0.103000
  5.59240    5.84883  -8.30947   0.103000
  6.88614    9.58875  -7.35839  -0.006000
  5.97526   10.46870  -8.98262   0.103000
  6.80751   10.87099  -5.74843   0.103000
 10.13859    8.90687  -8.11050  -0.200000
 10.80816   -1.19905  10.39521  -0.200000
 10.02065    1.83417   9.05780  -0.006000
  9.48074    3.13024  10.56480   0.103000
 11.65445    2.58826   8.05560   0.103000
  7.81555    1.53072   7.21307  -0.006000
  8.35544    0.23465   5.70608   0.103000
  6.18175    0.77666   8.21524   0.103000
  7.02802    4.56397   5.87565  -0.200000
  5.57571   13.34674  13.51445  -0.200000
  4.86880   13.26202  10.18243  -0.006000
  3.42237   14.66342   9.75112   0.103000
  6.57464   13.68209   9.10727   0.103000
  3.90423   10.63192   9.46857  -0.006000
  5.35070    9.23052   9.89988   0.103000
  2.19841   10.21185  10.54369   0.103000
  3.19736   10.54720   6.13655  -0.200000
 -2.22459    6.42728  10.81005  -0.200000
 -0.89875    3.35738  10.15671  -0.006000
  0.78272    3.07513  11.31217   0.103000
 -2.28736    1.90139  10.59717   0.103000
 -0.18415    3.19162   7.36035  -0.006000
 -1.86563    3.47386   6.20490   0.103000
  1.20445    4.64761   6.91989   0.103000
  1.14170    0.12170   6.70703  -0.200000
 -9.43699    1.02635  -4.05581  -0.200000
 -8.95566    4.39414  -4.24380  -0.006000
 -8.89812    5.18711  -2.34375   0.103000
 -7.17503    4.78118  -5.20398   0.103000
-11.12852    5.59701  -5.72345  -0.006000
-11.18604    4.80406  -7.62350   0.103000
-12.90912    5.20997  -4.76328   0.103000
-10.64717    8.96482  -5.91144  -0.200000
 -2.65811   15.59744   2.84859  -0.200000
 -5.15445   13.29547   3.12831  -0.006000
 -6.96742   14.19940   2.75651   0.103000
 -4.84913   11.78184   1.76531   0.103000
 -5.15699   12.19688   5.80237  -0.006000
 -3.34400   11.29295   6.17415   0.103000
 -5.46229   13.71051   7.16537   0.103000
 -7.65333    9.89491   6.08208  -0.200000
 -3.37172   17.49452  -9.50394  -0.200000
 -4.05649   14.43881  -8.16122  -0.006000
 -5.90660   13.80386  -8.80627   0.103000
 -2.62018   13.08860  -8.75807   0.103000
 -4.05681   14.63188  -5.27676  -0.006000
 -2.20669   15.26683  -4.63170   0.103000
 -5.49309   15.98209  -4.67989   0.103000
 -4.74155   11.57616  -3.93403  -0.200000
 -4.53126  -10.22716  -9.05819  -0.200000
 -1.84001   -8.86276 -10.64080  -0.006000
 -1.11038  -10.19725 -12.02973   0.103000
 -2.40902   -7.12563 -11.58999   0.103000
  0.21989   -8.26955  -8.70113  -0.006000
 -0.50972   -6.93507  -7.31222   0.103000
  0.78890  -10.00670  -7.75194   0.103000
  2.91116   -6.90517 -10.28376  -0.200000
  2.78852   18.44788  -7.00357  -0.200000
  2.75388   17.81919  -3.65503  -0.006000
  2.07745   19.48500  -2.65017   0.103000
  1.50420   16.22850  -3.26754   0.103000
  5.42969   17.17982  -2.76692  -0.006000
  6.10612   15.51401  -3.77180   0.103000
  6.67937   18.77052  -3.15443   0.103000
  5.39504   16.55113   0.58160  -0.200000
 15.27675   18.02213   0.92423  -0.200000
 13.41265   15.23575   1.53304  -0.006000
 11.89598   15.10708   0.14549   0.103000
 14.61004   13.56523   1.39893   0.103000
 12.27806   15.39635   4.18722  -0.006000
 13.79474   15.52501   5.57479   0.103000
 11.08067   17.06685   4.32133   0.103000
 10.41398   12.60995   4.79601  -0.200000
 -4.12726    2.64163  -9.47707  -0.200000
 -4.75782    1.36739 -12.57354  -0.006000
 -3.95051   -0.52207 -12.71642   0.103000
 -6.79298    1.26948 -12.87482   0.103000
 -3.56890    3.07642 -14.57933  -0.006000
 -4.37623    4.96588 -14.43645   0.103000
 -1.53372    3.17432 -14.27803   0.103000
 -4.19950    1.80219 -17.67578  -0.200000
-16.80106    7.47364  -1.16088  -0.200000
-16.38338    5.86391   1.81297  -0.006000
-17.65686    6.67126   3.21601   0.103000
-16.80344    3.86160   1.57529   0.103000
-13.65008    6.17521   2.70163  -0.006000
-12.37659    5.36788   1.29856   0.103000
-13.23001    8.17754   2.93928   0.103000
-13.23241    4.56548   5.67545  -0.200000
 17.83667    3.32975  -6.12536  -0.200000
 17.09516    0.28136  -7.45448  -0.006000
 16.23458    0.53133  -9.30898   0.103000
 18.82235   -0.82492  -7.64205   0.103000
 15.24826   -1.10479  -5.71519  -0.006000
 16.10884   -1.35476  -3.86069   0.103000
 13.52107    0.00151  -5.52762   0.103000
 14.50675   -4.15318  -7.04431  -0.200000
-13.50805   -4.31234  -0.76294  -0.200000
-16.38325   -2.98376   0.49299  -0.006000
-17.18009   -1.65927  -0.86831   0.103000
-17.73659   -4.49347   0.85578   0.103000
-15.80512   -1.59542   2.96198  -0.006000
-15.00828   -2.91991   4.32328   0.103000
-14.45178   -0.08572   2.59920   0.103000
-18.68032   -0.26683   4.21791  -0.200000
  4.64525  -13.10912  -9.90096  -0.200000
  5.84354  -12.54156  -6.76227  -0.006000
  4.57427  -11.26394  -5.76285   0.103000
  5.96664  -14.32590  -5.74080   0.103000
  8.47092  -11.34805  -6.93509  -0.006000
  9.74020  -12.62566  -7.93451   0.103000
  8.34781   -9.56373  -7.95658   0.103000
  9.66922  -10.78051  -3.79640  -0.200000
  4.92907   -2.93992  13.37567  -0.200000
  4.28834   -5.20714  10.91430  -0.006000
  2.60637   -4.63380   9.87299   0.103000
  5.89477   -5.29773   9.62848   0.103000
  3.85028   -7.81054  12.09241  -0.006000
  5.53225   -8.38386  13.13373   0.103000
  2.24382   -7.71993  13.37822   0.103000
  3.20955  -10.07774   9.63103  -0.200000
 -2.57925   -2.94854  10.92547  -0.200000
 -5.44143   -4.10874  12.36455  -0.006000
 -6.02692   -2.82301  13.86333   0.103000
 -6.92634   -4.22753  10.94219   0.103000
 -4.96420   -6.73306  13.47945  -0.006000
 -4.37870   -8.01881  11.98071   0.103000
 -3.47929   -6.61429  14.90183   0.103000
 -7.82640   -7.89325  14.91858  -0.200000
 18.36353    8.47758   8.71404  -0.200000
 14.96561    8.24813   8.81557  -0.006000
 14.15613    9.35180   7.27645   0.103000
 14.40385    6.27657   8.61662   0.103000
 14.00572    9.27221  11.34291  -0.006000
 14.81521    8.16855  12.88204   0.103000
 14.56748   11.24376  11.54184   0.103000
 10.60783    9.04277  11.44445  -0.200000
-15.89878    1.15245  -6.68366  -0.200000
-14.73236   -1.25517  -8.79363  -0.006000
-15.92089   -1.33052 -10.47411   0.103000
-12.79692   -0.81075  -9.34029   0.103000
-14.79089   -3.81819  -7.45750  -0.006000
-13.60238   -3.74285  -5.77703   0.103000
-16.72633   -4.26262  -6.91084   0.103000
-13.62447   -6.22582  -9.56748  -0.200000
 -7.13608  -13.38633  12.27602  -0.200000
 -4.73813  -15.03532  10.50400  -0.006000
 -2.93983  -14.91053  11.50033   0.103000
 -5.27398  -17.01345  10.29863   0.103000
 -4.47493  -13.83272   7.88828  -0.006000
 -6.27325  -13.95754   6.89196   0.103000
 -3.93908  -11.85461   8.09366   0.103000
 -2.07700  -15.48173   6.11627  -0.200000
  1.06335  -19.33808   1.94268  -0.200000
  2.05083  -18.62055  -1.23845  -0.006000
  3.55529  -17.21467  -1.19023   0.103000
  2.74169  -20.33523  -2.14662   0.103000
 -0.19387  -17.57753  -2.73213  -0.006000
 -1.69832  -18.98341  -2.78034   0.103000
 -0.88473  -15.86285  -1.82394   0.103000
  0.79363  -16.86000  -5.91322  -0.200000
-13.49663    8.46811  11.80812  -0.200000
-12.16061    5.42801  12.57120  -0.006000
-12.52681    4.99398  14.55099   0.103000
-13.01813    3.98235  11.38086   0.103000
 -9.30717    5.48633  12.11037  -0.006000
 -8.94096    5.92038  10.13056   0.103000
 -8.44965    6.93201  13.30069   0.103000
 -7.97115    2.44623  12.87344  -0.200000
 15.89071   14.77097 -11.33872  -0.200000
 17.09322   12.32481  -9.29428  -0.006000
 16.52507   10.48259 -10.01927   0.103000
 19.14897   12.43315  -9.22874   0.103000
 16.02507   12.68269  -6.63184  -0.006000
 16.59319   14.52493  -5.90685   0.103000
 13.96931   12.57437  -6.69736   0.103000
 17.22757   10.23655  -4.58740  -0.200000
 -1.68380   20.41658   8.69151  -0.200000
  1.16982   20.57738   6.83667  -0.006000
  2.05869   18.72025   6.78104   0.103000
  0.71082   21.17708   4.92043   0.103000
  2.98945   22.48009   8.03096  -0.006000
  2.10060   24.33723   8.08661   0.103000
  3.44845   21.88040   9.94718   0.103000
  5.84309   22.64090   6.17614  -0.200000
  0.97087    9.24269 -11.86444  -0.200000
  1.86707   11.28414 -14.44091  -0.006000
  3.91651   11.27275 -14.64562   0.103000
  0.99880   10.61255 -16.18369   0.103000
  0.96932   13.97715 -13.89374  -0.006000
 -1.08015   13.98857 -13.68901   0.103000
  1.83761   14.64874 -12.15094   0.103000
  1.86554   16.01860 -16.47017  -0.200000
-14.96268  -13.91211   1.33307  -0.200000
-17.03666  -12.01726  -0.59498  -0.006000
-18.09354  -13.23887  -1.87278   0.103000
-18.34883  -10.98808   0.61380   0.103000
-15.47064  -10.13783  -2.13543  -0.006000
-14.41373   -8.91624  -0.85761   0.103000
-14.15847  -11.16703  -3.34421   0.103000
-17.54461   -8.24300  -4.06348  -0.200000
 10.02101   -2.08699 -12.43349  -0.200000
 11.33883   -5.18431 -11.90497  -0.006000
 13.35709   -5.15130 -12.31453   0.103000
 11.04520   -5.72990  -9.94070   0.103000
 10.03566   -7.09481 -13.63978  -0.006000
  8.01739   -7.12782 -13.23024   0.103000
 10.32928   -6.54922 -15.60405   0.103000
 11.35347  -10.19214 -13.11126  -0.200000
-11.74053   15.22184  -5.34439  -0.200000
-13.71352   13.59548  -3.09240  -0.006000
-14.90748   12.23802  -4.07926   0.103000
-12.52836   12.60496  -1.72989   0.103000
-15.37674   15.51206  -1.70750  -0.006000
-14.18279   16.86955  -0.72065   0.103000
-16.56190   16.50260  -3.07003   0.103000
-17.34975   13.88575   0.54449  -0.200000
  9.65455   16.06016  -8.65149  -0.200000
  9.23651   16.62254 -11.98589  -0.006000
 11.05068   16.44646 -12.94510   0.103000
  7.91572   15.24200 -12.75524   0.103000
  8.18856   19.28637 -12.38988  -0.006000
  6.37441   19.46248 -11.43069   0.103000
  9.50935   20.66693 -11.62053   0.103000
  7.77053   19.84878 -15.72430  -0.200000
 18.22522   -9.95228  10.92434  -0.200000
 14.87196  -10.55019  10.83847  -0.006000
 14.51149  -12.29564   9.80620   0.103000
 14.15649  -10.72905  12.76160   0.103000
 13.53537   -8.35520   9.51439  -0.006000
 13.89584   -6.60973  10.54666   0.103000
 14.25084   -8.17632   7.59129   0.103000
 10.18211   -8.95309   9.42854  -0.200000
-13.05296  -19.78772  -1.84161  -0.200000
-10.02594  -19.49761  -0.30478  -0.006000
-10.18179  -20.13847   1.64642   0.103000
 -8.63788  -20.65059  -1.29783   0.103000
 -9.18579  -16.73171  -0.34533  -0.006000
 -9.02996  -16.09085  -2.29653   0.103000
-10.57385  -15.57873   0.64772   0.103000
 -6.15879  -16.44158   1.19153  -0.200000
-14.67815   -5.49453  16.31104  -0.200000
-13.71047   -4.47725  13.20658  -0.006000
-11.82303   -3.65917  13.30893   0.103000
-13.69071   -6.09289  11.92927   0.103000
-15.56741   -2.49315  12.22035  -0.006000
-17.45487   -3.31123  12.11800   0.103000
-15.58720   -0.87749  13.49765   0.103000
-14.59974   -1.47586   9.11589  -0.200000
 -9.20901    7.98375 -12.14140  -0.200000
-12.01342    9.27763 -13.58029  -0.006000
-11.80072    9.26965 -15.62892   0.103000
-13.64479    8.13555 -13.05451   0.103000
-12.40246   11.99158 -12.66347  -0.006000
-12.61517   11.99953 -10.61482   0.103000
-10.77108   13.13363 -13.18925   0.103000
-15.20687   13.28544 -14.10235  -0.200000
  3.16013    2.23689 -16.63870  -0.200000
  1.93567   -0.94237 -16.68611  -0.006000
  1.12393   -1.39348 -14.84771   0.103000
  0.48097   -1.09682 -18.13602   0.103000
  4.07899   -2.79182 -17.27202  -0.006000
  4.89072   -2.34071 -19.11038   0.103000
  5.53367   -2.63740 -15.82209   0.103000
  2.85453   -5.97110 -17.31943  -0.200000
 -2.36227   -3.53093  19.00173  -0.200000
  0.04707   -1.13215  18.77844  -0.006000
  0.24733   -0.18799  20.59796   0.103000
  1.83842   -2.00415  18.25606   0.103000
 -0.70398    0.80366  16.76694  -0.006000
 -0.90423   -0.14052  14.94739   0.103000
 -2.49533    1.67564  17.28929   0.103000
  1.70535    3.20244  16.54361  -0.200000
  8.30310   23.72479  12.09625  -0.200000
  9.64074   20.67604  12.82092  -0.006000
 11.36619   20.92586  13.91763   0.103000
  8.28634   19.57344  13.91271   0.103000
 10.25569   19.28462  10.36258  -0.006000
  8.53026   19.03476   9.26586   0.103000
 11.61012   20.38722   9.27079   0.103000
 11.59334   16.23585  11.08725  -0.200000
 19.67352   12.47427   1.52618  -0.200000
 22.60579   11.33446   0.21783  -0.006000
 22.47423   11.30130  -1.83736   0.103000
 24.14305   12.58115   0.78786   0.103000
 23.12173    8.66218   1.19266  -0.006000
 23.25329    8.69537   3.24787   0.103000
 21.58449    7.41551   0.62266   0.103000
 26.05401    7.52240  -0.11567  -0.200000
-13.04344   12.81620   7.11612  -0.200000
-12.75616   15.79414   5.48567  -0.006000
-11.08060   16.78615   6.15701   0.103000
-12.58896   15.45556   3.46092   0.103000
-15.10023   17.40544   6.00185  -0.006000
-16.77580   16.41342   5.33052   0.103000
-15.26746   17.74402   8.02657   0.103000
-14.81296   20.38336   4.37137  -0.200000
 14.14186   22.07344  -7.24377  -0.200000
 13.38678   21.59781  -3.95544  -0.006000
 12.59162   19.71523  -3.69842   0.103000
 15.09812   21.78112  -2.82406   0.103000
 11.45885   23.58042  -3.11287  -0.006000
 12.25400   25.46298  -3.36991   0.103000
  9.74751   23.39711  -4.24423   0.103000
 10.70379   23.10476   0.17546  -0.200000
 -4.56359   25.34537   6.38459  -0.200000
 -5.11316   23.28050   3.73057  -0.006000
 -4.92304   24.34740   1.97907   0.103000
 -3.73629   21.74891   3.75498   0.103000
 -7.78078   22.17958   3.90236  -0.006000
 -7.97090   21.11266   5.65387   0.103000
 -9.15765   23.71115   3.87794   0.103000
 -8.33037   20.11470   1.24835  -0.200000
 12.58994  -13.09928   5.19225  -0.200000
 14.44577  -15.35694   3.44059  -0.006000
 15.50369  -14.38108   1.96722   0.103000
 15.75724  -16.30461   4.71504   0.103000
 12.69401  -17.31380   2.23239  -0.006000
 11.63608  -18.28966   3.70575   0.103000
 11.38254  -16.36611   0.95796   0.103000
 14.54983  -19.57146   0.48075  -0.200000
  7.76691    3.97931 -22.85132  -0.200000
  8.12881    5.12964 -19.66464  -0.006000
  9.29254    6.82900 -19.67564   0.103000
  6.27669    5.57036 -18.87880   0.103000
  9.40301    3.10081 -18.04666  -0.006000
  8.23930    1.40148 -18.03566   0.103000
 11.25513    2.66011 -18.83252   0.103000
  9.76491    4.25117 -14.85997  -0.200000
-11.88899   15.85015  15.25343  -0.200000
 -8.61883   16.53739  14.58793  -0.006000
 -8.50205   18.13893  13.29812   0.103000
 -7.64224   16.99565  16.34246   0.103000
 -7.37738   14.22803  13.37004  -0.006000
 -7.49418   12.62649  14.65989   0.103000
 -8.35397   13.76975  11.61552   0.103000
 -4.10723   14.91527  12.70455  -0.200000
 13.33264  -15.34163  -4.98236  -0.200000
 16.49521  -14.31949  -5.73243  -0.006000
 17.63421  -14.29419  -4.01656   0.103000
 17.33249  -15.61872  -7.09373   0.103000
 16.40532  -11.66216  -6.86743  -0.006000
 15.26632  -11.68746  -8.58331   0.103000
 15.56804  -10.36296  -5.50613   0.103000
 19.56789  -10.64003  -7.61749  -0.200000
 21.14628   -4.46765  -1.14499  -0.200000
 22.88466   -3.13407  -3.75428  -0.006000
 24.75668   -3.98861  -3.84094   0.103000
 21.87774   -3.50569  -5.51222   0.103000
 23.14593   -0.27947  -3.37953  -0.006000
 21.27391    0.57504  -3.29285   0.103000
 24.15285    0.09214  -1.62159   0.103000
 24.88431    1.05411  -5.98881  -0.200000
  3.25207   11.43360  19.60561  -0.200000
  0.00858   10.40009  19.46269  -0.006000
 -0.20220    8.64924  20.52673   0.103000
 -1.21039   11.84836  20.27438   0.103000
 -0.73798    9.94744  16.70669  -0.006000
 -0.52721   11.69827  15.64262   0.103000
  0.48097    8.49916  15.89496   0.103000
 -3.98148    8.91393  16.56375  -0.200000
 26.50201   -7.89133   4.64398  -0.200000
 23.94243   -5.70047   5.15177  -0.006000
 24.39047   -4.47856   6.74819   0.103000
 23.67481   -4.55309   3.46230   0.103000
 21.51553   -7.16739   5.71362  -0.006000
 21.06750   -8.38929   4.11720   0.103000
 21.78316   -8.31476   7.40310   0.103000
 18.95594   -4.97652   6.22141  -0.200000
 15.45135   -4.98291  15.25381  -0.200000
 12.86633   -6.22701  17.09199  -0.006000
 13.12290   -8.25364  17.35458   0.103000
 12.81930   -5.29669  18.92897   0.103000
 10.37675   -5.74375  15.70415  -0.006000
 10.12020   -3.71709  15.44154   0.103000
 10.42379   -6.67404  13.86717   0.103000
  7.79174   -6.98785  17.54235  -0.200000
-17.17453   -9.26748   5.99740  -0.200000
-18.03719  -12.09463   7.69219  -0.006000
-19.60784  -11.68363   8.95959   0.103000
-18.59944  -13.55431   6.35230   0.103000
-15.77415  -13.02263   9.23330  -0.006000
-14.20348  -13.43365   7.96586   0.103000
-15.21190  -11.56295  10.57319   0.103000
-16.63679  -15.84978  10.92808  -0.200000
  7.22091   30.51583  -4.38409  -0.200000
  6.15306   28.67671  -1.72209  -0.006000
  7.77163   27.79596  -0.80192   0.103000
  5.18552   29.90546  -0.38188   0.103000
  4.33182   26.62603  -2.63605  -0.006000
  2.71327   27.50678  -3.55622   0.103000
  5.29934   25.39726  -3.97629   0.103000
  3.26399   24.78691   0.02595  -0.200000
 17.55671   -0.94543  11.24899  -0.200000
 20.89073   -1.63885  11.13574  -0.006000
 21.50813   -1.72570   9.17267   0.103000
 21.93388   -0.16002  12.11927   0.103000
 21.38992   -4.18266  12.41531  -0.006000
 20.77253   -4.09583  14.37838   0.103000
 20.34678   -5.66153  11.43180   0.103000
 24.72395   -4.87610  12.30206  -0.200000
-10.59322   -1.84753 -15.25224  -0.200000
-13.52197   -2.18479 -16.96039  -0.006000
-15.09833   -1.71513 -15.72078   0.103000
-13.52150   -0.91535 -18.58228   0.103000
-13.79585   -4.91385 -17.87407  -0.006000
-12.21950   -5.38351 -19.11365   0.103000
-13.79632   -6.18330 -16.25215   0.103000
-16.72461   -5.25110 -19.58223  -0.200000
 -5.69203  -21.62353  -6.04546  -0.200000
 -6.65274  -19.04406  -8.05367  -0.006000
 -7.67359  -17.64694  -6.93645   0.103000
 -4.98737  -18.16926  -8.89247   0.103000
 -8.37379  -20.04429 -10.15010  -0.006000
 -7.35296  -21.44138 -11.26728   0.103000
-10.03917  -20.91908  -9.31130   0.103000
 -9.33451  -17.46481 -12.15827  -0.200000
 10.74593   -0.15288  20.36099  -0.200000
  9.13856    1.80459  18.08194  -0.006000
 10.42144    2.25151  16.53376   0.103000
  7.49889    0.79809  17.34667   0.103000
  8.27462    4.25296  19.35348  -0.006000
  6.99172    3.80604  20.90164   0.103000
  9.91428    5.25947  20.08873   0.103000
  6.66726    6.21043  17.07443  -0.200000
 -2.21580   23.93807  -4.95790  -0.200000
 -2.88937   25.96994  -7.60877  -0.006000
 -3.76229   27.71006  -6.93628   0.103000
 -1.13705   26.41675  -8.59464   0.103000
 -4.69654   24.62393  -9.41989  -0.006000
 -3.82362   22.88381 -10.09237   0.103000
 -6.44884   24.17710  -8.43402   0.103000
 -5.37009   26.65578 -12.07076  -0.200000
 18.24472   15.62855   8.50088  -0.200000
 21.17132   15.49241  10.24024  -0.006000
 20.85239   14.56195  12.04986   0.103000
 22.56507   14.43033   9.15786   0.103000
 22.14712   18.17522  10.69602  -0.006000
 22.46603   19.10568   8.88642   0.103000
 20.75333   19.23730  11.77842   0.103000
 25.07370   18.03906  12.43542  -0.200000
-18.89386   14.19644  -7.52710  -0.200000
-18.22023   10.90206  -8.07694  -0.006000
-16.21302   10.66841  -8.47557   0.103000
-18.72002    9.81002  -6.40366   0.103000
-19.76523    9.96619 -10.33406  -0.006000
-21.77244   10.19983  -9.93544   0.103000
-19.26542   11.05822 -12.00734   0.103000
-19.09160    6.67181 -10.88388  -0.200000
 22.64606    4.35134  14.33867  -0.200000
 19.97603    5.53204  16.09536  -0.006000
 20.40154    5.47968  18.10989   0.103000
 19.58287    7.47213  15.52641   0.103000
 17.66308    3.88344  15.55689  -0.006000
 17.23759    3.93581  13.54236   0.103000
 18.05626    1.94334  16.12585   0.103000
 14.99307    5.06411  17.31358  -0.200000
-16.00239  -14.11977 -15.65795  -0.200000
-14.10586  -11.30230 -15.93039  -0.006000
-14.11559  -10.65392 -17.88533   0.103000
-14.88171   -9.83164 -14.71494   0.103000
-11.39189  -11.88579 -15.12327  -0.006000
-11.38214  -12.53419 -13.16833   0.103000
-10.61603  -13.35647 -16.33872   0.103000
 -9.49536   -9.06834 -15.39571  -0.200000
  4.32534  -15.36066  13.59622  -0.200000
  7.11858  -17.31053  13.66744  -0.006000
  8.16575  -16.94763  15.40352   0.103000
  6.57294  -19.29535  13.59641   0.103000
  8.78630  -16.68855  11.38940  -0.006000
  7.73913  -17.05147   9.65334   0.103000
  9.33194  -14.70375  11.46043   0.103000
 11.57954  -18.63843  11.46062  -0.200000
  2.61731   21.75817  14.85725  -0.200000
  0.43845   19.35329  15.89556  -0.006000
 -0.72222   18.74533  14.30642   0.103000
  1.49158   17.74392  16.63256   0.103000
 -1.26086   20.42514  17.97430  -0.006000
 -0.10019   21.03311  19.56347   0.103000
 -2.31397   22.03451  17.23733   0.103000
 -3.43970   18.02024  19.01263  -0.200000
 17.61204    9.22436 -17.22854  -0.200000
 14.99673   10.34988 -19.10010  -0.006000
 15.63743   11.87207 -20.33079   0.103000
 14.25660    8.80605 -20.24511   0.103000
 12.91537   11.33615 -17.35284  -0.006000
 12.27470    9.81393 -16.12216   0.103000
 13.65552   12.87998 -16.20786   0.103000
 10.30007   12.46165 -19.22441  -0.200000
-20.60125  -19.78694  -9.38088  -0.200000
-18.07128  -18.43118  -7.54502  -0.006000
-18.76751  -17.94709  -5.66797   0.103000
-16.53654  -19.79456  -7.37804   0.103000
-17.10053  -16.04481  -8.85669  -0.006000
-16.40432  -16.52891 -10.73374   0.103000
-18.63527  -14.68141  -9.02369   0.103000
-14.57056  -14.68905  -7.02084  -0.200000
 -0.13419  -19.42278 -11.77779  -0.200000
  2.80042  -19.19053 -13.49336  -0.006000
  2.80596  -20.55805 -15.03351   0.103000
  2.99866  -17.28984 -14.26156   0.103000
  5.00645  -19.74221 -11.70825  -0.006000
  5.00093  -18.37471 -10.16809   0.103000
  4.80826  -21.64292 -10.94006   0.103000
  7.94110  -19.50997 -13.42382  -0.200000
  9.72514  -26.93995   5.88890  -0.200000
  9.66064  -24.00427   4.16067  -0.006000
  9.66695  -22.42699   5.48518   0.103000
 11.31851  -23.88655   2.94419   0.103000
  7.26851  -23.89179   2.54123  -0.006000
  7.26218  -25.46907   1.21672   0.103000
  5.61062  -24.00950   3.75768   0.103000
  7.20400  -20.95610   0.81300  -0.200000
 21.02679    1.95638 -13.03533  -0.200000
 22.69450    4.52612 -11.54383  -0.006000
 22.60902    4.30502  -9.49786   0.103000
 24.66151    4.51499 -12.15451   0.103000
 21.46808    7.03454 -12.29307  -0.006000
 21.55354    7.25562 -14.33905   0.103000
 19.50105    7.04565 -11.68238   0.103000
 23.13577    9.60427 -10.80158  -0.200000
 -3.73788   -4.56182 -18.25011  -0.200000
 -3.22935   -5.58484 -21.46009  -0.006000
 -2.30830   -7.42712 -21.45635   0.103000
 -5.04005   -5.72404 -22.43184   0.103000
 -1.54812   -3.67079 -22.82657  -0.006000
 -2.46919   -1.82852 -22.83035   0.103000
  0.26258   -3.53160 -21.85483   0.103000
 -1.03960   -4.69380 -26.03657  -0.200000
  7.60575   15.91773  20.89376  -0.200000
 10.06020   13.56719  20.64881  -0.006000
 11.28490   13.67789  22.30111   0.103000
  9.20998   11.69391  20.54813   0.103000
 11.61872   14.04658  18.26160  -0.006000
 10.39402   13.93588  16.60928   0.103000
 12.46894   15.91987  18.36228   0.103000
 14.07317   11.69606  18.01665  -0.200000
 24.89914    2.28848   7.91973  -0.200000
 24.77091    5.57919   7.04571  -0.006000
 25.37889    5.79475   5.08969   0.103000
 22.84017    6.26824   7.24496   0.103000
 26.51977    7.10327   8.77090  -0.006000
 25.91181    6.88773  10.72694   0.103000
 28.45053    6.41422   8.57165   0.103000
 26.39154   10.39397   7.89688  -0.200000
 16.62834   22.31910  10.39788  -0.200000
 16.70981   22.98665   7.05765  -0.006000
 15.39061   21.74583   6.07666   0.103000
 16.17536   24.94960   6.73608   0.103000
 19.38249   22.53935   6.05047  -0.006000
 20.70169   23.78014   7.03148   0.103000
 19.91696   20.57638   6.37206   0.103000
 19.46395   23.20688   2.71026  -0.200000
 -8.60904   20.18229 -18.94587  -0.200000
-10.01443   19.14816 -16.01932  -0.006000
-11.86049   20.03318 -15.79320   0.103000
-10.23319   17.10036 -16.04805   0.103000
 -8.30801   19.90311 -13.81121  -0.006000
 -6.46196   19.01805 -14.03734   0.103000
 -8.08926   21.95091 -13.78249   0.103000
 -9.71340   18.86897 -10.88467  -0.200000
  0.94668   -9.61702  18.06487  -0.200000
 -1.30019  -12.16715  17.82465  -0.006000
 -3.15097  -11.40822  17.33378   0.103000
 -0.68930  -13.48588  16.36518   0.103000
 -1.46694  -13.54656  20.35980  -0.006000
  0.38386  -14.30551  20.85067   0.103000
 -2.07783  -12.22781  21.81925   0.103000
 -3.71380  -16.09667  20.11956  -0.200000
-19.44783   12.20565  13.74216  -0.200000
-18.96163   12.74985  10.41404  -0.006000
-20.20306   14.26490   9.77701   0.103000
-17.00007   13.28466  10.08467   0.103000
-19.56018   10.33302   8.94491  -0.006000
-18.31876    8.81797   9.58193   0.103000
-21.52173    9.79821   9.27427   0.103000
-19.07399   10.87723   5.61678  -0.200000
 -2.53962  -20.95548   9.56141  -0.200000
  0.16076  -22.79342   8.59234  -0.006000
 -0.32919  -23.91271   6.93422   0.103000
  1.72182  -21.53101   8.13234   0.103000
  0.94966  -24.55535  10.74432  -0.006000
  1.43961  -23.43606  12.40244   0.103000
 -0.61142  -25.81776  11.20434   0.103000
  3.65004  -26.39329   9.77525  -0.200000
  6.83777   30.94124 -14.70874  -0.200000
  5.92076   29.22401 -11.91242  -0.006000
  6.75551   30.11562 -10.25398   0.103000
  3.86836   29.23762 -11.73998   0.103000
  6.85220   26.49430 -12.10918  -0.006000
  6.01747   25.60269 -13.76762   0.103000
  8.90462   26.48068 -12.28165   0.103000
  5.93521   24.77707  -9.31289  -0.200000
 -1.63856   15.73513 -23.90581  -0.200000
 -3.60495   16.13203 -21.15172  -0.006000
 -2.71864   17.47105 -19.86185   0.103000
 -5.45050   16.84657 -21.72240   0.103000
 -3.92770   13.58492 -19.82292  -0.006000
 -4.81402   12.24592 -21.11278   0.103000
 -2.08216   12.87038 -19.25225   0.103000
 -5.89407   13.98184 -17.06880  -0.200000
 -3.90525  -27.78013  -3.70496  -0.200000
 -5.94825  -26.43861  -1.33099  -0.006000
 -7.32669  -25.20056  -2.23073   0.103000
 -6.92989  -27.95084  -0.33514   0.103000
 -4.36857  -24.91421   0.55012  -0.006000
 -2.99015  -26.15226   1.44985   0.103000
 -3.38692  -23.40197  -0.44573   0.103000
 -6.41158  -23.57269   2.92411  -0.200000
-15.51495    0.82473  18.59037  -0.200000
-12.22296    0.60437  19.44067  -0.006000
-11.97538   -0.87549  20.85169   0.103000
-11.11004    0.15169  17.76773   0.103000
-11.33800    3.13152  20.53065  -0.006000
-11.58559    4.61137  19.11963   0.103000
-12.45093    3.58421  22.20358   0.103000
 -8.04600    2.91116  21.38097  -0.200000
 19.95694   -4.59712 -11.66785  -0.200000
 18.77745   -4.43105 -14.86016  -0.006000
 17.71210   -6.14089 -15.28881   0.103000
 17.54889   -2.78931 -15.05416   0.103000
 20.99756   -4.19436 -16.69668  -0.006000
 22.06291   -2.48452 -16.26805   0.103000
 22.22613   -5.83610 -16.50268   0.103000
 19.81807   -4.02831 -19.88899  -0.200000
 16.96700  -22.37969  -8.65294  -0.200000
 14.64371  -21.80018  -6.22897  -0.006000
 14.43658  -23.48289  -5.05944   0.103000
 15.25294  -20.21977  -5.05710   0.103000
 12.10587  -21.16435  -7.45888  -0.006000
 12.31298  -19.48166  -8.62841   0.103000
 11.49664  -22.74474  -8.63076   0.103000
  9.78258  -20.58486  -5.03491  -0.200000
  0.41893   22.61150 -13.38004  -0.200000
  0.19245   23.19319 -16.72961  -0.006000
  0.79140   25.12189 -17.13407   0.103000
  1.40586   21.87078 -17.74020   0.103000
 -2.54523   22.83560 -17.58687  -0.006000
 -3.14418   20.90691 -17.18241   0.103000
 -3.75863   24.15803 -16.57628   0.103000
 -2.77170   23.41730 -20.93643  -0.200000
 -6.86606  -14.76424 -20.51160  -0.200000
 -4.00255  -15.60764 -18.86878  -0.006000
 -4.42230  -15.93187 -16.87860   0.103000
 -3.21724  -17.32376 -19.69372   0.103000
 -2.08431  -13.45835 -19.11033  -0.006000
 -1.66457  -13.13414 -21.10055   0.103000
 -2.86964  -11.74225 -18.28541   0.103000
  0.77919  -14.30175 -17.46755  -0.200000
 21.66584   17.23120  -6.04385  -0.200000
 24.70021   18.76681  -6.25373  -0.006000
 26.15184   17.36605  -6.66954   0.103000
 24.65482   20.17574  -7.75545   0.103000
 25.30205   20.05942  -3.73890  -0.006000
 23.85042   21.46018  -3.32312   0.103000
 25.34743   18.65050  -2.23717   0.103000
 28.33639   21.59503  -3.94879  -0.200000
-23.39092   -5.68473  -1.36860  -0.200000
-26.22898   -6.39190   0.37910  -0.006000
-27.87184   -6.08218  -0.82396   0.103000
-26.18680   -8.35794   0.99156   0.103000
-26.39110   -4.66615   2.69277  -0.006000
-24.74825   -4.97586   3.89582   0.103000
-26.43328   -2.70010   2.08031   0.103000
-29.22917   -5.37330   4.44046  -0.200000
-20.12167   -5.49770 -11.25022  -0.200000
-23.44249   -5.57140 -10.49138  -0.006000
-23.97588   -3.80854  -9.56944   0.103000
-24.53749   -5.80104 -12.22069   0.103000
-23.97562   -7.78747  -8.71300  -0.006000
-23.44222   -9.55032  -9.63494   0.103000
-22.88062   -7.55783  -6.98371   0.103000
-27.29643   -7.86119  -7.95414  -0.200000
  7.42097   28.53921   4.44375  -0.200000
  8.92969   29.06971   7.45236  -0.006000
  9.21353   31.09045   7.73180   0.103000
  7.73707   28.32858   8.95919   0.103000
 11.48738   27.72294   7.49855  -0.006000
 11.20352   25.70220   7.21909   0.103000
 12.68001   28.46406   5.99168   0.103000
 12.99610   28.25345  10.50716  -0.200000
-14.17431  -19.15496   5.31901  -0.200000
-14.77860  -22.46433   5.85968  -0.006000
-13.07853  -23.36119   6.59972   0.103000
-16.31138  -22.66957   7.22008   0.103000
-15.52671  -23.72682   3.36891  -0.006000
-17.22676  -22.82993   2.62887   0.103000
-13.99393  -23.52157   2.00851   0.103000
-16.13099  -27.03616   3.90958  -0.200000
  5.59227  -26.33507  -8.57418  -0.200000
  3.96311  -24.97921  -5.90647  -0.006000
  5.15211  -23.54179  -5.03340   0.103000
  2.20147  -24.12113  -6.54087   0.103000
  3.38388  -27.05181  -3.97608  -0.006000
  2.19488  -28.48925  -4.84915   0.103000
  5.14554  -27.90989  -3.34168   0.103000
  1.75474  -25.69595  -1.30837  -0.200000
-21.41759    0.44932  10.13815  -0.200000
-24.27727    0.07444   8.32421  -0.006000
-24.23468    1.34531   6.70397   0.103000
-24.42382   -1.87200   7.66700   0.103000
-26.55986    0.70494   9.98244  -0.006000
-26.60245   -0.56592  11.60267   0.103000
-26.41331    2.65140  10.63967   0.103000
-29.41956    0.33008   8.16849  -0.200000
-11.13788   21.33095   9.93132  -0.200000
-12.72349   24.19666   8.99181  -0.006000
-12.97949   24.20187   6.94813   0.103000
-14.56195   24.29889   9.91477   0.103000
-11.12841   26.47937   9.76798  -0.006000
-10.87239   26.47414  11.81166   0.103000
 -9.28993   26.37712   8.84500   0.103000
-12.71402   29.34507   8.82846  -0.200000
 -2.57759    7.35627 -22.73953  -0.200000
  0.11894    5.27479 -22.66522  -0.006000
  1.76536    6.25615 -23.41917   0.103000
  0.49095    4.70139 -20.72230   0.103000
 -0.42598    2.93410 -24.27208  -0.006000
 -2.07241    1.95275 -23.51813   0.103000
 -0.79799    3.50750 -26.21498   0.103000
  2.27054    0.85263 -24.19777  -0.200000
-12.27713  -14.18215  16.92189  -0.200000
 -9.68073  -13.11247  18.85162  -0.006000
 -8.94385  -14.69209  19.94891   0.103000
 -8.19126  -12.36072  17.64394   0.103000
-10.60269  -11.04135  20.64548  -0.006000
-11.33957   -9.46171  19.54822   0.103000
-12.09219  -11.79308  21.85321   0.103000
 -8.00628   -9.97165  22.57522  -0.200000
-25.12841    2.82877  -2.11500  -0.200000
-26.74068    5.76019  -1.46941  -0.006000
-26.56184    7.01472  -3.09314   0.103000
-28.73315    5.38341  -1.10846   0.103000
-25.56259    7.01686   0.85230  -0.006000
-25.74141    5.76232   2.47601   0.103000
-23.57012    7.39361   0.49135   0.103000
-27.17485    9.94827   1.49789  -0.200000
 27.19278  -17.45946   1.86546  -0.200000
 24.60117  -15.93865   0.25925  -0.006000
 24.79260  -16.21873  -1.77228   0.103000
 22.82186  -16.75412   0.90055   0.103000
 24.63041  -13.10841   0.84773  -0.006000
 24.43898  -12.82831   2.87928   0.103000
 26.40972  -12.29293   0.20643   0.103000
 22.03880  -11.58759  -0.75848  -0.200000
 23.77589   17.37752   3.55140  -0.200000
 26.66411   19.03625   2.83306  -0.006000
 28.07082   17.69938   2.14301   0.103000
 26.29911   20.45697   1.38713   0.103000
 27.65387   20.32724   5.22296  -0.006000
 26.24716   21.66412   5.91297   0.103000
 28.01887   18.90654   6.66884   0.103000
 30.54208   21.98598   4.50462  -0.200000
 14.05624   18.83605 -16.67175  -0.200000
 15.33375   21.72951 -15.40482  -0.006000
 15.97219   22.93309 -16.94956   0.103000
 13.87770   22.70950 -14.32703   0.103000
 17.56701   21.12001 -13.67319  -0.006000
 16.92858   19.91645 -12.12849   0.103000
 19.02306   20.14002 -14.75098   0.103000
 18.84454   24.01347 -12.40626  -0.200000
-15.77528   24.17933 -11.70222  -0.200000
-16.59881   24.32174  -8.39910  -0.006000
-15.89794   26.08208  -7.59156   0.103000
-18.64699   24.24088  -8.19754   0.103000
-15.40588   22.08379  -7.01119  -0.006000
-16.10674   20.32348  -7.81870   0.103000
-13.35768   22.16467  -7.21274   0.103000
-16.22940   22.22624  -3.70806  -0.200000
  4.86289   -1.98366  22.95252  -0.200000
  4.61052   -5.38124  22.90940  -0.006000
  4.18181   -6.01417  20.99686   0.103000
  6.39287   -6.21041  23.52414   0.103000
  2.49506   -6.21310  24.69553  -0.006000
  2.92378   -5.58019  26.60808   0.103000
  0.71271   -5.38392  24.08078   0.103000
  2.24269   -9.61067  24.65242  -0.200000
  7.08672  -14.42214 -19.04681  -0.200000
  7.59781  -11.51355 -20.74626  -0.006000
  7.53576   -9.92951 -19.43130   0.103000
  9.43926  -11.57032 -21.66711   0.103000
  5.53266  -11.18852 -22.74304  -0.006000
  5.59470  -12.77258 -24.05803   0.103000
  3.69122  -11.13177 -21.82222   0.103000
  6.04376   -8.27993 -24.44251  -0.200000
-23.63097  -17.39294  -4.10641  -0.200000
-22.84836  -19.02586  -1.22022  -0.006000
-24.57706  -19.47520  -0.19459   0.103000
-21.84229  -20.76673  -1.66685   0.103000
-21.16879  -17.33650   0.41769  -0.006000
-19.44009  -16.88718  -0.60792   0.103000
-22.17488  -15.59566   0.86434   0.103000
-20.38621  -18.96943   3.30388  -0.200000
  6.75622   14.09235 -28.40164  -0.200000
  5.41845   14.08292 -25.26808  -0.006000
  6.51390   15.33093 -24.04962   0.103000
  3.46878   14.74179 -25.35138   0.103000
  5.48210   11.39682 -24.20119  -0.006000
  4.38664   10.14881 -25.41965   0.103000
  7.43176   10.73799 -24.11789   0.103000
  4.14434   11.38741 -21.06763  -0.200000
 11.38826   -2.46914 -20.55691  -0.200000
 12.00282   -3.80355 -23.63110  -0.006000
 10.23487   -3.96693 -24.67514   0.103000
 13.30004   -2.58163 -24.66367   0.103000
 13.18585   -6.42361 -23.32531  -0.006000
 14.95378   -6.26023 -22.28129   0.103000
 11.88863   -7.64553 -22.29274   0.103000
 13.80041   -7.75804 -26.39949  -0.200000
 -7.95711   12.68156  20.20849  -0.200000
 -7.45482    9.90532  22.11883  -0.006000
 -9.25920    8.97514  22.46690   0.103000
 -6.19373    8.61059  21.13111   0.103000
 -6.26522   10.67242  24.63950  -0.006000
 -4.46081   11.60260  24.29143   0.103000
 -7.52629   11.96714  25.62722   0.103000
 -5.76291    7.89618  26.54984  -0.200000
 14.80736    4.14198 -23.59321  -0.200000
 17.09074    2.62967 -21.56629  -0.006000
 16.48884    2.80275 -19.60417   0.103000
 17.23982    0.63706 -22.06595   0.103000
 19.66587    3.90077 -21.89898  -0.006000
 20.26777    3.72767 -23.86108   0.103000
 19.51679    5.89336 -21.39930   0.103000
 21.94924    2.38846 -19.87204  -0.200000
 -1.83687   31.65970  13.39113  -0.200000
 -4.14249   29.33715  14.33939  -0.006000
 -4.18026   29.20579  16.39453   0.103000
 -6.00228   29.89492  13.65229   0.103000
 -3.43528   26.76580  13.22332  -0.006000
 -3.39750   26.89715  11.16819   0.103000
 -1.57546   26.20801  13.91041   0.103000
 -5.74089   24.44325  14.17159  -0.200000
-14.05648  -19.48790  15.83804  -0.200000
-10.93392  -20.43291  14.85525  -0.006000
-10.07020  -18.91731  13.76017   0.103000
 -9.78001  -20.82433  16.51585   0.103000
-11.11582  -22.81434  13.22636  -0.006000
-11.97956  -24.32994  14.32144   0.103000
-12.26975  -22.42294  11.56577   0.103000
 -7.99326  -23.75936  12.24355  -0.200000
  6.23757    9.22156  26.37829  -0.200000
  4.15528    7.03384  24.80133  -0.006000
  4.01047    7.53746  22.80947   0.103000
  4.90671    5.12395  24.97419   0.103000
  1.53489    7.15101  26.01680  -0.006000
  1.67972    6.64738  28.00869   0.103000
  0.78346    9.06090  25.84395   0.103000
 -0.54738    4.96327  24.43985  -0.200000
-23.69155   20.73882  -1.32209  -0.200000
-22.84152   17.80479  -2.83149  -0.006000
-23.48935   17.82501  -4.78653   0.103000
-20.79487   17.57763  -2.78823   0.103000
-24.08422   15.60383  -1.42829  -0.006000
-23.43638   15.58363   0.52670   0.103000
-26.13087   15.83099  -1.47155   0.103000
-23.23418   12.66982  -2.93771  -0.200000
 21.39767  -11.12416 -17.83280  -0.200000
 20.16737  -12.33048 -14.89331  -0.006000
 21.72250  -13.00196 -13.72157   0.103000
 19.15910  -10.83161 -13.90381   0.103000
 18.35451  -14.51693 -15.43237  -0.006000
 16.79938  -13.84546 -16.60410   0.103000
 19.36278  -16.01581 -16.42187   0.103000
 17.12421  -15.72326 -12.49288  -0.200000
 10.98490   -8.19109  23.40454  -0.200000
 10.41111  -11.13648  21.79062  -0.006000
 10.44686  -10.82295  19.75531   0.103000
 11.87132  -12.49602  22.30209   0.103000
  7.82269  -12.16866  22.56027  -0.006000
  7.78694  -12.48217  24.59558   0.103000
  6.36248  -10.80912  22.04880   0.103000
  7.24888  -15.11405  20.94635  -0.200000
 29.24780   17.00385 -10.73406  -0.200000
 26.59846   17.27873 -12.85883  -0.006000
 25.57448   19.02041 -12.45851   0.103000
 27.27763   17.31242 -14.80302   0.103000
 24.83289   15.01866 -12.49500  -0.006000
 25.85686   13.27697 -12.89530   0.103000
 24.15370   14.98494 -10.55079   0.103000
 22.18353   15.29352 -14.61977  -0.200000
-21.54624    6.31526  13.30919  -0.200000
-21.73877    4.15211  15.93466  -0.006000
-23.68775    3.52901  16.16997   0.103000
-20.53520    2.52084  15.57053   0.103000
-20.85536    5.48130  18.34510  -0.006000
-18.90639    6.10438  18.10977   0.103000
-22.05894    7.11257  18.70921   0.103000
-21.04788    3.31815  20.97056  -0.200000
-10.87337   26.39101  -4.94836  -0.200000
-11.69523   28.62442  -2.51005  -0.006000
-10.04287   29.00359  -1.34034   0.103000
-12.34212   30.37839  -3.37460   0.103000
-13.80534   27.52518  -0.86791  -0.006000
-15.45771   27.14599  -2.03762   0.103000
-13.15847   25.77122  -0.00336   0.103000
-14.62722   29.75859   1.57038  -0.200000
-18.20296  -11.19606  15.32016  -0.200000
-18.26874  -13.40475  17.91368  -0.006000
-17.58611  -15.23888  17.27164   0.103000
-17.06139  -12.71591  19.43355   0.103000
-20.97910  -13.67194  18.88330  -0.006000
-21.66174  -11.83781  19.52533   0.103000
-22.18644  -14.36077  17.36343   0.103000
-21.04490  -15.88060  21.47681  -0.200000
 -0.04029   30.91541   4.10545  -0.200000
  1.27776   32.12234   7.00637  -0.006000
 -0.14740   33.22772   8.00093   0.103000
  1.88018   30.55071   8.19353   0.103000
  3.55263   33.80215   6.40568  -0.006000
  4.97778   32.69680   5.41110   0.103000
  2.95020   35.37380   5.21852   0.103000
  4.87069   35.00912   9.30662  -0.200000
 28.84520   -2.67436  -0.05134  -0.200000
 30.66736   -0.73599   2.07741  -0.006000
 32.41336   -0.15403   1.15268   0.103000
 29.57461    0.93169   2.59395   0.103000
 31.29747   -2.24949   4.45858  -0.006000
 29.55150   -2.83145   5.38332   0.103000
 32.39025   -3.91719   3.94203   0.103000
 33.11964   -0.31111   6.58734  -0.200000
 21.01882   12.28698  17.15078  -0.200000
 21.15016   14.86149  19.37882  -0.006000
 22.99687   15.76752  19.27368   0.103000
 19.68394   16.23590  18.92780   0.103000
 20.72739   13.84504  22.05193  -0.006000
 18.88069   12.93899  22.15706   0.103000
 22.19362   12.47062  22.50292   0.103000
 20.85876   16.41955  24.27996  -0.200000
-16.81376  -24.71030  -2.81382  -0.200000
-13.95929  -26.39318  -3.60703  -0.006000
-12.54909  -26.08478  -2.13781   0.103000
-14.36751  -28.40651  -3.75572   0.103000
-12.94243  -25.42781  -6.13520  -0.006000
-14.35266  -25.73622  -7.60443   0.103000
-12.53423  -23.41448  -5.98650   0.103000
-10.08798  -27.11071  -6.92840  -0.200000
 23.28407   25.62569  -6.87560  -0.200000
 20.13702   26.82102  -6.34976  -0.006000
 19.78320   28.40551  -7.61724   0.103000
 18.76526   25.32887  -6.71571   0.103000
 19.88797   27.70647  -3.60900  -0.006000
 20.24178   26.12199  -2.34154   0.103000
 21.25972   29.19861  -3.24303   0.103000
 16.74089   28.90179  -3.08316  -0.200000
-23.97411   10.38234 -19.52191  -0.200000
-21.10720    8.76088 -20.39404  -0.006000
-21.46077    6.73323 -20.47065   0.103000
-20.48051    9.41928 -22.24227   0.103000
-19.05607    9.30688 -18.43127  -0.006000
-18.70253   11.33454 -18.35470   0.103000
-19.68276    8.64848 -16.58306   0.103000
-16.18915    7.68540 -19.30342  -0.200000
-23.06237   -7.77904  21.93258  -0.200000
-21.84174   -5.74694  19.48519  -0.006000
-21.76607   -3.80816  20.17621   0.103000
-19.94782   -6.36390  18.96100   0.103000
-23.57135   -5.87773  17.17241  -0.006000
-23.64701   -7.81651  16.48142   0.103000
-25.46525   -5.26077  17.69659   0.103000
-22.35070   -3.84563  14.72501  -0.200000
-11.62537   11.41336 -20.83905  -0.200000
-11.26666   11.74465 -24.21113  -0.006000
 -9.52679   10.81993 -24.81114   0.103000
-12.87176   10.87178 -25.16185   0.103000
-11.15127   14.55074 -24.89686  -0.006000
-12.89113   15.47548 -24.29685   0.103000
 -9.54618   15.42362 -23.94614   0.103000
-10.79255   14.88203 -28.26894  -0.200000
 20.56802  -16.32126   8.68511  -0.200000
 20.02017  -19.68314   8.60347  -0.006000
 19.48296  -20.33750  10.48104   0.103000
 18.50590  -20.10036   7.27117   0.103000
 22.43626  -21.03320   7.76829  -0.006000
 22.97350  -20.37883   5.89071   0.103000
 23.95056  -20.61597   9.10062   0.103000
 21.88841  -24.39506   7.68667  -0.200000
-24.90092  -10.96378   7.30795  -0.200000
-26.68902  -11.83634  10.07385  -0.006000
-27.21156  -10.13940  11.11775   0.103000
-28.39253  -12.84269   9.50149   0.103000
-25.08114  -13.54726  11.76062  -0.006000
-24.55864  -15.24421  10.71673   0.103000
-23.37765  -12.54092  12.33296   0.103000
-26.86928  -14.41984  14.52649  -0.200000
-15.88417    8.19400  23.35184  -0.200000
-15.40541   11.45218  22.47767  -0.006000
-16.09391   12.67609  23.98439   0.103000
-13.39676   11.79508  22.17783   0.103000
-16.85301   12.01856  20.04017  -0.006000
-16.16451   10.79464  18.53345   0.103000
-18.86166   11.67567  20.34001   0.103000
-16.37427   15.27674  19.16598  -0.200000
 36.87455   14.40616  -3.95824  -0.200000
 33.74493   13.26229  -4.66980  -0.006000
 33.24062   13.79305  -6.59494   0.103000
 33.70584   11.21084  -4.49012   0.103000
 31.85028   14.42664  -2.82257  -0.006000
 32.35457   13.89586  -0.89741   0.103000
 31.88936   16.47809  -3.00225   0.103000
 28.72062   13.28279  -3.53413  -0.200000
 29.97070    4.08770  -9.64586  -0.200000
 31.71520    5.35029  -7.00544  -0.006000
 33.64907    5.75259  -7.58889   0.103000
 30.81799    7.08696  -6.35649   0.103000
 31.74069    3.41829  -4.85499  -0.006000
 29.80682    3.01597  -4.27152   0.103000
 32.63788    1.68159  -5.50394   0.103000
 33.48517    4.68085  -2.21457  -0.200000
 -2.33086   38.80500  -6.56980  -0.200000
 -2.11574   35.47934  -5.86065  -0.006000
 -2.57137   34.38657  -7.54604   0.103000
 -0.20150   35.03008  -5.24724   0.103000
 -3.98156   34.82079  -3.75288  -0.006000
 -3.52593   35.91356  -2.06753   0.103000
 -5.89578   35.27006  -4.36631   0.103000
 -3.76641   31.49516  -3.04374  -0.200000
  4.98825   33.78821  19.46698  -0.200000
  4.88396   33.00675  16.15226  -0.006000
  3.35062   34.04427  15.24966   0.103000
  6.67291   33.51839  15.26910   0.103000
  4.43632   30.16717  15.84530  -0.006000
  5.96968   29.12967  16.74789   0.103000
  2.64739   29.65551  16.72844   0.103000
  4.33203   29.38569  12.53057  -0.200000
-19.86703   26.02327   6.15023  -0.200000
-20.78534   22.82294   6.87407  -0.006000
-19.20861   21.84006   7.76296   0.103000
-22.39443   22.84397   8.15963   0.103000
-21.51980   21.45608   4.43485  -0.006000
-23.09655   22.43900   3.54596   0.103000
-19.91072   21.43509   3.14929   0.103000
-22.43812   18.25577   5.15871  -0.200000
 -9.86155    5.77162 -27.10888  -0.200000
-12.43731    3.56956 -26.75423  -0.006000
-13.83157    3.89907 -28.23402   0.103000
-11.72055    1.64425 -26.90203   0.103000
-13.67315    3.94074 -24.16729  -0.006000
-12.27889    3.61125 -22.68750   0.103000
-14.38991    5.86603 -24.01950   0.103000
-16.24890    1.73866 -23.81265  -0.200000
 -0.52175  -21.41424  17.43431  -0.200000
 -2.73508  -23.96095  17.90807  -0.006000
 -3.51043  -24.54425  16.09124   0.103000
 -1.77084  -25.55463  18.78709   0.103000
 -4.87993  -23.06622  19.62747  -0.006000
 -4.10460  -22.48292  21.44429   0.103000
 -5.84417  -21.47256  18.74843   0.103000
 -7.09328  -25.61295  20.10121  -0.200000
 -5.18620  -23.04111 -16.66194  -0.200000
 -2.90780  -25.20611 -15.34637  -0.006000
 -2.32189  -26.54988 -16.79315   0.103000
 -1.26663  -24.15518 -14.67975   0.103000
 -4.10082  -26.63340 -13.13343  -0.006000
 -4.68673  -25.28964 -11.68667   0.103000
 -5.74199  -27.68432 -13.80007   0.103000
 -1.82241  -28.79842 -11.81787  -0.200000
 -2.31643   -1.57768  25.75315  -0.200000
 -5.34090   -0.50786  26.90086  -0.006000
 -5.26026   -0.28686  28.94705   0.103000
 -5.80465    1.30117  26.03219   0.103000
 -7.37133   -2.45045  26.22173  -0.006000
 -7.45198   -2.67147  24.17555   0.103000
 -6.90759   -4.25948  27.09040   0.103000
-10.39582   -1.38063  27.36945  -0.200000
 15.56118   22.37935  17.73850  -0.200000
 12.95092   24.44877  18.45482  -0.006000
 11.35860   23.99561  17.22952   0.103000
 12.39638   24.19932  20.42267   0.103000
 13.74953   27.19301  18.02022  -0.006000
 15.34187   27.64616  19.24550   0.103000
 14.30411   27.44243  16.05235   0.103000
 11.13929   29.26243  18.73650  -0.200000
 17.02844  -20.00602  16.42748  -0.200000
 15.89003  -17.16790  17.93027  -0.006000
 14.02181  -16.70437  17.19734   0.103000
 15.77515  -17.46649  19.96494   0.103000
 17.70842  -14.98933  17.37815  -0.006000
 19.57662  -15.45288  18.11106   0.103000
 17.82329  -14.69075  15.34346   0.103000
 16.57001  -12.15122  18.88090  -0.200000
-22.35658   19.77149  -9.35569  -0.200000
-20.97711   18.52466 -12.21079  -0.006000
-19.70202   19.92232 -13.02501   0.103000
-19.92608   16.80821 -11.77332   0.103000
-23.07259   17.91353 -14.10631  -0.006000
-24.34769   16.51587 -13.29209   0.103000
-24.12360   19.62996 -14.54379   0.103000
-21.69311   16.66669 -16.96141  -0.200000
 -5.85843  -30.58497   5.62388  -0.200000
 -8.31238  -28.41009   6.54968  -0.006000
 -7.46204  -26.72647   7.37702   0.103000
 -9.41938  -27.87887   4.89605   0.103000
-10.03590  -29.67384   8.49647  -0.006000
-10.88624  -31.35745   7.66913   0.103000
 -8.92888  -30.20506  10.15008   0.103000
-12.48984  -27.49894   9.42227  -0.200000
-15.78054   25.05212  19.29873  -0.200000
-17.41772   23.44398  16.78028  -0.006000
-18.61291   21.96518  17.57198   0.103000
-18.58464   24.79177  15.74875   0.103000
-15.49050   22.26233  14.97827  -0.006000
-14.29529   23.74116  14.18657   0.103000
-14.32358   20.91456  16.00980   0.103000
-17.12768   20.65422  12.45981  -0.200000
 32.81058   -4.76967  -3.95367  -0.200000
 30.65928   -6.94314  -5.45611  -0.006000
 28.75409   -6.16149  -5.41698   0.103000
 31.23872   -7.24330  -7.40967   0.103000
 30.69435   -9.46507  -4.04331  -0.006000
 32.59953  -10.24674  -4.08243   0.103000
 30.11490   -9.16493  -2.08973   0.103000
 28.54305  -11.63856  -5.54574  -0.200000
 -9.90997   34.94054   0.56584  -0.200000
 -8.33044   34.94907   3.58479  -0.006000
 -6.50155   35.87830   3.40073   0.103000
 -9.48113   35.96328   4.95938   0.103000
 -7.94163   32.22669   4.47657  -0.006000
 -9.77051   31.29747   4.66063   0.103000
 -6.79096   31.21249   3.10199   0.103000
 -6.36212   32.23523   7.49554  -0.200000
 18.11516    0.57395  27.80239  -0.200000
 18.86886   -1.75111  25.42859  -0.006000
 20.45479   -1.08638  24.29492   0.103000
 19.37376   -3.52683  26.34191   0.103000
 16.57241   -2.16529  23.72202  -0.006000
 14.98645   -2.83003  24.85568   0.103000
 16.06751   -0.38959  22.80867   0.103000
 17.32609   -4.49035  21.34820  -0.200000
 26.85769   -6.74207 -10.71696  -0.200000
 28.45098   -8.41111 -13.22396  -0.006000
 27.91859  -10.40009 -13.17196   0.103000
 27.91057   -7.60248 -15.03956   0.103000
 31.31085   -8.17070 -12.87610  -0.006000
 31.84325   -6.18171 -12.92811   0.103000
 31.85126   -8.97932 -11.06051   0.103000
 32.90416   -9.83975 -15.38311  -0.200000
 -0.44044   15.31606  25.42394  -0.200000
  2.95576   15.33622  25.69748  -0.006000
  3.71815   13.58879  24.91821   0.103000
  3.71921   16.94243  24.65853   0.103000
  3.69683   15.55173  28.48352  -0.006000
  2.93442   17.29918  29.26279   0.103000
  2.93340   13.94550  29.52247   0.103000
  7.09301   15.57185  28.75706  -0.200000
-15.39250   -5.22277 -30.09240  -0.200000
-13.89461   -4.70478 -27.07620  -0.006000
-14.92785   -3.25872 -26.03527   0.103000
-13.89540   -6.45984 -25.99827   0.103000
-11.17027   -3.83087 -27.49073  -0.006000
-10.13702   -5.27693 -28.53167   0.103000
-11.16947   -2.07581 -28.56869   0.103000
 -9.67239   -3.31288 -24.47454  -0.200000
-14.57453  -24.49712 -13.36095  -0.200000
-15.02973  -21.81549 -15.41298  -0.006000
-16.60087  -22.18775 -16.69174   0.103000
-15.44649  -20.14648 -14.28024   0.103000
-12.62447  -21.35937 -16.95056  -0.006000
-11.05333  -20.98713 -15.67178   0.103000
-12.20771  -23.02837 -18.08330   0.103000
-13.07966  -18.67771 -19.00259  -0.200000
 -3.44125  -22.37007 -26.41344  -0.200000
 -2.05742  -20.63641 -23.82722  -0.006000
 -0.67769  -19.29420 -24.56001   0.103000
 -3.53411  -19.61938 -22.81370   0.103000
 -0.74603  -22.47769 -22.02510  -0.006000
 -2.12577  -23.81990 -21.29228   0.103000
  0.73064  -23.49470 -23.03862   0.103000
  0.63778  -20.74405 -19.43886  -0.200000
 17.39024   29.39409   3.06670  -0.200000
 19.46450   30.16462   5.65759  -0.006000
 18.36364   30.34416   7.38911   0.103000
 20.86399   28.67066   5.88504   0.103000
 20.80668   32.66516   5.10661  -0.006000
 21.90754   32.48564   3.37511   0.103000
 19.40717   34.15912   4.87918   0.103000
 22.88092   33.43572   7.69750  -0.200000
-27.12296    7.85270  -9.04181  -0.200000
-27.31438   11.14893  -8.20083  -0.006000
-27.90810   11.32341  -6.23632   0.103000
-25.46708   12.02762  -8.44088   0.103000
-29.23752   12.46902  -9.90857  -0.006000
-28.64381   12.29454 -11.87307   0.103000
-31.08482   11.59031  -9.66854   0.103000
-29.42895   15.76525  -9.06759  -0.200000
  9.07036   20.23143 -25.44342  -0.200000
 12.42877   19.74331 -25.14010  -0.006000
 13.34502   20.13070 -26.94358   0.103000
 13.18018   21.01126 -23.70138   0.103000
 12.93869   17.00381 -24.37012  -0.006000
 12.02244   16.61642 -22.56664   0.103000
 12.18728   15.73586 -25.80884   0.103000
 16.29707   16.51572 -24.06682  -0.200000
 -9.90387   21.78057  18.41540  -0.200000
-10.39553   20.96009  21.68563  -0.006000
 -8.61430   20.34094  22.51389   0.103000
-11.09411   22.60524  22.70916   0.103000
-12.33366   18.82230  21.86183  -0.006000
-14.11489   19.44145  21.03352   0.103000
-11.63510   17.17712  20.83826   0.103000
-12.82534   18.00180  25.13205  -0.200000
-22.65833    3.07657 -17.10168  -0.200000
-25.45675    3.38225 -15.18223  -0.006000
-26.02695    1.52505 -14.49821   0.103000
-25.05922    4.61259 -13.57901   0.103000
-27.59080    4.52225 -16.76457  -0.006000
-27.02059    6.37945 -17.44860   0.103000
-27.98832    3.29190 -18.36780   0.103000
-30.38923    4.82791 -14.84510  -0.200000
 21.44985   27.11491  11.02744  -0.200000
 22.39222   24.70607  13.24524  -0.006000
 21.38108   22.95955  12.83349   0.103000
 24.41965   24.38021  13.08537   0.103000
 21.76511   25.57102  15.93153  -0.006000
 22.77625   27.31754  16.34328   0.103000
 19.73770   25.89688  16.09140   0.103000
 22.70750   23.16218  18.14935  -0.200000
  6.45187   36.06501  -0.07398  -0.200000
  9.31841   36.79420   1.61734  -0.006000
 10.50678   38.01572   0.46068   0.103000
  8.85170   37.75652   3.37753   0.103000
 10.73918   34.34624   2.20601  -0.006000
  9.55081   33.12473   3.36265   0.103000
 11.20589   33.38392   0.44579   0.103000
 13.60571   35.07543   3.89731  -0.200000
 26.76623  -15.59893 -12.96853  -0.200000
 25.34678  -15.80130  -9.87769  -0.006000
 26.82033  -15.74369  -8.43978   0.103000
 24.06058  -14.21550  -9.60718   0.103000
 23.87820  -18.28123  -9.65223  -0.006000
 22.40465  -18.33883 -11.09014   0.103000
 25.16442  -19.86699  -9.92273   0.103000
 22.45875  -18.48356  -6.56137  -0.200000
-26.96293   16.08592  11.16724  -0.200000
-27.05466   13.26928   9.25223  -0.006000
-28.87241   13.15094   8.29093   0.103000
-25.54222   13.33829   7.85584   0.103000
-26.70381   10.94652  10.93726  -0.006000
-24.88607   11.06486  11.89859   0.103000
-28.21628   10.87751  12.33368   0.103000
-26.79556    8.12987   9.02225  -0.200000
-27.15623  -13.32552   0.43097  -0.200000
-30.21591  -13.63967  -1.03493  -0.006000
-30.97707  -15.51269  -0.64175   0.103000
-31.48973  -12.20801  -0.27991   0.103000
-29.95620  -13.28648  -3.89244  -0.006000
-29.19504  -11.41345  -4.28558   0.103000
-28.68238  -14.71813  -4.64744   0.103000
-33.01588  -13.60064  -5.35834  -0.200000
  3.76908  -26.58416 -16.00126  -0.200000
  7.05388  -26.82748 -16.87301  -0.006000
  7.38911  -28.64158 -17.78890   0.103000
  7.53487  -25.30292 -18.17168   0.103000
  8.69724  -26.62749 -14.50297  -0.006000
  8.36200  -24.81341 -13.58707   0.103000
  8.21626  -28.15206 -13.20429   0.103000
 11.98204  -26.87083 -15.37472  -0.200000
 15.60313   30.80320  -9.42533  -0.200000
 13.10604   32.84208  -8.32233  -0.006000
 12.70285   34.26948  -9.75133   0.103000
 11.41192   31.72487  -7.97007   0.103000
 13.93100   34.13794  -5.87331  -0.006000
 14.33418   32.71054  -4.44430   0.103000
 15.62511   35.25515  -6.22555   0.103000
 11.43388   36.17682  -4.77029  -0.200000
 13.18148   26.46881 -22.63365  -0.200000
  9.96763   27.27000 -21.83459  -0.006000
  9.90836   29.17476 -21.05325   0.103000
  8.79722   27.18503 -23.52724   0.103000
  8.96539   25.39454 -19.87610  -0.006000
  9.02465   23.48979 -20.65747   0.103000
 10.13579   25.47952 -18.18347   0.103000
  5.75153   26.19576 -19.07705  -0.200000
-16.31404   20.59034 -19.13021  -0.200000
-16.22666   17.29702 -19.99922  -0.006000
-14.27643   16.72695 -20.33648   0.103000
-17.02006   16.16273 -18.47408   0.103000
-17.77726   16.89394 -22.40561  -0.006000
-19.72751   17.46402 -22.06835   0.103000
-16.98388   18.02823 -23.93075   0.103000
-17.68988   13.60060 -23.27462  -0.200000
 22.96813   -9.18653  16.53868  -0.200000
 23.29469   -9.82157  19.87024  -0.006000
 21.42800  -10.01113  20.71977   0.103000
 24.35122  -11.56947  20.13618   0.103000
 24.70989   -7.63971  21.13294  -0.006000
 26.57660   -7.45017  20.28343   0.103000
 23.65336   -5.89183  20.86702   0.103000
 25.03647   -8.27477  24.46449  -0.200000
 34.97558    8.83211  14.48948  -0.200000
 32.03776   10.07241  15.68941  -0.006000
 31.16608    8.68633  16.93884   0.103000
 32.40149   11.80839  16.73647   0.103000
 30.25625   10.63434  13.48306  -0.006000
 31.12793   12.02040  12.23363   0.103000
 29.89252    8.89834  12.43600   0.103000
 27.31841   11.87464  14.68300  -0.200000
  6.66030   24.01033  21.45659  -0.200000
  5.74790   23.26285  24.65318  -0.006000
  6.32261   21.33586  25.09893   0.103000
  6.66465   24.57128  25.95314   0.103000
  2.87847   23.49682  24.91604  -0.006000
  2.30378   25.42379  24.47031   0.103000
  1.96174   22.18837  23.61606   0.103000
  1.96611   22.74930  28.11262  -0.200000
 24.61962  -17.85833  13.55623  -0.200000
 25.52880  -14.58296  13.32300  -0.006000
 23.89663  -13.45443  12.77100   0.103000
 26.22836  -13.93252  15.14776   0.103000
 27.61081  -14.29988  11.33737  -0.006000
 29.24296  -15.42839  11.88938   0.103000
 26.91123  -14.95034   9.51264   0.103000
 28.51999  -11.02451  11.10416  -0.200000
 -5.34029  -10.18933 -26.69336  -0.200000
 -2.23148  -11.40943 -27.36862  -0.006000
 -1.67751  -10.86141 -29.27516   0.103000
 -0.88305  -10.64195 -26.01403   0.103000
 -2.26325  -14.29313 -27.16682  -0.006000
 -2.81720  -14.84117 -25.26025   0.103000
 -3.61168  -15.06061 -28.52141   0.103000
  0.84556  -15.51323 -27.84207  -0.200000
 15.35465  -23.96900   9.84241  -0.200000
 14.54152  -26.57834  11.87697  -0.006000
 13.34494  -27.90341  10.84999   0.103000
 16.26026  -27.53537  12.48710   0.103000
 13.11755  -25.58914  14.19031  -0.006000
 14.31411  -24.26408  15.21727   0.103000
 11.39881  -24.63211  13.58018   0.103000
 12.30440  -28.19847  16.22485  -0.200000
 16.77871  -31.15828   5.93616  -0.200000
 15.85656  -28.87656   3.57980  -0.006000
 14.99116  -27.24985   4.50017   0.103000
 17.51823  -28.26664   2.52668   0.103000
 13.95506  -30.08021   1.76506  -0.006000
 14.82046  -31.70694   0.84469   0.103000
 12.29339  -30.69015   2.81817   0.103000
 13.03291  -27.79850  -0.59130  -0.200000
 19.82608   10.31862  27.57541  -0.200000
 17.62009    7.87475  26.69767  -0.006000
 16.94731    8.21273  24.78055   0.103000
 18.55516    6.04162  26.78449   0.103000
 15.37833    7.89928  28.52290  -0.006000
 16.05111    7.56130  30.44001   0.103000
 14.44325    9.73241  28.43607   0.103000
 13.17234    5.45543  27.64514  -0.200000
 31.76543    2.20728 -18.21303  -0.200000
 31.55769    5.37786 -16.98286  -0.006000
 32.23739    5.40643 -15.03878   0.103000
 32.71188    6.63795 -18.13275   0.103000
 28.80568    6.26053 -17.05355  -0.006000
 28.12600    6.23198 -18.99762   0.103000
 27.65151    5.00042 -15.90365   0.103000
 28.59796    9.43109 -15.82336  -0.200000
 12.85590   10.09471 -25.72452  -0.200000
 14.56359    9.08665 -28.49522  -0.006000
 14.38422    7.04590 -28.70819   0.103000
 13.78790   10.02178 -30.15839   0.103000
 17.35509    9.78347 -28.21323  -0.006000
 17.53443   11.82422 -28.00028   0.103000
 18.13077    8.84834 -26.55009   0.103000
 19.06274    8.77543 -30.98395  -0.200000
 10.69989  -33.46187  -3.59010  -0.200000
 12.72096  -31.85664  -5.81448  -0.006000
 14.15282  -30.78521  -4.79272   0.103000
 13.63802  -33.24117  -7.03279   0.103000
 11.13818  -30.05364  -7.42746  -0.006000
  9.70629  -31.12506  -8.44919   0.103000
 10.22111  -28.66911  -6.20913   0.103000
 13.15924  -28.44841  -9.65183  -0.200000
-23.56424  -13.91496 -22.25266  -0.200000
-24.39374  -15.40185 -19.30136  -0.006000
-25.99849  -14.41905 -18.46406   0.103000
-24.89484  -17.37059 -19.64087   0.103000
-22.14060  -15.27991 -17.49414  -0.006000
-20.53584  -16.26272 -18.33146   0.103000
-21.63952  -13.31117 -17.15463   0.103000
-22.97009  -16.76680 -14.54286  -0.200000
-21.50692   -0.67450  28.95153  -0.200000
-19.70123   -1.55058  26.19814  -0.006000
-20.95980   -2.34880  24.77652   0.103000
-18.76691    0.11663  25.43025   0.103000
-17.71235   -3.51497  26.93510  -0.006000
-16.45377   -2.71673  28.35672   0.103000
-18.64666   -5.18216  27.70299   0.103000
-15.90666   -4.39102  24.18173  -0.200000
-23.47355  -23.72615   9.85424  -0.200000
-24.56648  -20.54777   9.29483  -0.006000
-25.38212  -19.78694  11.02634   0.103000
-22.98247  -19.37015   8.70631   0.103000
-26.57374  -20.57114   7.21448  -0.006000
-25.75810  -21.33197   5.48298   0.103000
-28.15775  -21.74878   7.80298   0.103000
-27.66669  -17.39276   6.65509  -0.200000
  8.23361  -23.03414  21.19632  -0.200000
  5.85397  -24.68209  19.39895  -0.006000
  3.98583  -24.03628  19.97777   0.103000
  6.12160  -24.30088  17.39264   0.103000
  6.08101  -27.52409  19.87742  -0.006000
  7.94915  -28.16994  19.29862   0.103000
  5.81338  -27.90534  21.88373   0.103000
  3.70135  -29.17208  18.08005  -0.200000
 23.70151    9.27512 -23.90708  -0.200000
 25.02339   11.26974 -21.48146  -0.006000
 24.04176   10.93088 -19.70274   0.103000
 27.02495   10.84049 -21.25418   0.103000
 24.71344   14.04240 -22.23896  -0.006000
 25.69506   14.38127 -24.01768   0.103000
 22.71186   14.47164 -22.46624   0.103000
 26.03534   16.03701 -19.81336  -0.200000
 27.78253   -0.00404  27.85536  -0.200000
 25.74100    1.00930  25.32271  -0.006000
 23.78400    0.97992  25.96414   0.103000
 26.24905    2.92274  24.75441   0.103000
 26.04224   -0.77619  23.06908  -0.006000
 27.99922   -0.74680  22.42763   0.103000
 25.53417   -2.68961  23.63736   0.103000
 24.00067    0.23714  20.53641  -0.200000
 -9.70270   26.45358 -16.54491  -0.200000
-10.21274   28.02991 -19.52216  -0.006000
-10.27369   30.06634 -19.21980   0.103000
 -8.67501   27.57286 -20.81390   0.103000
-12.72014   27.15039 -20.66104  -0.006000
-12.65922   25.11399 -20.96341   0.103000
-14.25789   27.60748 -19.36930   0.103000
-13.23020   28.72677 -23.63828  -0.200000
 -5.63616   -6.84567  31.10366  -0.200000
 -3.88762   -9.75594  30.81697  -0.006000
 -1.87812   -9.37726  31.06349   0.103000
 -4.51903  -11.08196  32.26099   0.103000
 -4.33811  -10.89694  28.19917  -0.006000
 -6.34761  -11.27562  27.95266   0.103000
 -3.70668   -9.57091  26.75518   0.103000
 -2.58957  -13.80721  27.91250  -0.200000
-17.75320  -18.48774 -25.43207  -0.200000
-16.87996  -15.20818 -25.73442  -0.006000
-15.29739  -15.03625 -27.04136   0.103000
-18.48369  -14.13353 -26.45229   0.103000
-16.10869  -14.17389 -23.14735  -0.006000
-17.69126  -14.34582 -21.84042   0.103000
-14.50493  -15.24856 -22.42946   0.103000
-15.23543  -10.89437 -23.44969  -0.200000
 29.89188    3.27837  13.62011  -0.200000
 32.24990    1.73031  15.53122  -0.006000
 32.64587    2.87656  17.19604   0.103000
 31.55378   -0.11699  16.11870   0.103000
 34.67396    1.40027  13.99093  -0.006000
 34.27799    0.25402  12.32610   0.103000
 35.37010    3.24755  13.40345   0.103000
 37.03198   -0.14780  15.90203  -0.200000
-35.25363   -2.75129 -16.96887  -0.200000
-32.64704   -1.64930 -15.07132  -0.006000
-31.42150   -0.45319 -16.21574   0.103000
-33.36886   -0.56577 -13.47530   0.103000
-31.14087   -3.91521 -14.09411  -0.006000
-32.36642   -5.11131 -12.94969   0.103000
-30.41905   -4.99874 -15.69015   0.103000
-28.53424   -2.81322 -12.19658  -0.200000
 13.15181   23.87353  26.54882  -0.200000
 14.82719   20.90706  26.50105  -0.006000
 16.15415   20.89274  24.92587   0.103000
 15.85701   20.67105  28.26906   0.103000
 12.93990   18.73939  26.18960  -0.006000
 11.61293   18.75374  27.76476   0.103000
 11.91009   18.97540  24.42159   0.103000
 14.61529   15.77294  26.14183  -0.200000
-26.84328   -5.32289 -19.10182  -0.200000
-24.18509   -5.90430 -21.15246  -0.006000
-22.56605   -6.49907 -20.02671   0.103000
-24.66735   -7.38643 -22.49895   0.103000
-23.52420   -3.48112 -22.58395  -0.006000
-25.14324   -2.88635 -23.70969   0.103000
-23.04196   -1.99899 -21.23748   0.103000
-20.86603   -4.06253 -24.63460  -0.200000
 23.33296    7.08783  21.95586  -0.200000
 26.63318    7.76094  22.47026  -0.006000
 27.14465    7.25604  24.40043   0.103000
 27.77185    6.66567  21.14889   0.103000
 27.11825   10.58005  22.05203  -0.006000
 26.60678   11.08498  20.12186   0.103000
 25.97960   11.67531  23.37340   0.103000
 30.41849   11.25315  22.56641  -0.200000
-23.57739   28.14894   1.17957  -0.200000
-21.61737   28.05121  -1.60576  -0.006000
-19.90681   26.97629  -1.20479   0.103000
-22.65120   27.14939  -3.14207   0.103000
-20.90338   30.74441  -2.37660  -0.006000
-22.61396   31.81932  -2.77756   0.103000
-19.86956   31.64622  -0.84029   0.103000
-18.94337   30.64667  -5.16192  -0.200000
-30.28726    2.37864  -7.82116  -0.200000
-33.20124    4.01637  -7.16117  -0.006000
-32.82466    5.61477  -5.91800   0.103000
-34.02221    4.69544  -8.92387   0.103000
-35.05181    2.20847  -5.87094  -0.006000
-35.42840    0.61006  -7.11414   0.103000
-34.23084    1.52941  -4.10825   0.103000
-37.96579    3.84620  -5.21096  -0.200000
  7.75818    8.89262 -31.25607  -0.200000
  6.60117    5.71638 -31.68279  -0.006000
  6.13989    5.41401 -33.66723   0.103000
  8.05069    4.37330 -31.10196   0.103000
  4.23059    5.33005 -30.07380  -0.006000
  4.69187    5.63244 -28.08938   0.103000
  2.78107    6.67311 -30.65463   0.103000
  3.07360    2.15383 -30.50054  -0.200000
-20.49523  -19.42289  14.83093  -0.200000
-20.27177  -21.48407  17.53473  -0.006000
-18.77148  -20.82223  18.78106   0.103000
-22.06246  -21.47910  18.55231   0.103000
-19.67403  -24.17103  16.65128  -0.006000
-21.17431  -24.83287  15.40495   0.103000
-17.88331  -24.17602  15.63370   0.103000
-19.45054  -26.23220  19.35509  -0.200000
 -1.47183  -36.77834  14.92317  -0.200000
 -2.56602  -34.22678  12.94801  -0.006000
 -1.17019  -33.84541  11.48222   0.103000
 -4.35463  -34.75359  12.07308   0.103000
 -2.94353  -31.85555  14.55805  -0.006000
 -4.33934  -32.23689  16.02384   0.103000
 -1.15494  -31.32871  15.43296   0.103000
 -4.03770  -29.30396  12.58289  -0.200000
 -5.99746   32.06446  25.58173  -0.200000
 -3.80640   29.55335  24.87259  -0.006000
 -1.97656   29.97935  25.71672   0.103000
 -4.52111   27.78073  25.64013   0.103000
 -3.51179   29.31222  22.00682  -0.006000
 -5.34161   28.88620  21.16272   0.103000
 -2.79706   31.08486  21.23927   0.103000
 -1.32071   26.80112  21.29770  -0.200000
  4.32526  -32.13865   2.81962  -0.200000
  2.83451  -34.09531   5.17726  -0.006000
  1.14856  -33.14995   5.88873   0.103000
  2.30734  -35.90096   4.33832   0.103000
  4.67683  -34.54862   7.35856  -0.006000
  6.36278  -35.49395   6.64711   0.103000
  5.20398  -32.74294   8.19752   0.103000
  3.18606  -36.50526   9.71620  -0.200000
 15.90377   -7.22575  28.13337  -0.200000
 17.48692   -9.02645  25.71260  -0.006000
 16.13896   -9.53100  24.23931   0.103000
 19.00445   -7.89705  24.89788   0.103000
 18.59336  -11.43339  26.87028  -0.006000
 19.94132  -10.92883  28.34357   0.103000
 17.07583  -12.56277  27.68500   0.103000
 20.17651  -13.23407  24.44952  -0.200000
 13.26113   29.37840 -15.93642  -0.200000
 15.90588   30.59894 -17.70413  -0.006000
 15.25179   31.28689 -19.53200   0.103000
 16.77567   32.14598 -16.65894   0.103000
 17.84894   28.49643 -18.10605  -0.006000
 18.50305   27.80845 -16.27816   0.103000
 16.97917   26.94938 -19.15124   0.103000
 20.49370   29.71694 -19.87376  -0.200000
 21.40128  -24.07041   0.22280  -0.200000
 24.13672  -25.04008  -1.56229  -0.006000
 23.71134  -24.94816  -3.57544   0.103000
 25.71500  -23.78738  -1.13571   0.103000
 24.84051  -27.75206  -0.84998  -0.006000
 25.26590  -27.84398   1.16316   0.103000
 23.26223  -29.00476  -1.27657   0.103000
 27.57594  -28.72172  -2.63505  -0.200000
 12.77081  -19.31882 -20.59998  -0.200000
 15.23405  -20.68952 -22.51376  -0.006000
 14.39900  -21.58774 -24.16848   0.103000
 16.53694  -19.21300 -23.11755   0.103000
 16.66897  -22.66589 -20.96693  -0.006000
 17.50404  -21.76766 -19.31221   0.103000
 15.36612  -24.14242 -20.36314   0.103000
 19.13223  -24.03658 -22.88073  -0.200000
  3.11580  -17.40517  29.59362  -0.200000
  1.18764  -19.71177  27.99021  -0.006000
  0.83163  -21.30343  29.24803   0.103000
 -0.60316  -18.85178  27.44657   0.103000
  2.56544  -20.64307  25.62546  -0.006000
  2.92144  -19.05141  24.36764   0.103000
  4.35623  -21.50306  26.16910   0.103000
  0.63727  -22.94968  24.02207  -0.200000
-32.27994   -0.71042  -0.57646  -0.200000
-34.31629    0.51586   1.86465  -0.006000
-33.20383    1.63191   3.19097   0.103000
-35.76821    1.70448   1.01537   0.103000
-35.56878   -1.67966   3.26771  -0.006000
-36.68125   -2.79572   1.94139   0.103000
-34.11685   -2.86828   4.11700   0.103000
-37.60512   -0.45338   5.70882  -0.200000
-11.32664  -30.80752   0.72252  -0.200000
-12.45581  -33.40410   2.61774  -0.006000
-10.94012  -34.07069   3.84270   0.103000
-14.04331  -32.77481   3.76927   0.103000
-13.31391  -35.55686   0.88946  -0.006000
-14.82963  -34.89028  -0.33548   0.103000
-11.72643  -36.18616  -0.26207   0.103000
-14.44306  -38.15344   2.78470  -0.200000
 39.15779   11.02485   1.25398  -0.200000
 38.09654    8.47283   3.24642  -0.006000
 37.50468    6.88628   2.07397   0.103000
 39.63513    7.87897   4.48024   0.103000
 35.86555    9.36790   4.85240  -0.006000
 36.45741   10.95444   6.02486   0.103000
 34.32697    9.96175   3.61858   0.103000
 34.80431    6.81586   6.84483  -0.200000
-31.90580   10.56145  -3.18576  -0.200000
-34.41197    9.23587  -1.29605  -0.006000
-35.97729   10.57084  -1.19678   0.103000
-35.06124    7.47821  -2.15130   0.103000
-33.43001    8.70374   1.37043  -0.006000
-31.86469    7.36874   1.27116   0.103000
-32.78074   10.46139   2.22570   0.103000
-35.93618    7.37815   3.26016  -0.200000
 -3.22151   30.71882 -19.09697  -0.200000
  0.02942   31.69133 -19.40471  -0.006000
  0.11569   33.73566 -19.64002   0.103000
  1.07163   31.14994 -17.71267   0.103000
  1.20538   30.40632 -21.71197  -0.006000
  1.11910   28.36199 -21.47664   0.103000
  0.16318   30.94769 -23.40399   0.103000
  4.45630   31.37881 -22.01969  -0.200000
-24.33533   22.89919  16.79294  -0.200000
-25.33495   19.75771  17.65380  -0.006000
-25.44754   19.61052  19.70512   0.103000
-27.18620   19.37723  16.83508   0.103000
-23.42569   17.83098  16.65378  -0.006000
-23.31310   17.97816  14.60248   0.103000
-21.57442   18.21144  17.47252   0.103000
-24.42530   14.68948  17.51468  -0.200000
  8.31253   43.04978 -10.76806  -0.200000
  7.68491   39.99670  -9.39177  -0.006000
  9.10030   38.64743 -10.03855   0.103000
  7.76007   40.14009  -7.33851   0.103000
  5.05844   39.09760 -10.19844  -0.006000
  3.64303   40.44687  -9.55168   0.103000
  4.98326   38.95423 -12.25172   0.103000
  4.43082   36.04454  -8.82217  -0.200000
 -4.61244   23.65232 -27.99486  -0.200000
 -6.79891   21.65689 -26.30763  -0.006000
 -6.91475   19.82334 -27.23874   0.103000
 -6.14439   21.40389 -24.37116   0.103000
 -9.41229   22.89271 -26.28675  -0.006000
 -9.29645   24.72625 -25.35565   0.103000
-10.06682   23.14571 -28.22323   0.103000
-11.59872   20.89731 -24.59953  -0.200000
-11.50926   32.93029  -8.14995  -0.200000
-13.07432   33.64508 -11.09088  -0.006000
-15.10607   33.76755 -10.77590   0.103000
-12.38220   35.44350 -11.81810   0.103000
-12.52191   31.55421 -13.00942  -0.006000
-10.49015   31.43176 -13.32442   0.103000
-13.21404   29.75582 -12.28222   0.103000
-14.08694   32.26902 -15.95038  -0.200000
-12.05802   35.17151  21.40049  -0.200000
-11.01289   31.97299  20.86541  -0.006000
 -9.16555   31.69936  21.73419   0.103000
-12.36453   30.66028  21.69729   0.103000
-10.82150   31.48467  18.02241  -0.006000
-12.66884   31.75826  17.15365   0.103000
 -9.46985   32.79739  17.19054   0.103000
 -9.77637   28.28614  17.48736  -0.200000
 13.21637   36.15309   9.93331  -0.200000
 15.94439   34.48231  11.10622  -0.006000
 15.99048   32.58863  10.29748   0.103000
 17.65446   35.49892  10.57289   0.103000
 15.79471   34.29522  13.98724  -0.006000
 15.74864   36.18892  14.79595   0.103000
 14.08464   33.27863  14.52056   0.103000
 18.52274   32.62444  15.16016  -0.200000
  4.11363  -33.79868 -16.80070  -0.200000
  5.29280  -33.77266 -13.60412  -0.006000
  5.68764  -35.70227 -13.00173   0.103000
  7.02317  -32.65874 -13.51918   0.103000
  3.30933  -32.60490 -11.85486  -0.006000
  2.91451  -30.67526 -12.45726   0.103000
  1.57896  -33.71882 -11.93980   0.103000
  4.48850  -32.57886  -8.65827  -0.200000
-15.59047  -11.83373  25.96469  -0.200000
-12.56209  -11.78480  27.52543  -0.006000
-11.30202  -13.14123  26.62292   0.103000
-11.74981   -9.89691  27.39005   0.103000
-12.90086  -12.48963  30.30860  -0.006000
-14.16095  -11.13321  31.21111   0.103000
-13.71314  -14.37753  30.44402   0.103000
 -9.87250  -12.44069  31.86934  -0.200000
-36.07888   -4.49615  -8.62564  -0.200000
-34.20210   -6.41692  -6.52870  -0.006000
-34.47439   -8.40563  -6.99027   0.103000
-32.21305   -5.92767  -6.74445   0.103000
-35.01935   -5.94215  -3.79665  -0.006000
-34.74702   -3.95344  -3.33508   0.103000
-37.00840   -6.43140  -3.58092   0.103000
-33.14253   -7.86292  -1.69971  -0.200000
 25.42876  -15.41223 -25.67427  -0.200000
 22.40214  -15.59944 -24.12077  -0.006000
 21.39544  -17.27230 -24.77677   0.103000
 22.68174  -15.72058 -22.08379   0.103000
 20.85294  -13.23874 -24.74107  -0.006000
 21.85963  -11.56586 -24.08509   0.103000
 20.57335  -13.11759 -26.77804   0.103000
 17.82633  -13.42594 -23.18754  -0.200000
 19.52750   22.72983 -26.27519  -0.200000
 19.54321   23.14818 -22.89375  -0.006000
 19.05832   25.09793 -22.44042   0.103000
 18.16373   21.88046 -22.03821   0.103000
 22.17509   22.54553 -21.86043  -0.006000
 22.65997   20.59578 -22.31375   0.103000
 23.55457   23.81325 -22.71596   0.103000
 22.19079   22.96388 -18.47899  -0.200000
-25.05975  -24.55363   1.31313  -0.200000
-23.72081  -26.45894  -1.17409  -0.006000
-25.17077  -26.87635  -2.57607   0.103000
-22.17499  -25.43326  -2.06883   0.103000
-22.71842  -28.93135  -0.06053  -0.006000
-21.26843  -28.51395   1.34150   0.103000
-24.26423  -29.95703   0.83422   0.103000
-21.37944  -30.83666  -2.54773  -0.200000
 -2.21221  -34.31867  -0.88938  -0.200000
 -2.07481  -36.40521  -3.57946  -0.006000
 -1.27653  -38.21501  -3.00519   0.103000
 -3.97425  -36.69642  -4.32086   0.103000
 -0.41162  -35.22648  -5.62934  -0.006000
 -1.20992  -33.41669  -6.20363   0.103000
  1.48780  -34.93529  -4.88797   0.103000
 -0.27422  -37.31302  -8.31942  -0.200000
-27.85783   24.30188   6.91719  -0.200000
-29.91249   21.60736   7.27395  -0.006000
-29.54538   20.69845   9.08539   0.103000
-31.87575   22.22594   7.20105   0.103000
-29.41570   19.72685   5.13518  -0.006000
-29.78280   20.63575   3.32374   0.103000
-27.45245   19.10825   5.20807   0.103000
-31.47037   17.03235   5.49192  -0.200000
  2.84693   -1.07276  30.54242  -0.200000
  0.56792    1.29907  31.43121  -0.006000
 -0.44477    1.94058  29.75635   0.103000
 -0.76895    0.49707  32.77724   0.103000
  1.93243    3.53861  32.64778  -0.006000
  2.94510    2.89708  34.32264   0.103000
  3.26928    4.34059  31.30174   0.103000
 -0.34658    5.91042  33.53655  -0.200000
 -5.06968    0.52863 -29.76043  -0.200000
 -5.13131   -1.34758 -32.60388  -0.006000
 -6.08694   -3.13303 -32.22835   0.103000
 -6.14061   -0.32526 -34.07985   0.103000
 -2.42391   -1.86905 -33.47313  -0.006000
 -1.46826   -0.08362 -33.84866   0.103000
 -1.41459   -2.89138 -31.99716   0.103000
 -2.48554   -3.74529 -36.31659  -0.200000
 -8.29165   21.49055  32.82851  -0.200000
 -7.33934   21.05219  29.58653  -0.006000
 -6.74834   19.09976  29.30204   0.103000
 -8.92357   21.47884  28.34141   0.103000
 -5.13560   22.82287  28.98169  -0.006000
 -5.72659   24.77527  29.26619   0.103000
 -3.55138   22.39620  30.22681   0.103000
 -4.18329   22.38451  25.73971  -0.200000
 38.00929   -9.23641  11.99781  -0.200000
 36.80969   -9.73759   8.84834  -0.006000
 38.32070   -9.43614   7.48158   0.103000
 36.10569  -11.66587   8.68008   0.103000
 34.65750   -7.87838   8.32970  -0.006000
 33.14650   -8.17983   9.69649   0.103000
 35.36150   -5.95011   8.49797   0.103000
 33.45792   -8.37957   5.18025  -0.200000
-14.77135    9.53348  29.76147  -0.200000
-12.26941    7.23206  29.99198  -0.006000
-13.03242    5.35067  29.64514   0.103000
-10.81747    7.65324  28.59314   0.103000
-11.11225    7.32855  32.63946  -0.006000
-10.34924    9.20994  32.98630   0.103000
-12.56418    6.90736  34.03831   0.103000
 -8.61031    5.02713  32.86997  -0.200000
-28.50648  -11.18455 -14.76271  -0.200000
-30.84740  -13.25522 -16.11986  -0.006000
-30.12067  -15.18200 -16.15856   0.103000
-32.56352  -13.19095 -14.98271   0.103000
-31.44587  -12.39779 -18.81506  -0.006000
-32.17263  -10.47099 -18.77634   0.103000
-29.72978  -12.46204 -19.95220   0.103000
-33.78679  -14.46844 -20.17220  -0.200000
 19.19733  -27.27977  -4.77711  -0.200000
 19.43043  -29.24982  -7.54732  -0.006000
 17.75961  -30.44674  -7.68174   0.103000
 19.56205  -28.06285  -9.22542   0.103000
 21.79004  -30.90887  -7.35415  -0.006000
 23.46086  -29.71194  -7.21974   0.103000
 21.65840  -32.09585  -5.67606   0.103000
 22.02311  -32.87891 -10.12438  -0.200000
  1.92162   20.16599 -28.62725  -0.200000
  1.93327   23.47815 -27.82807  -0.006000
  0.52340   24.46328 -28.96124   0.103000
  1.48878   23.70429 -25.82968   0.103000
  4.54747   24.58970 -28.36454  -0.006000
  5.95734   23.60455 -27.23137   0.103000
  4.99196   24.36354 -30.36293   0.103000
  4.55912   27.90184 -27.56536  -0.200000
  8.65362  -31.02908  11.26621  -0.200000
 10.23568  -33.95923  10.54456  -0.006000
  9.31648  -35.50263  11.55218   0.103000
 10.14133  -34.30977   8.51711   0.103000
 13.00273  -33.78764  11.36409  -0.006000
 13.92195  -32.24425  10.35647   0.103000
 13.09711  -33.43710  13.39156   0.103000
 14.58479  -36.71779  10.64245  -0.200000
 13.15470  -14.71414 -34.17190  -0.200000
 11.68144  -14.07551 -31.16671  -0.006000
 11.81869  -12.06350 -30.74804   0.103000
  9.69864  -14.62782 -31.24241   0.103000
 13.02233  -15.58329 -29.09642  -0.006000
 12.88506  -17.59532 -29.51510   0.103000
 15.00511  -15.03098 -29.02071   0.103000
 11.54906  -14.94465 -26.09122  -0.200000
 -8.71925  -22.47618 -22.69542  -0.200000
 -9.37620  -25.28850 -24.50321  -0.006000
-11.11767  -26.15198 -23.82204   0.103000
 -9.58669  -24.79370 -26.49145   0.103000
 -7.19264  -27.15916 -24.20269  -0.006000
 -5.45114  -26.29569 -24.88388   0.103000
 -6.98214  -27.65397 -22.21447   0.103000
 -7.84958  -29.97149 -26.01047  -0.200000
 28.05091   -9.97964 -20.18031  -0.200000
 26.66120   -7.41559 -21.94199  -0.006000
 24.60818   -7.55675 -21.85672   0.103000
 27.26072   -5.62001 -21.13035   0.103000
 27.52248   -7.56168 -24.69779  -0.006000
 29.57552   -7.42052 -24.78308   0.103000
 26.92298   -9.35724 -25.50945   0.103000
 26.13280   -4.99761 -26.45947  -0.200000
-23.82816  -26.80654 -13.41738  -0.200000
-20.71410  -27.02688 -12.05235  -0.006000
-19.36952  -27.61102 -13.49913   0.103000
-20.16128  -25.19016 -11.30206   0.103000
-20.73438  -28.97334  -9.91496  -0.006000
-22.07897  -28.38922  -8.46818   0.103000
-21.28720  -30.81006 -10.66524   0.103000
-17.62030  -29.19370  -8.54995  -0.200000
-37.32770    2.19567  16.00471  -0.200000
-34.10107    2.37731  14.92536  -0.006000
-33.36831    0.47564  14.62701   0.103000
-34.02684    3.42772  13.15522   0.103000
-32.49433    3.72709  16.91380  -0.006000
-33.22709    5.62878  17.21214   0.103000
-32.56856    2.67670  18.68395   0.103000
-29.26770    3.90873  15.83445  -0.200000
 -7.04543  -33.11719 -13.37062  -0.200000
 -9.15302  -33.44802 -10.71397  -0.006000
 -9.99021  -31.61950 -10.26926   0.103000
-10.64337  -34.79035 -11.18230   0.103000
 -7.67389  -34.41189  -8.42470  -0.006000
 -6.83671  -36.24039  -8.86941   0.103000
 -6.18354  -33.06956  -7.95637   0.103000
 -9.78147  -34.74271  -5.76805  -0.200000
 22.86565   34.83206 -12.07745  -0.200000
 24.91152   32.33620 -13.17028  -0.006000
 25.67004   32.83008 -15.02043   0.103000
 26.46129   32.08492 -11.83713   0.103000
 23.40698   29.87587 -13.37223  -0.006000
 22.64848   29.38197 -11.52209   0.103000
 21.85721   30.12715 -14.70538   0.103000
 25.45285   27.38002 -14.46506  -0.200000
-14.47799  -19.35577  23.00857  -0.200000
-15.40635  -22.35440  24.33359  -0.006000
-15.60827  -22.17047  26.37508   0.103000
-17.20352  -22.94016  23.51547   0.103000
-13.38714  -24.33652  23.74069  -0.006000
-13.18522  -24.52044  21.69916   0.103000
-11.58997  -23.75074  24.55879   0.103000
-14.31551  -27.33513  25.06569  -0.200000
 -8.90242    8.37946 -35.21922  -0.200000
 -6.07564    8.99168 -33.41811  -0.006000
 -4.66537    9.87478 -34.63195   0.103000
 -6.51920   10.25209 -31.85067   0.103000
 -5.03281    6.50104 -32.38518  -0.006000
 -6.44308    5.61793 -31.17132   0.103000
 -4.58924    5.24065 -33.95261   0.103000
 -2.20605    7.11327 -30.58406  -0.200000
 30.23222   -5.45970  17.38998  -0.200000
 32.98891   -7.45822  17.26503  -0.006000
 32.48747   -9.35957  17.87806   0.103000
 33.70240   -7.52476  15.33399   0.103000
 35.03223   -6.39168  19.01002  -0.006000
 35.53367   -4.49033  18.39699   0.103000
 34.31875   -6.32514  20.94104   0.103000
 37.78893   -8.39021  18.88507  -0.200000
 17.90918   42.32437  -0.36538  -0.200000
 19.52310   39.35833  -0.82071  -0.006000
 21.23737   39.67042  -1.91892   0.103000
 20.01711   38.55667   1.01110   0.103000
 17.79213   37.52701  -2.23772  -0.006000
 16.07788   37.21491  -1.13949   0.103000
 17.29816   38.32867  -4.06953   0.103000
 19.40607   34.56097  -2.69303  -0.200000
-10.61032  -16.82359 -26.56728  -0.200000
 -9.69477  -17.42016 -29.79454  -0.006000
 -7.64014  -17.41377 -29.93823   0.103000
-10.41918  -19.25519 -30.38623   0.103000
-10.78559  -15.35839 -31.50247  -0.006000
-12.84022  -15.36478 -31.35881   0.103000
-10.06120  -13.52335 -30.91082   0.103000
 -9.87006  -15.95496 -34.72975  -0.200000
$end
