Header
  1      1(1)a  3.25200  0.46800 0.037610 0.490560 0.114890 0.011270 0.073130 0.203800 0.047270
  2      2(1)a  3.95900  0.00000 0.028040 0.045200 0.219100 0.000030 0.559380 0.017060 0.067680
  3      3(1)a  4.45700  0.00100 0.037720 0.309580 0.129970 0.001950 0.002600 0.445980 0.047190
  4      4(1)a  4.74700  0.00100 0.028800 0.068780 0.205270 0.000020 0.490620 0.026150 0.083640
  5      5(1)a  4.96100  0.05400 0.022420 0.292550 0.182850 0.002830 0.016890 0.402990 0.048660
  6      6(1)a  5.83000  0.13100 0.040020 0.066690 0.224310 0.008190 0.389660 0.113240 0.086000
  7      7(1)a  5.85100  0.07800 0.050520 0.122430 0.207860 0.019580 0.197770 0.255120 0.084800
  8      8(1)a  6.02000  0.00200 0.055170 0.047050 0.207480 0.021840 0.007140 0.362530 0.044830
  9      9(1)a  6.26800  0.05100 0.047390 0.456450 0.107710 0.004930 0.039830 0.229440 0.045120
 10     10(1)a  6.54300  0.00200 0.075300 0.151730 0.124170 0.030610 0.018250 0.221420 0.048250
