3
     1(1)a  0.95273  0.07313  0.04148  0.00637  0.36127  0.20380  0.03124  0.12929  0.07341  0.01127
     2(1)a  0.93232  0.55938  0.21876  0.02607  0.04418  0.01706  0.00197  0.00102  0.00034  0.00003
     3(1)a  0.95281  0.00260  0.04772  0.00121  0.30664  0.44598  0.03651  0.00294  0.08225  0.00195
     4(1)a  0.91636  0.49062  0.20502  0.02582  0.06813  0.02615  0.00298  0.00065  0.00025  0.00002
     5(1)a  0.95134  0.01689  0.05486  0.00263  0.28799  0.40299  0.01979  0.00456  0.12799  0.00283
     6(1)a  0.91400  0.38966  0.18010  0.02352  0.05994  0.11324  0.01650  0.00675  0.04421  0.00819
     7(1)a  0.91520  0.19777  0.10207  0.01249  0.11308  0.25512  0.03803  0.00935  0.10579  0.01958
     8(1)a  0.95517  0.00714  0.05789  0.00709  0.03609  0.36253  0.04808  0.01096  0.14959  0.02184
     9(1)a  0.95488  0.03983  0.05338  0.01001  0.29744  0.22944  0.03738  0.15901  0.05433  0.00493
    10(1)a  0.95175  0.01825  0.03647  0.00948  0.10937  0.22142  0.06582  0.04236  0.08770  0.03061
