Header
  1      1(1)a  3.67800  0.00000 0.023340 0.047030 0.219970 0.000020 0.621840 0.015670 0.048560
  2      2(1)a  3.87200  0.43400 0.045330 0.434300 0.119610 0.011280 0.054280 0.271900 0.048810
  3      3(1)a  4.48400  0.00100 0.026400 0.065450 0.220370 0.000020 0.575950 0.021870 0.056950
  4      4(1)a  4.59900  0.00800 0.038440 0.138980 0.189450 0.003440 0.001950 0.558590 0.049510
  5      5(1)a  5.35500  0.02800 0.041480 0.314060 0.144280 0.002780 0.096450 0.331030 0.047540
  6      6(1)a  5.76700  0.00100 0.205240 0.006110 0.234540 0.101940 0.000580 0.344770 0.041800
  7      7(1)a  5.86200  0.26100 0.034810 0.071580 0.238360 0.000720 0.460780 0.072730 0.087620
  8      8(1)a  6.09400  0.02300 0.066660 0.180110 0.164840 0.023040 0.035180 0.359700 0.120690
  9      9(1)a  6.41500  0.00400 0.074660 0.103540 0.188740 0.019110 0.013230 0.418860 0.063430
 10     10(1)a  6.77000  0.00000 0.022790 0.001860 0.814870 0.000030 0.020590 0.067120 0.047960
