3
     1(1)a  0.95144  0.62184  0.21972  0.02187  0.04618  0.01567  0.00147  0.00085  0.00025  0.00002
     2(1)a  0.95119  0.05428  0.04270  0.00626  0.33654  0.27190  0.03907  0.09776  0.07691  0.01128
     3(1)a  0.94305  0.57595  0.22021  0.02431  0.06505  0.02187  0.00209  0.00040  0.00016  0.00002
     4(1)a  0.95049  0.00195  0.06802  0.00202  0.13635  0.55859  0.03642  0.00263  0.12143  0.00344
     5(1)a  0.95246  0.09645  0.07544  0.00817  0.31160  0.33103  0.03331  0.00246  0.06884  0.00278
     6(1)a  0.95820  0.00058  0.04705  0.02434  0.00408  0.34477  0.18090  0.00203  0.18749  0.10194
     7(1)a  0.91238  0.46078  0.22108  0.02707  0.07090  0.07273  0.00774  0.00068  0.01728  0.00072
     8(1)a  0.87931  0.03518  0.04471  0.00749  0.16171  0.35970  0.05917  0.01840  0.12013  0.02304
     9(1)a  0.93657  0.01323  0.06604  0.01023  0.08072  0.41886  0.06443  0.02282  0.12270  0.01911
    10(1)a  0.95204  0.02059  0.81346  0.02106  0.00182  0.06712  0.00173  0.00004  0.00141  0.00003
