Header
  1      1(1)a  3.71200  0.00000 0.030470 0.042580 0.237890 0.000040 0.576730 0.017420 0.068460
  2      2(1)a  4.24500  0.50100 0.046700 0.415250 0.137440 0.013600 0.050260 0.283050 0.047260
  3      3(1)a  4.40100  0.00000 0.033220 0.057930 0.247750 0.000170 0.518490 0.025680 0.079490
  4      4(1)a  4.65600  0.01200 0.035610 0.085540 0.208610 0.003430 0.001820 0.606570 0.047540
  5      5(1)a  5.56500  0.00500 0.045790 0.220500 0.171870 0.001360 0.240260 0.256970 0.052900
  6      6(1)a  5.93700  0.02400 0.121940 0.032080 0.233570 0.048840 0.024750 0.369720 0.067690
  7      7(1)a  5.99900  0.28900 0.048690 0.150770 0.208020 0.004840 0.287470 0.201100 0.075560
  8      8(1)a  6.25400  0.00500 0.065660 0.206480 0.154670 0.023650 0.036800 0.338860 0.121540
  9      9(1)a  6.58900  0.00800 0.195360 0.055750 0.152910 0.092960 0.006050 0.277520 0.081530
 10     10(1)a  6.68500  0.00100 0.048960 0.049160 0.231170 0.013920 0.004650 0.452570 0.072450
