3
     1(1)a  0.93154  0.57673  0.23735  0.02849  0.04179  0.01742  0.00198  0.00079  0.00054  0.00004
     2(1)a  0.95274  0.05026  0.04434  0.00647  0.30951  0.28305  0.04023  0.10574  0.09310  0.01360
     3(1)a  0.92051  0.51849  0.24626  0.03036  0.05740  0.02568  0.00286  0.00053  0.00149  0.00017
     4(1)a  0.95246  0.00182  0.06990  0.00186  0.08295  0.60657  0.03375  0.00259  0.13871  0.00343
     5(1)a  0.94710  0.24026  0.13562  0.01621  0.21896  0.25697  0.02958  0.00154  0.03625  0.00136
     6(1)a  0.93231  0.02475  0.06844  0.01547  0.02568  0.36972  0.10647  0.00640  0.16513  0.04884
     7(1)a  0.92444  0.28747  0.16473  0.02113  0.14880  0.20110  0.02756  0.00197  0.04329  0.00484
     8(1)a  0.87846  0.03680  0.03824  0.00681  0.18407  0.33886  0.05885  0.02241  0.11643  0.02365
     9(1)a  0.91847  0.00605  0.03898  0.02274  0.04099  0.27752  0.17262  0.01476  0.11393  0.09296
    10(1)a  0.92755  0.00465  0.06362  0.00594  0.03341  0.45257  0.04302  0.01575  0.16755  0.01392
