Header
  1      1(1)a  3.76800  0.00000 0.014850 0.039620 0.166600 0.000010 0.664830 0.011400 0.102700
  2      2(1)a  4.41500  0.44000 0.030980 0.387640 0.136030 0.016920 0.061770 0.249780 0.116880
  3      3(1)a  4.44300  0.00100 0.016090 0.055020 0.168850 0.000010 0.643220 0.018210 0.098600
  4      4(1)a  4.69700  0.01000 0.029350 0.058410 0.213000 0.004110 0.000850 0.592680 0.101590
  5      5(1)a  5.59500  0.00100 0.256710 0.005130 0.193940 0.177180 0.000710 0.286870 0.079480
  6      6(1)a  5.65100  0.00200 0.029090 0.196330 0.156020 0.002070 0.283170 0.221210 0.112100
  7      7(1)a  6.08600  0.30800 0.029460 0.156430 0.178400 0.003040 0.343710 0.176540 0.112410
  8      8(1)a  6.36500  0.00200 0.046720 0.209560 0.210100 0.036820 0.043110 0.352790 0.100910
  9      9(1)a  6.47600  0.00100 0.150290 0.022290 0.243690 0.092810 0.002530 0.405040 0.083350
 10     10(1)a  6.50100  0.00800 0.112000 0.082220 0.212810 0.084940 0.012970 0.408070 0.086990
 11     11(1)a  6.62700  0.00000 0.009210 0.001250 0.744620 0.000040 0.015060 0.065080 0.164740
 12     12(1)a  6.99900  0.00200 0.035010 0.034040 0.290110 0.020440 0.004420 0.531250 0.084730
 13     13(1)a  7.03500  0.60500 0.021060 0.013710 0.092870 0.011850 0.001920 0.771980 0.086600
 14     14(1)a  7.06400  0.00000 0.009420 0.001880 0.711290 0.000010 0.013540 0.107450 0.156410
 15     15(1)a  7.29200  0.00100 0.163020 0.024910 0.018540 0.002860 0.002240 0.706420 0.082010
