3
     1(1)a  0.89730  0.66483  0.16654  0.01389  0.03948  0.01140  0.00096  0.00014  0.00006  0.00001
     2(1)a  0.88312  0.06177  0.03480  0.00348  0.29501  0.24978  0.02750  0.09263  0.10123  0.01692
     3(1)a  0.90140  0.64322  0.16875  0.01449  0.05488  0.01821  0.00160  0.00014  0.00010  0.00001
     4(1)a  0.89841  0.00085  0.06364  0.00093  0.05705  0.59268  0.02842  0.00136  0.14936  0.00411
     5(1)a  0.92052  0.00071  0.03418  0.02498  0.00389  0.28687  0.23173  0.00124  0.15976  0.17718
     6(1)a  0.88790  0.28317  0.11207  0.00960  0.19539  0.22121  0.01949  0.00094  0.04395  0.00207
     7(1)a  0.88759  0.34371  0.13025  0.01186  0.15584  0.17654  0.01760  0.00059  0.04815  0.00304
     8(1)a  0.89909  0.04311  0.03806  0.00382  0.18113  0.35279  0.04290  0.02843  0.17204  0.03682
     9(1)a  0.91665  0.00253  0.04881  0.01494  0.01642  0.40504  0.13535  0.00587  0.19488  0.09281
    10(1)a  0.91301  0.01297  0.05711  0.01048  0.06477  0.40807  0.10152  0.01745  0.15570  0.08494
    11(1)a  0.83526  0.01506  0.74370  0.00846  0.00123  0.06508  0.00075  0.00002  0.00092  0.00004
    12(1)a  0.91527  0.00442  0.07099  0.00356  0.02526  0.53125  0.03145  0.00878  0.21912  0.02044
    13(1)a  0.91340  0.00192  0.05260  0.00117  0.01195  0.77198  0.01989  0.00176  0.04027  0.01185
    14(1)a  0.84359  0.01354  0.71090  0.00819  0.00187  0.10745  0.00123  0.00001  0.00039  0.00001
    15(1)a  0.91799  0.00224  0.01515  0.00265  0.02480  0.70642  0.16037  0.00011  0.00339  0.00286
