Header
  1      1(1)a  3.67000  0.00000 0.023990 0.049760 0.230880 0.000030 0.606830 0.018890 0.049570
  2      2(1)a  4.07100  0.49900 0.044660 0.426860 0.132690 0.012580 0.054790 0.267750 0.049580
  3      3(1)a  4.41400  0.00200 0.028820 0.057740 0.236100 0.000040 0.545350 0.021710 0.068210
  4      4(1)a  4.63300  0.01000 0.034840 0.097590 0.212680 0.003320 0.002130 0.580920 0.046360
  5      5(1)a  5.45600  0.00500 0.043890 0.244670 0.167670 0.000950 0.181000 0.265290 0.065550
  6      6(1)a  5.85400  0.05300 0.170020 0.036720 0.187230 0.061760 0.061940 0.292020 0.096720
  7      7(1)a  5.90300  0.21700 0.089510 0.114560 0.214250 0.022870 0.218300 0.194420 0.095210
  8      8(1)a  6.20400  0.00400 0.071490 0.202370 0.166540 0.023230 0.037290 0.356730 0.101940
  9      9(1)a  6.33400  0.00700 0.131820 0.087960 0.170940 0.040000 0.010040 0.377770 0.068710
 10     10(1)a  6.63500  0.00000 0.104950 0.068460 0.167970 0.029320 0.008480 0.365650 0.098580
