3
     1(1)a  0.95043  0.60683  0.23054  0.02216  0.04890  0.01889  0.00183  0.00086  0.00034  0.00003
     2(1)a  0.95042  0.05479  0.04488  0.00643  0.31952  0.26775  0.03823  0.10734  0.08781  0.01258
     3(1)a  0.93179  0.54535  0.23581  0.02666  0.05738  0.02171  0.00216  0.00036  0.00029  0.00004
     4(1)a  0.95364  0.00213  0.07336  0.00184  0.09450  0.58092  0.03300  0.00309  0.13932  0.00332
     5(1)a  0.93445  0.18100  0.13095  0.01668  0.24286  0.26529  0.02721  0.00181  0.03672  0.00095
     6(1)a  0.90328  0.06194  0.08376  0.02334  0.03338  0.29202  0.14668  0.00334  0.10347  0.06176
     7(1)a  0.90479  0.21830  0.16587  0.02595  0.11309  0.19442  0.06356  0.00147  0.04838  0.02287
     8(1)a  0.89806  0.03729  0.04286  0.00771  0.18107  0.35673  0.06378  0.02130  0.12368  0.02323
     9(1)a  0.93129  0.01004  0.05682  0.01593  0.06733  0.37777  0.11589  0.02063  0.11412  0.04000
    10(1)a  0.90142  0.00848  0.05169  0.01315  0.05376  0.36565  0.09180  0.01470  0.11628  0.02932
