Header
  1      2(1)a  3.73000  0.49500 0.029700 0.422620 0.121240 0.015020 0.076160 0.213170 0.122100
  2      1(1)a  3.73300  0.00000 0.016550 0.039640 0.169360 0.000010 0.659870 0.011530 0.103050
  3      3(1)a  4.51200  0.00100 0.017600 0.053870 0.170050 0.000000 0.642220 0.017500 0.098750
  4      4(1)a  4.61100  0.01200 0.030240 0.085670 0.213860 0.003270 0.001190 0.563810 0.101960
  5      5(1)a  5.31000  0.01900 0.028270 0.277820 0.130530 0.001920 0.169170 0.276480 0.115790
  6      6(1)a  5.70900  0.00000 0.153090 0.014970 0.252770 0.099820 0.002260 0.396880 0.080220
  7      7(1)a  5.79700  0.31000 0.023860 0.102490 0.180690 0.000930 0.484880 0.095510 0.111640
  8      8(1)a  6.04900  0.01900 0.050380 0.184000 0.231690 0.040130 0.045800 0.344680 0.103320
  9      9(1)a  6.38900  0.00800 0.166300 0.096670 0.190300 0.116390 0.015080 0.330160 0.085080
 10     10(1)a  6.50900  0.00000 0.089830 0.057140 0.264670 0.051670 0.007270 0.444310 0.085110
 11     12(1)a  6.90300  0.05200 0.026780 0.102420 0.263540 0.011270 0.012750 0.486260 0.096980
 12     11(1)a  6.92800  0.31700 0.036070 0.226240 0.112340 0.003620 0.025510 0.470310 0.125920
 13     13(1)a  6.96700  0.28900 0.022280 0.141110 0.101350 0.010690 0.013060 0.614900 0.096610
 14     15(1)a  7.33200  0.00100 0.110530 0.259730 0.152900 0.071770 0.034770 0.280550 0.089750
 15     14(1)a  7.35200  0.00000 0.059210 0.061460 0.021370 0.000140 0.006270 0.772370 0.079180
