3
     2(1)a  0.87790  0.07616  0.03604  0.00391  0.32051  0.21317  0.02579  0.10211  0.08520  0.01502
     1(1)a  0.89695  0.65987  0.16929  0.01548  0.03947  0.01153  0.00107  0.00017  0.00007  0.00001
     3(1)a  0.90125  0.64222  0.17001  0.01591  0.05378  0.01750  0.00169  0.00009  0.00004  0.00000
     4(1)a  0.89804  0.00119  0.06996  0.00092  0.08422  0.56381  0.02932  0.00145  0.14390  0.00327
     5(1)a  0.88421  0.16917  0.06897  0.00546  0.27655  0.27648  0.02281  0.00127  0.06156  0.00192
     6(1)a  0.91978  0.00226  0.05864  0.01724  0.01120  0.39688  0.13585  0.00377  0.19413  0.09982
     7(1)a  0.88836  0.48488  0.15564  0.01483  0.10217  0.09551  0.00903  0.00032  0.02505  0.00093
     8(1)a  0.89668  0.04580  0.04056  0.00443  0.16277  0.34468  0.04595  0.02123  0.19113  0.04013
     9(1)a  0.91492  0.01508  0.05638  0.01835  0.07219  0.33016  0.14795  0.02448  0.13392  0.11639
    10(1)a  0.91489  0.00727  0.06388  0.01034  0.04122  0.44431  0.07949  0.01592  0.20079  0.05167
    12(1)a  0.90302  0.01275  0.08651  0.00383  0.07302  0.48626  0.02295  0.02940  0.17703  0.01127
    11(1)a  0.87408  0.02551  0.05223  0.00686  0.16037  0.47031  0.02921  0.06587  0.06011  0.00362
    13(1)a  0.90339  0.01306  0.04962  0.00199  0.08798  0.61490  0.02029  0.05313  0.05173  0.01069
    15(1)a  0.91025  0.03477  0.03938  0.01227  0.19358  0.28055  0.09826  0.06615  0.11352  0.07177
    14(1)a  0.92082  0.00627  0.01654  0.00060  0.05805  0.77237  0.05861  0.00341  0.00483  0.00014
