Header
  1      1(1)a  3.66500  0.00000 0.020540 0.052290 0.218240 0.000020 0.627100 0.018070 0.046470
  2      2(1)a  3.96500  0.40400 0.044980 0.437790 0.128550 0.012880 0.056420 0.257270 0.049160
  3      3(1)a  4.46200  0.00100 0.022570 0.066700 0.220700 0.000010 0.592170 0.021780 0.053260
  4      4(1)a  4.59700  0.01200 0.039800 0.092120 0.204270 0.004060 0.001820 0.583690 0.048160
  5      5(1)a  5.39300  0.01900 0.049380 0.299640 0.132540 0.002380 0.118520 0.306960 0.061970
  6      6(1)a  5.83700  0.11300 0.180470 0.043630 0.191070 0.073630 0.192990 0.121020 0.111520
  7      7(1)a  5.89100  0.13000 0.182120 0.057810 0.175930 0.066640 0.150030 0.164800 0.110780
  8      8(1)a  6.08000  0.00800 0.068350 0.197280 0.154500 0.022820 0.035370 0.332240 0.122950
  9      9(1)a  6.49400  0.00800 0.065640 0.148470 0.168580 0.018640 0.018170 0.360330 0.065630
 10     10(1)a  6.68300  0.00000 0.026110 0.001890 0.809080 0.000050 0.020730 0.071650 0.049680
