3
     1(1)a  0.95353  0.62710  0.21798  0.01894  0.05142  0.01807  0.00160  0.00087  0.00026  0.00002
     2(1)a  0.95084  0.05642  0.04355  0.00660  0.32753  0.25727  0.03838  0.11026  0.08500  0.01288
     3(1)a  0.94674  0.59217  0.22059  0.02081  0.06648  0.02178  0.00176  0.00022  0.00011  0.00001
     4(1)a  0.95184  0.00182  0.07173  0.00230  0.08955  0.58369  0.03750  0.00257  0.13254  0.00406
     5(1)a  0.93803  0.11852  0.09188  0.01238  0.29777  0.30696  0.03700  0.00187  0.04066  0.00238
     6(1)a  0.88848  0.19299  0.14160  0.03745  0.04242  0.12102  0.14302  0.00121  0.04947  0.07363
     7(1)a  0.88922  0.15003  0.11712  0.03546  0.05604  0.16480  0.14666  0.00177  0.05881  0.06664
     8(1)a  0.87705  0.03537  0.04185  0.00775  0.17278  0.33224  0.06060  0.02450  0.11265  0.02282
     9(1)a  0.93437  0.01817  0.05473  0.00850  0.11464  0.36033  0.05714  0.03383  0.11385  0.01864
    10(1)a  0.95032  0.02073  0.80728  0.02398  0.00184  0.07165  0.00213  0.00005  0.00180  0.00005
