Header
  1      1(1)a  3.72200  0.00000 0.024320 0.044790 0.217760 0.000010 0.627150 0.015390 0.047650
  2      2(1)a  3.88100  0.47200 0.041050 0.468280 0.112630 0.010340 0.058200 0.254390 0.048690
  3      3(1)a  4.51100  0.00000 0.026630 0.063510 0.228270 0.000020 0.592600 0.021760 0.049640
  4      4(1)a  4.62300  0.00800 0.042700 0.138220 0.205620 0.004430 0.002210 0.550590 0.046290
  5      5(1)a  5.36700  0.01900 0.037070 0.300740 0.143810 0.001870 0.124970 0.325400 0.048840
  6      6(1)a  5.81200  0.00100 0.198570 0.008410 0.232710 0.100220 0.001150 0.356240 0.049200
  7      7(1)a  5.86300  0.28500 0.036330 0.087880 0.242650 0.000750 0.437650 0.089620 0.081880
  8      8(1)a  6.13000  0.02700 0.067070 0.211740 0.173230 0.025290 0.041970 0.365090 0.090970
  9      9(1)a  6.44700  0.00800 0.175530 0.053250 0.180590 0.089070 0.005930 0.321000 0.049890
 10     10(1)a  6.76300  0.00000 0.064670 0.038090 0.263270 0.023400 0.004680 0.458910 0.049240
