3
     1(1)a  0.95235  0.62715  0.21763  0.02279  0.04433  0.01539  0.00153  0.00046  0.00013  0.00001
     2(1)a  0.95131  0.05820  0.03975  0.00564  0.36148  0.25439  0.03541  0.10680  0.07288  0.01034
     3(1)a  0.95036  0.59260  0.22811  0.02465  0.06326  0.02176  0.00198  0.00025  0.00016  0.00002
     4(1)a  0.95371  0.00221  0.07131  0.00247  0.13522  0.55059  0.04023  0.00300  0.13431  0.00443
     5(1)a  0.95116  0.12497  0.08030  0.00826  0.29870  0.32540  0.02881  0.00204  0.06351  0.00187
     6(1)a  0.95080  0.00115  0.05320  0.02215  0.00625  0.35624  0.17642  0.00216  0.17951  0.10022
     7(1)a  0.91812  0.43765  0.22209  0.02661  0.08712  0.08962  0.00972  0.00076  0.02056  0.00075
     8(1)a  0.90903  0.04197  0.04331  0.00701  0.19098  0.36509  0.06006  0.02076  0.12992  0.02529
     9(1)a  0.95011  0.00593  0.05394  0.02064  0.03669  0.32100  0.15489  0.01656  0.12665  0.08907
    10(1)a  0.95076  0.00468  0.06591  0.00787  0.02821  0.45891  0.05680  0.00988  0.19736  0.02340
