$coord
    2.61980292706468      0.00000000000000      0.00000000000000      c
    0.00000000000000      0.00000000000000      0.00000000000000      c
   -1.34720465739550      2.24684657747837      0.00000000000000      c
   -0.06734983937604      4.50578740220721      0.00024566439728      c
    2.58047772623933      4.55601632281931      0.00156847269030      c
    3.89895854641497      2.25931876995542      0.00024566439728      c
    3.62632775722356     -1.77388592093975      0.00160626721295      h
   -3.38618136025646      2.19784597885265      0.00158736995162      h
   -1.10855114407338      6.26582163059291     -0.00398732214039      h
    5.94392568111717      2.27145081172854     -0.00394952761773      h
   -1.34909438352839     -2.38186750967305      0.00328812347122      n
   -3.65049735446317     -2.32950319853079      0.00481880163886      o
   -0.12067791084608     -4.32872006355583      0.00476210985487      o
    3.85103509168499      6.79931021516786     -0.06266331856649      n
    2.91080185426774      8.40134444158299      0.33024853898310      h
    5.70852249674361      6.81673349011307      0.33021074446044      h
   13.23078523856953     10.17190444452887      5.40607182917526      c
   15.19500437561353     10.72956262634342      3.35900709846556      c
   13.96734379338437     11.25350809394729      0.79415740734519      c
   12.15452951410717      9.14223046924214      0.00924076078981      c
   10.19029147980184      8.58457228742759      2.05630549149951      c
   11.41795206203100      8.06060792256238      4.62111738809722      c
   12.13969516396402     11.87968774534028      5.75240193754921      h
   14.21168538236648      9.59302463824201      7.11759678772979      h
   16.27679699764524     12.38526507493251      3.92004789005798      h
   16.43251043099502      9.09821874760723      3.17400291005606      h
   12.91185615912242     13.01342893876502      0.91823682523046      h
   15.44830326646552     11.40867350671853     -0.62351513754562      h
   13.24561958871268      7.43442827116940     -0.33710824484547      h
   11.17362937031022      9.72109137826767     -1.70226530050339      h
    8.95280432168168     10.21591616616377      2.24129078264769      h
    9.10851775503146      6.92885094157717      1.49524580264577      h
   12.47345859355428      6.30068707774465      4.49705686747328      h
    9.93701148621118      7.90546140705247      6.03880883024936      h
   -1.09530416388185      9.65393051150491      5.56116165290119      c
    1.31069514850815      8.51159106417554      6.68624790063731      c
    3.14027129858405     10.54559778730700      7.62190800081298      c
    3.72489587231488     12.50159661567295      5.57448422213803      c
    1.31891545718621     13.64395496026365      4.44941687166323      c
   -0.51067959015102     11.60996713439351      3.51375677148756      c
   -2.15183114751688     10.57379250120966      7.06598836704068      h
   -2.21200002758796      8.14299998195620      4.72658300357357      h
    0.78943309201298      7.31560229193355      8.27516742769022      h
    2.25092838592541      7.39956282401766      5.23497602510380      h
    2.28789142908465     11.50829986844427      9.22609651501960      h
    4.89756542407706      9.63936072302036      8.18570779255941      h
    4.78142285594991     11.58175352322953      4.06967640525986      h
    4.84159173602099     14.01254604248299      6.40908176872697      h
    0.37866332250763     14.75598320042153      5.90068874719675      h
    1.84017751368138     14.83992483524431      2.86049734461033      h
    0.34170027934838     10.64724615599492      1.90956825728094      h
   -2.26799261290536     12.51618530141882      2.94995697974113      h
   -6.93402879118128      9.13491722910787     -0.53284607768976      c
   -7.82252132708012     11.76220347165878      0.28413922134069      c
  -10.69649241901792     12.03313350733059      0.11992202039292      c
  -11.70515263970696     11.31248644655465     -2.49218972131092      c
  -10.81666010380812      8.68518130674242     -3.30915612308004      c
   -7.94268901187032      8.41425127107060     -3.14493892213227      c
   -7.61039956866371      7.75757143989284      0.83554240965539      h
   -4.87919728606542      9.12664022864583     -0.59683220454927      h
   -7.24333916461200     12.07553896175255      2.23167207663130      h
   -6.95916214874866     13.16120552235668     -0.95051334758015      h
  -11.55412572716674     10.79558965742645      1.51977444785062      h
  -11.19441635777196     13.99160787693062      0.49900108264978      h
  -11.02878186222453     12.68981333850836     -3.86055931139474      h
  -13.75998414482282     11.32074454975537     -2.42820359445141      h
  -11.68001928213958      7.28619815330585     -2.07450355415920      h
  -11.39584226627624      8.37184581664865     -5.25668897837065      h
   -7.08503680646017      9.65179512097475     -4.54481024685130      h
   -7.44478397037761      6.45579579873191     -3.52401798438913      h
   -4.89544893080823    -11.07379513870987      2.45258106156563      c
   -5.69134488619568     -8.30974941592203      2.15921997669646      c
   -6.08875429194153     -7.01987904939827      4.71618950984270      c
   -7.91230221565352     -8.49866533742660      6.40377163829357      c
   -7.11638736300474    -11.26272995747578      6.69713272316273      c
   -6.71897795725889    -12.55260032399953      4.14016319001650      c
   -3.02288151120919    -11.13199870360275      3.29940513623435      h
   -4.86458970305821    -11.94956981773439      0.59288267693154      h
   -4.21543098188933     -7.30577571604254      1.13927809099410      h
   -7.45689711488941     -8.24245626832997      1.10794643171085      h
   -4.27374793035018     -6.88268493215077      5.67201298785626      h
   -6.86758602034902     -5.14487388308781      4.39213927257547      h
   -9.78485073799123     -8.44048066979506      5.55692866636352      h
   -7.94314254614221     -7.62290955566341      8.26345112566633      h
   -5.35081623704968    -11.33002310506783      7.74840626814834      h
   -8.59232016457242    -12.26668476009393      7.71709350612643      h
   -8.53398431885024    -12.68981333850836      3.18435860926427      h
   -5.94014622885140    -14.42760549030999      4.46421342728373      h
    9.18505166341333     -8.35701146650550     -4.57081287843981      c
    9.05579439592395    -11.21934184546472     -4.18366468559553      c
    6.33857608670901    -12.14313446552587     -3.83253467284404      c
    4.96754198277782    -10.70333322761897     -1.73323791182138      c
    5.09681814752853     -7.84100284865974     -2.12038610466566      c
    7.81399866222081     -6.91722912585992     -2.47149722015582      c
    8.30082990857481     -7.89661748875057     -6.36884949935784      h
   11.15934304074560     -7.78364966052666     -4.57950561865108      h
    9.85514855013458    -12.14283210934461     -5.83738292174508      h
   10.13694451107048    -11.70464241365108     -2.50358476989222      h
    5.31727359819097    -11.86523134042370     -5.59506333972516      h
    6.38166184253880    -14.13887423446640     -3.34043109057929      h
    5.85178263487767    -11.16372720537390      0.06479870909665      h
    2.99325060544554    -11.27671393085913     -1.72454517161011      h
    4.01566803238199     -7.35570228047338     -3.80046602036898      h
    4.29746399331790     -6.91751258477986     -0.46664897125478      h
    8.83532004800018     -7.19513225096209     -0.70896855327471      h
    7.77095070091367     -4.92148935691940     -2.96360080242057      h
  -12.04998986443593      1.99568307715654     -0.53681450256882      c
  -13.64518328225002     -0.35545748559579     -0.00113383567973      c
  -13.74248528083230     -0.97827342447224      2.82066191772910      c
  -11.10038358539957     -1.17523957930291      3.97834594125750      c
   -9.50519016758548      1.17588208618809      3.44264637710708      c
   -9.40788816900320      1.79869802506454      0.62086952095958      c
  -12.99982291060824      3.63161899039564      0.26847339169906      h
  -11.86082827853408      2.21150869879341     -2.57261646552653      h
  -15.56089314946284     -0.01502332275644     -0.66522139329840      h
  -12.81797456484066     -1.95189812265758     -0.99811554886754      h
  -14.77395449594527      0.51428896706483      3.78774816349465      h
  -14.70193703302100     -2.78046744288262      3.06294370522637      h
  -10.15055053922726     -2.81119438980334      3.17303914972828      h
  -11.28954517130142     -1.39106520093978      6.01412900695388      h
  -10.33239888499484      2.77232272324988      4.43964698755621      h
   -7.58948030037266      0.83544792334874      4.10673393472575      h
   -8.37641895389023      0.30613563352747     -0.34621672480598      h
   -8.44843641681450      3.60089204347492      0.37858773346231      h
$user-defined bonds
$end
