Header
  1      1(1)a  3.24900  0.45000 0.043640 0.453390 0.117640 0.012420 0.061120 0.231180 0.048680
  2      2(1)a  3.81600  0.00000 0.034430 0.043260 0.241280 0.000010 0.528560 0.020750 0.078010
  3      3(1)a  4.40700  0.00700 0.031550 0.163650 0.199240 0.002580 0.002150 0.515010 0.047650
  4      4(1)a  4.54000  0.00100 0.038280 0.055950 0.237490 0.000030 0.464110 0.026190 0.104270
  5      5(1)a  4.93800  0.04600 0.033150 0.369060 0.117460 0.001620 0.017760 0.358510 0.049190
  6      6(1)a  5.73900  0.05000 0.072460 0.121600 0.223080 0.032780 0.077670 0.309420 0.086680
  7      7(1)a  5.78900  0.18600 0.042320 0.038040 0.231560 0.004020 0.433510 0.060360 0.082160
  8      8(1)a  5.96100  0.00300 0.030550 0.056440 0.200030 0.010600 0.005980 0.350660 0.047230
  9      9(1)a  6.22700  0.04400 0.046830 0.421320 0.112930 0.007650 0.038750 0.223990 0.046990
 10     10(1)a  6.55600  0.00200 0.029950 0.088280 0.192060 0.010900 0.009620 0.339050 0.050920
