3
     1(1)a  0.95132  0.06112  0.04101  0.00665  0.33921  0.23118  0.03699  0.11418  0.07663  0.01242
     2(1)a  0.92199  0.52856  0.24078  0.03178  0.04174  0.02075  0.00265  0.00152  0.00050  0.00001
     3(1)a  0.95235  0.00215  0.06979  0.00144  0.16070  0.51501  0.03011  0.00295  0.12945  0.00258
     4(1)a  0.89573  0.46411  0.23730  0.03462  0.05560  0.02619  0.00366  0.00035  0.00019  0.00003
     5(1)a  0.95081  0.01776  0.03441  0.00214  0.36651  0.35851  0.03101  0.00255  0.08305  0.00162
     6(1)a  0.91332  0.07767  0.07241  0.01294  0.11138  0.30942  0.05952  0.01022  0.15067  0.03278
     7(1)a  0.91784  0.43351  0.21158  0.02968  0.03336  0.06036  0.01264  0.00468  0.01998  0.00402
     8(1)a  0.95277  0.00598  0.05597  0.00425  0.03927  0.35066  0.02630  0.01717  0.14406  0.01060
     9(1)a  0.95301  0.03875  0.04848  0.00906  0.27011  0.22399  0.03777  0.15121  0.06445  0.00765
    10(1)a  0.94908  0.00962  0.05261  0.00400  0.06207  0.33905  0.02595  0.02621  0.13945  0.01090
