$coord
    2.61980292706468      0.00000000000000      0.00000000000000      c
    0.00000000000000      0.00000000000000      0.00000000000000      c
   -1.34720465739550      2.24684657747837      0.00000000000000      c
   -0.06734983937604      4.50578740220721      0.00024566439728      c
    2.58047772623933      4.55601632281931      0.00156847269030      c
    3.89895854641497      2.25931876995542      0.00024566439728      c
    3.62632775722356     -1.77388592093975      0.00160626721295      h
   -3.38618136025646      2.19784597885265      0.00158736995162      h
   -1.10855114407338      6.26582163059291     -0.00398732214039      h
    5.94392568111717      2.27145081172854     -0.00394952761773      h
   -1.34909438352839     -2.38186750967305      0.00328812347122      n
   -3.65049735446317     -2.32950319853079      0.00481880163886      o
   -0.12067791084608     -4.32872006355583      0.00476210985487      o
    3.85103509168499      6.79931021516786     -0.06266331856649      n
    2.91080185426774      8.40134444158299      0.33024853898310      h
    5.70852249674361      6.81673349011307      0.33021074446044      h
   11.15310694450708     -0.14951513163391      2.50148717388471      c
    8.80022783371249     -1.16773736655535      3.83820385124270      c
    9.06501625945243     -3.96627059126836      4.51500926573569      c
    9.78774201897454     -5.57183860555199      2.22163763086568      c
   12.14062112976913     -4.55361637063055      0.88492095350769      c
   11.87585160129052     -1.75510204317887      0.20809664175337      c
   12.72086153887167     -0.16049444046598      3.83149532347096      h
   10.77002166284850      1.76791438635983      1.86657698775779      h
    8.51336740674046     -0.09728310132095      5.56987329037379      h
    7.18488993532185     -0.94461740204555      2.58607131559267      h
   10.53204845093421     -4.16113915009153      5.94207374950695      h
    7.26493873431088     -4.63831389590648      5.24648445725307      h
    8.21998742460996     -5.56085929671992      0.89161058401810      h
   10.17084619789445     -7.48928702080707      2.85654781699260      h
   13.75595902815978     -4.77673633514036      2.13707238641905      h
   12.42750045400250     -5.62408953312628     -0.84676738288473      h
   10.40880051254741     -1.56023348435570     -1.21896784201788      h
   13.67592912643207     -1.08303984127942     -0.52337854976401      h
    6.29654857751363     -3.08299369949628     -5.82415483881488      c
    8.55875862845237     -4.73306476420937     -6.54457513245487      c
    7.76467681015249     -7.04544704397621     -8.08804674601188      c
    5.69007876968664     -8.56775372484490     -6.76958482309757      c
    3.42784982148658     -6.91768266013182     -6.04912673493492      c
    4.22195053704779     -4.60530038036497     -4.50565512137791      c
    5.51595940380256     -2.25429209844194     -7.53615222890263      h
    6.94054834633973     -1.60647508282741     -4.54671887024552      h
    9.86091221483988     -3.60799741373457     -7.66939681853240      h
    9.47746788521605     -5.37708343029680     -4.82174961162569      h
    7.05502795546994     -6.40772116591130     -9.90915692301245      h
    9.40518586063317     -8.25749848834774     -8.34678804812658      h
    6.47063014887506     -9.39645532589924     -5.05756853574849      h
    5.04606010359922    -10.04427234151377     -8.04698299714428      h
    2.50915946198423     -6.27366399404439     -7.77195225576410      h
    2.12569623509907     -8.04275001060661     -4.92430504885740      h
    4.93159939173033     -5.24302625842989     -2.68454494437735      h
    2.58144148656710     -3.39323003873212     -4.24691381926321      h
    9.79592453312994     10.71440702275768      0.00413850023102      c
    9.92954706798628     13.37669099328963     -1.11563761707170      c
   12.37424797157778     13.80649030495314     -2.59843012450175      c
   14.71868000655837     13.17258167367665     -1.02937161910547      c
   14.58503857444070     10.51031660040603      0.09040449819725      c
   12.14035656811053     10.08049839148119      1.57317810836597      c
    9.65037782637509      9.36034265949980     -1.53606388711609      h
    8.14092128321002     10.59442831058077      1.21790959538347      h
    8.33537410228396     13.63516773374573     -2.38791463329829      h
    9.84443380296111     14.74061972696117      0.42040737278307      h
   12.35287516901485     12.60146864179595     -4.26405363528848      h
   12.46850751108612     15.78471231264182     -3.15070258683758      h
   14.86422671331322     14.52666493419586      0.51083076824165      h
   16.37366435921696     13.29256038585356     -2.24314271425792      h
   14.67017073672719      9.14636896947316     -1.44564049165752      h
   16.17923043740436     10.25183985994993      1.36268151442384      h
   12.16172937067346     11.28553895189971      3.23882051641403      h
   12.04609702860219      8.10227638379251      2.12545057070180      h
   -5.94677916757783      9.96344875481025     -5.89692819219231      c
   -5.30997925531803      7.83797928684713     -4.04314465035415      c
   -6.63985512407497      8.18493300484493     -1.49938430287678      c
   -6.14246030863814     10.79717702737807     -0.36416912306839      c
   -6.77926022089794     12.92266539260253     -2.21797156216788      c
   -5.44936545487967     12.57569277734339     -4.76173190964524      c
   -7.93809697736741      9.83005298708985     -6.39065693893134      h
   -4.77970320516899      9.74329566032907     -7.57506168997874      h
   -5.91221607660735      6.05048733775059     -4.86101812066706      h
   -3.27854255972729      7.82881411510263     -3.72663442035713      h
   -8.66454549737130      7.96568697890754     -1.78118026381269      h
   -5.94309420161870      6.75773624024438     -0.19371582588211      h
   -4.15112360158724     10.93059169235980      0.12954072640931      h
   -7.30951737378565     11.01733012185925      1.31394547745672      h
   -8.81065912196602     12.93181166708569     -2.53446289490357      h
   -6.17700450234729     14.71015734169906     -1.40009809185497      h
   -3.42467508158334     12.79493880328078     -4.47991705144801      h
   -6.14614527459727     14.00288954194395     -6.06738148937859      h
   -7.87042588454877     -7.56470599077053      5.74021320399210      c
   -9.72360471402441     -8.45000488950480      3.70511043970357      c
   -8.59933104852542    -10.53809557455945      2.05105205285009      c
   -6.04455359769333     -9.77615799777996      0.93182395612591      c
   -4.19139366547903     -8.89085909904569      2.96692672041445      c
   -5.31564843371668     -6.80278731125237      4.62096621000659      c
   -7.57205702542746     -9.10301865198476      7.07116621664479      h
   -8.67835939540270     -5.93685810538018      6.70127122339375      h
  -11.41158368496318     -9.17822975207361      4.62550155272552      h
  -10.19913539810375     -6.84783838226036      2.50768547560058      h
   -8.33622447904375    -12.21968727116907      3.20423852818223      h
   -9.90218383358210    -10.92770041137648      0.50901663115408      h
   -6.34292245681465     -8.23784533656573     -0.39912905652678      h
   -5.23663898410074    -11.40400588317031     -0.02923406327574      h
   -3.71586298139968    -10.49304450355145      4.16433278725610      h
   -2.50341469454026     -8.16265313373821      2.04653560739249      h
   -5.57877390045968     -5.12117671738142      3.46781752919712      h
   -4.01281454592133     -6.41318247443534      6.16302052896394      h
    8.49174893978024      5.12952930688878    -10.86048285282974      c
   10.59741407787073      6.84407782725592     -9.86763963987295      c
   11.96774898313275      5.67705855663106     -7.60486267109435      c
   10.13208791490897      4.89378597181129     -5.51284135568330      c
    8.02640387955715      3.17925634870548     -6.50568456864009      c
    6.65606897429513      4.34627561933033     -8.76846153741869      c
    9.34361858322376      3.43554100684743    -11.65524497253745      h
    7.44363123743655      6.14663660339182    -12.30735166647363      h
   11.96128611975828      7.15006228269276    -11.37516866238247      h
    9.76799438088589      8.63204220788567     -9.28263712091554      h
   12.98719954004057      4.00956421697277     -8.24270193272724      h
   13.27825515902762      7.06585608621138     -6.84277391622423      h
    9.28019937420412      6.58779316911397     -4.71807923597559      h
   11.18018671999133      3.87667867530825     -4.06597254203941      h
    8.85584247380332      1.39129196807573     -7.09068708759750      h
    6.66255073493093      2.87327189326863     -4.99815554613057      h
    5.63661841738731      6.01376995898863     -8.13062227578579      h
    5.34558169566159      2.95747808975002     -9.53055029228881      h
$user-defined bonds
$end
