Header
  1      1(1)a  3.72900  0.00000 0.035320 0.045170 0.232930 0.000130 0.533790 0.019360 0.098780
  2      2(1)a  4.18200  0.44800 0.042960 0.431630 0.131090 0.012510 0.052180 0.266710 0.048950
  3      3(1)a  4.41600  0.00000 0.034410 0.060990 0.220790 0.000020 0.519760 0.022520 0.093970
  4      4(1)a  4.62400  0.01200 0.033520 0.096910 0.201350 0.003730 0.001490 0.582650 0.048990
  5      5(1)a  5.51300  0.02900 0.047370 0.270600 0.139630 0.002190 0.119840 0.321420 0.059890
  6      6(1)a  5.84300  0.00100 0.198200 0.010240 0.185240 0.093190 0.002750 0.281970 0.064460
  7      7(1)a  5.92200  0.22500 0.042720 0.082710 0.247670 0.000930 0.366910 0.098480 0.097320
  8      8(1)a  6.17700  0.00500 0.043720 0.209260 0.157520 0.015910 0.035320 0.352480 0.128760
  9      9(1)a  6.40500  0.00400 0.000330 0.000280 0.002270 0.000010 0.002930 0.000170 0.047530
 10     10(1)a  6.51400  0.00300 0.000970 0.007620 0.000150 0.000010 0.000110 0.006580 0.047120
