3
     1(1)a  0.90122  0.53379  0.23234  0.03253  0.04431  0.01936  0.00279  0.00086  0.00059  0.00013
     2(1)a  0.95105  0.05218  0.04238  0.00597  0.32248  0.26671  0.03699  0.10915  0.08871  0.01251
     3(1)a  0.90603  0.51976  0.22065  0.03134  0.06068  0.02252  0.00307  0.00031  0.00014  0.00002
     4(1)a  0.95101  0.00149  0.06741  0.00195  0.09472  0.58265  0.03157  0.00219  0.13394  0.00373
     5(1)a  0.94011  0.11984  0.09359  0.01194  0.26916  0.32142  0.03543  0.00144  0.04604  0.00219
     6(1)a  0.93554  0.00275  0.03734  0.02144  0.00743  0.28197  0.17676  0.00281  0.14790  0.09319
     7(1)a  0.90268  0.36691  0.22961  0.03147  0.08207  0.09848  0.01125  0.00064  0.01806  0.00093
     8(1)a  0.87124  0.03532  0.04098  0.00436  0.18228  0.35248  0.03936  0.02698  0.11654  0.01591
     9(1)a  0.95247  0.00293  0.00222  0.00031  0.00022  0.00017  0.00002  0.00006  0.00005  0.00001
    10(1)a  0.95288  0.00011  0.00010  0.00001  0.00756  0.00658  0.00096  0.00006  0.00005  0.00001
