$coord
    2.62528313285005      0.00000000000000      0.00000000000000      c
    0.00000000000000      0.00000000000000      0.00000000000000      c
   -1.34389763666295      2.25523696150838      0.00000000000000      c
   -0.06438296934741      4.50958575173431      0.00026456165860      c
    2.58983187059712      4.55815171334947      0.00175744530358      c
    3.90687649891177      2.25319605728487      0.00026456165860      c
    3.63639999751184     -1.77107022900175      0.00183303434890      h
   -3.38296882583055      2.21721567171473      0.00181413708757      h
   -1.10210717796024      6.27111286376499     -0.00145508912232      h
    5.95135230481941      2.26343837292511     -0.00145508912232      h
   -1.34389763666295     -2.36523791970366      0.00332591799388      n
   -3.65178236823353     -2.32379622560948      0.00479990437753      o
   -0.12687621256194     -4.32660357028700      0.00468652080956      o
    3.85549484535860      6.78559080344311     -0.04663844095962      n
    2.92219690284904      8.41213477780177      0.25044540439133      h
    5.73051890893040      6.81652562023845      0.25042650713001      h
    2.79061527221622    -11.77528037649835     -0.39279847398161      cl
    3.94162856249553     -8.93917939626358      1.10409139039977      c
    6.00124107472760     -8.95235078740979      1.10925034274254      h
    3.26777112076984     -7.29256653037367      0.06634828452561      h
    2.97286046047171     -8.82462419808805      3.82544819984572      c
    0.91326684550097     -8.81143390968051      3.82028924750295      h
    3.64673679945873    -10.47121816671662      4.86319130571987      h
    4.12389264801235     -5.98850432059195      5.32231916696577      cl
   -6.77844763866080      8.66879738117030      5.99124442348463      cl
   -7.02299709751753      5.53963767224762      7.31701958653321      c
   -5.28350419219630      5.08047201647907      8.31978386168765      h
   -8.61025366557350      5.47092723005590      8.62779032408668      h
   -7.44448161419635      3.62362544885354      5.19359102279360      c
   -9.18395562225625      4.08279110462209      4.19082674763916      h
   -5.85720614887905      3.69233589104526      3.88282028524013      h
   -7.68901217579175      0.49448463719219      6.51936618584218      cl
   -9.75646705147529     -3.87888965488373     -5.86484064245591      cl
   -7.92891290836158     -1.24338310365477     -7.01526811763403      c
   -6.02257608276787     -1.87606341294488     -7.47118344445402      h
   -8.82037231428905     -0.47481258814885     -8.70551475993227      h
   -7.80233905198090      0.80392729145221     -4.97806775733799      c
   -9.70867587757461      1.43658870348099     -4.52219022504066      h
   -6.91087964605343      0.03533787868496     -3.28782111503976      h
   -5.97476601160587      3.43941494541984     -6.12851412977744      cl
    0.45396890890312     13.16910457759214      0.43355986666795      cl
    3.20839592567457     14.89960238652084     -0.58003253922792      c
    4.75819812177675     13.58633721047196     -0.92018324314734      h
    2.77833205235246     15.91950647770055     -2.31695541700843      h
    3.97496333147964     16.78127828608039      1.47648082214621      c
    2.42516113537746     18.09454346212927      1.81663152606563      h
    4.40500830754042     15.76137419490068      3.21340369992672      h
    6.72940924551242     18.51179499227042      0.46290731351167      cl
   -6.28976446069658     -9.67553008120380     -3.52760846404162      cl
   -4.94386371433276     -9.87878902405698     -0.40408013899494      c
   -4.76252559462106    -11.85738897697223      0.13851692554052      h
   -3.08512909002644     -8.99154370740584     -0.39780624823376      h
   -6.66619790636739     -8.51856415360589      1.47770914413259      c
   -6.84753602607910     -6.53994530342931      0.93511207959713      h
   -8.52491363341239     -9.40579057299570      1.47143525337141      h
   -5.32029716000358     -8.72180419919774      4.60121857191794      cl
$user-defined bonds
$end
