$point_charges nocheck
  5.41881    3.41770  12.40824  -0.200000
  7.21439    4.77454   9.85008  -0.006000
  6.81809    6.79192   9.72691   0.103000
  9.22481    4.48910  10.19471   0.103000
  6.47214    3.49433   7.36662  -0.006000
  6.86844    1.47695   7.48982   0.103000
  4.46172    3.77979   7.02201   0.103000
  8.26772    4.85119   4.80846  -0.200000
 -1.15043    0.37966   7.83155  -0.200000
 -1.46403   -3.00141   7.54985  -0.006000
 -3.41961   -3.47581   7.11045   0.103000
 -0.23663   -3.68204   6.04240   0.103000
 -0.70776   -4.25054  10.04490  -0.006000
  1.24781   -3.77615  10.48431   0.103000
 -1.93516   -3.56992  11.55235   0.103000
 -1.02138   -7.63160   9.76319  -0.200000
 -1.57356   -3.73754  -6.02626  -0.200000
  0.97848   -5.56035  -7.35803  -0.006000
  1.07771   -5.22294  -9.38742   0.103000
  2.75513   -4.99844  -6.48048   0.103000
  0.51117   -8.37145  -6.87125  -0.006000
  0.41194   -8.70886  -4.84186   0.103000
 -1.26546   -8.93336  -7.74880   0.103000
  3.06321  -10.19428  -8.20302  -0.200000
  7.92383   10.43246  -4.35448  -0.200000
  9.51753   11.92565  -6.96976  -0.006000
 10.06740   13.83799  -6.43798   0.103000
 11.19706   10.83953  -7.46151   0.103000
  7.73986   12.03327  -9.24702  -0.006000
  7.19003   10.12094  -9.77878   0.103000
  6.06033   13.11937  -8.75525   0.103000
  9.33358   13.52645 -11.86228  -0.200000
 -7.53889    7.83577  -0.81491  -0.200000
 -9.72292    8.61817  -3.31027  -0.006000
-10.03002   10.65458  -3.34111   0.103000
 -8.94506    8.01318  -5.11889   0.103000
-12.23894    7.27221  -2.84589  -0.006000
-11.93184    5.23579  -2.81505   0.103000
-13.01681    7.87719  -1.03725   0.103000
-14.42298    8.05460  -5.34125  -0.200000
  5.95763    3.41868  -6.62927  -0.200000
  3.47727    4.82449  -8.49479  -0.006000
  2.25333    5.94695  -7.27648   0.103000
  4.30657    6.03599  -9.93934   0.103000
  1.92499    2.74031  -9.76144  -0.006000
  3.14893    1.61785 -10.97972   0.103000
  1.09566    1.52881  -8.31691   0.103000
 -0.55537    4.14612 -11.62696  -0.200000
 14.67289    5.51481  -7.10779  -0.200000
 12.82019    4.08383  -4.63212  -0.006000
 11.66530    5.52388  -3.71843   0.103000
 11.59967    2.63375  -5.43808   0.103000
 14.58302    2.88272  -2.68088  -0.006000
 15.73790    1.44271  -3.59456   0.103000
 15.80355    4.33280  -1.87489   0.103000
 12.73031    1.45174  -0.20522  -0.200000
 -7.17489   14.05890  -7.27692  -0.200000
 -4.68854   11.72987  -7.22367  -0.006000
 -5.35798   10.03193  -6.26917   0.103000
 -4.14300   11.26296  -9.15406   0.103000
 -2.40305   12.79241  -5.80768  -0.006000
 -1.73362   14.49036  -6.76218   0.103000
 -2.94860   13.25932  -3.87728   0.103000
  0.08332   10.46338  -5.75442  -0.200000
-13.34774   -7.60465   2.81301  -0.200000
-13.89878   -4.38290   1.85067  -0.006000
-15.15009   -4.35892   0.21482   0.103000
-14.77233   -3.34313   3.39922   0.103000
-11.38229   -3.14093   1.15600  -0.006000
-10.13099   -3.16491   2.79184   0.103000
-10.50871   -4.18070  -0.39255   0.103000
-11.93334    0.08082   0.19364  -0.200000
 -1.41983   11.63072  13.96203  -0.200000
 -0.27359    9.19444  11.87400  -0.006000
  1.24314    8.15334  12.80023   0.103000
 -1.81160    7.90397  11.41429   0.103000
  0.72974   10.40011   9.44559  -0.006000
 -0.78700   11.44121   8.51936   0.103000
  2.26775   11.69060   9.90532   0.103000
  1.87595    7.96385   7.35759  -0.200000
 16.19085   -4.35028  -9.56457  -0.200000
 12.98140   -3.39438  -8.93602  -0.006000
 12.92057   -1.36085  -8.61485   0.103000
 11.79399   -3.87082 -10.55011   0.103000
 12.00895   -4.76956  -6.58639  -0.006000
 12.06976   -6.80309  -6.90757   0.103000
 13.19634   -4.29312  -4.97230   0.103000
  8.79949   -3.81364  -5.95787  -0.200000
 -8.11526   14.32911  -0.23230  -0.200000
 -5.83345   16.19206   1.47992  -0.006000
 -4.09473   16.32619   0.38403   0.103000
 -6.59040   18.08041   1.80132   0.103000
 -5.27447   14.93356   4.02183  -0.006000
 -7.01321   14.79941   5.11770   0.103000
 -4.51752   13.04523   3.70042   0.103000
 -2.99266   16.79653   5.73403  -0.200000
 10.98224   -7.84448   5.07391  -0.200000
 11.49056   -4.86880   6.65378  -0.006000
  9.73672   -3.78886   6.66580   0.103000
 12.09776   -5.21453   8.59126   0.103000
 13.53259   -3.37290   5.25743  -0.006000
 15.28641   -4.45280   5.24541   0.103000
 12.92537   -3.02719   3.31997   0.103000
 14.04091   -0.39720   6.83731  -0.200000
 13.02766   16.16816   4.17766  -0.200000
 10.09870   15.55058   5.80513  -0.006000
  9.41008   17.29101   6.66471   0.103000
  8.70249   14.84746   4.46404   0.103000
 10.53934   13.56908   7.86360  -0.006000
 11.22796   11.82867   7.00406   0.103000
 11.93555   14.27219   9.20469   0.103000
  7.61038   12.95150   9.49109  -0.200000
-11.25519   -9.46832  -9.18235  -0.200000
 -8.35907   -9.66385 -10.96653  -0.006000
 -7.55518  -11.54965 -10.76702   0.103000
 -8.74996   -9.29038 -12.95400   0.103000
 -6.47972   -7.70591  -9.97065  -0.006000
 -7.28363   -5.82011 -10.17020   0.103000
 -6.08885   -8.07937  -7.98320   0.103000
 -3.58362   -7.90144 -11.75485  -0.200000
 16.29156    5.66073   3.27195  -0.200000
 15.97603    7.70683   5.97804  -0.006000
 17.82949    8.42737   6.51442   0.103000
 14.73627    9.28269   5.50698   0.103000
 14.84618    6.21920   8.18438  -0.006000
 12.99272    5.49869   7.64801   0.103000
 16.08592    4.64336   8.65546   0.103000
 14.53065    8.26532  10.89051  -0.200000
  9.21073  -18.19168  -1.66063  -0.200000
  9.21156  -14.78775  -1.51150  -0.006000
  7.57466  -14.14664  -0.43825   0.103000
 10.93503  -14.14093  -0.58770   0.103000
  9.09068  -13.70581  -4.18964  -0.006000
 10.72756  -14.34691  -5.26289   0.103000
  7.36719  -14.35262  -5.11343   0.103000
  9.09151  -10.30188  -4.04050  -0.200000
 -8.50573   -4.68238   9.73315  -0.200000
-10.32172   -7.56134   9.58097  -0.006000
-12.20927   -7.22359  10.33274   0.103000
-10.46324   -8.18170   7.62206   0.103000
 -9.01405   -9.60945  11.14719  -0.006000
 -7.12652   -9.94722  10.39542   0.103000
 -8.87255   -8.98909  13.10610   0.103000
-10.83004  -12.48841  10.99501  -0.200000
  2.78287  -15.42990   4.98774  -0.200000
 -0.10564  -15.35578   6.79328  -0.006000
 -0.59704  -13.40243   7.22350   0.103000
 -1.62171  -16.22080   5.69991   0.103000
  0.26080  -16.82143   9.25805  -0.006000
  0.75221  -18.77477   8.82786   0.103000
  1.77685  -15.95638  10.35143   0.103000
 -2.62770  -16.74730  11.06359  -0.200000
-13.83767    8.14357   4.72946  -0.200000
-13.00476   11.29642   3.74185  -0.006000
-12.71332   12.48162   5.40088   0.103000
-11.27218   11.23295   2.62991   0.103000
-15.14016   12.39849   2.13465  -0.006000
-15.43160   11.21328   0.47561   0.103000
-16.87276   12.46197   3.24659   0.103000
-14.30727   15.55133   1.14703  -0.200000
-12.50468    3.73011 -10.03815  -0.200000
-11.99817    6.82393 -11.37260  -0.006000
-12.80940    6.89744 -13.26433   0.103000
-12.90099    8.24178 -10.18234   0.103000
 -9.16060    7.35674 -11.52068  -0.006000
 -8.34938    7.28323  -9.62895   0.103000
 -8.25778    5.93890 -12.71094   0.103000
 -8.65410   10.45056 -12.85511  -0.200000
  3.97976   19.38570  -6.63933  -0.200000
  1.62324   21.82762  -6.33404  -0.006000
  2.38504   23.60888  -7.03332   0.103000
 -0.04312   21.31530  -7.43080   0.103000
  0.89246   22.11915  -3.55221  -0.006000
  0.13066   20.33788  -2.85290   0.103000
  2.55884   22.63147  -2.45543   0.103000
 -1.46407   24.56104  -3.24691  -0.200000
  6.45198   -7.99515  10.82335  -0.200000
  5.08656  -11.06450  11.39252  -0.006000
  3.32843  -11.24134  10.33423   0.103000
  6.40430  -12.52613  10.78470   0.103000
  4.54545  -11.36993  14.21588  -0.006000
  6.30358  -11.19309  15.27418   0.103000
  3.22769   -9.90829  14.82371   0.103000
  3.18001  -14.43927  14.78507  -0.200000
-15.20595   -0.02116  -5.55770  -0.200000
-16.87973   -1.65835  -8.03296  -0.006000
-18.90792   -1.42047  -7.76456   0.103000
-16.33307   -0.88309  -9.86112   0.103000
-16.22041   -4.47172  -7.94443  -0.006000
-14.19222   -4.70959  -8.21283   0.103000
-16.76707   -5.24698  -6.11627   0.103000
-17.89419   -6.10890 -10.41969  -0.200000
  2.37255   19.06169 -17.59216  -0.200000
  1.00106   17.15042 -15.12733  -0.006000
  0.60214   18.32878 -13.48582   0.103000
 -0.74935   16.30452 -15.80750   0.103000
  2.85505   15.06042 -14.38433  -0.006000
  3.25398   13.88206 -16.02584   0.103000
  4.60547   15.90632 -13.70414   0.103000
  1.48357   13.14915 -11.91950  -0.200000
  0.15891  -17.97504  -2.17549  -0.200000
  3.27110  -18.28801  -3.52672  -0.006000
  4.34535  -16.56441  -3.18415   0.103000
  4.23956  -19.88513  -2.65864   0.103000
  3.04510  -18.73146  -6.37450  -0.006000
  1.97085  -20.45504  -6.71705   0.103000
  2.07664  -17.13434  -7.24256   0.103000
  6.15729  -19.04441  -7.72571  -0.200000
  7.04660   -3.71503 -12.96388  -0.200000
  7.73956   -1.00879 -14.91468  -0.006000
  6.60406   -1.09032 -16.63112   0.103000
  7.29695    0.71587 -13.87934   0.103000
 10.54446   -1.01834 -15.61466  -0.006000
 11.67996   -0.93679 -13.89822   0.103000
 10.98709   -2.74298 -16.65000   0.103000
 11.23743    1.68792 -17.56544  -0.200000
 11.77492    0.17329  12.83670  -0.200000
  9.61718   -2.17067  14.04465  -0.006000
  8.15925   -1.24769  15.16930   0.103000
  8.74093   -3.17279  12.47293   0.103000
 11.06302   -4.05014  15.69839  -0.006000
 12.52095   -4.97314  14.57372   0.103000
 11.93927   -3.04803  17.27009   0.103000
  8.90528   -6.39412  16.90634  -0.200000
 -7.59407   -1.14128 -19.19605  -0.200000
 -4.71885   -2.37138 -17.84344  -0.006000
 -4.65298   -4.41279 -18.10921   0.103000
 -3.09724   -1.50502 -18.77188   0.103000
 -4.64714   -1.76565 -15.01758  -0.006000
 -4.71301    0.27577 -14.75181   0.103000
 -6.26877   -2.63199 -14.08912   0.103000
 -1.77194   -2.99573 -13.66497  -0.200000
-16.38017  -13.17311   6.34387  -0.200000
-14.22157  -15.50647   5.11694  -0.006000
-13.39033  -16.56171   6.67827   0.103000
-15.23913  -16.79972   3.87832   0.103000
-12.12685  -14.18958   3.62185  -0.006000
-12.95808  -13.13433   2.06054   0.103000
-11.10928  -12.89632   4.86047   0.103000
 -9.96825  -16.52295   2.39493  -0.200000
  8.22758    6.24154 -13.35241  -0.200000
 11.35905    7.40861 -14.01634  -0.006000
 11.84410    8.88311 -12.66245   0.103000
 12.71398    5.86473 -13.86554   0.103000
 11.43417    8.49734 -16.69342  -0.006000
 10.94911    7.02285 -18.04728   0.103000
 10.07925   10.04123 -16.84419   0.103000
 14.56565    9.66442 -17.35734  -0.200000
  3.56850   20.55406   7.28899  -0.200000
  3.48947   20.01522  10.65241  -0.006000
  4.48137   18.26432  11.09124   0.103000
  4.40535   21.58515  11.62142   0.103000
  0.74291   19.81195  11.53149  -0.006000
 -0.24901   21.56289  11.09267   0.103000
 -0.17297   18.24206  10.56247   0.103000
  0.66386   19.27315  14.89490  -0.200000
 19.12357   18.49970 -10.07619  -0.200000
 16.26174   18.84486  -8.25956  -0.006000
 15.96962   20.83329  -7.80890   0.103000
 14.66375   18.14691  -9.35575   0.103000
 16.48595   17.32556  -5.81032  -0.006000
 16.77805   15.33713  -6.26100   0.103000
 18.08394   18.02349  -4.71413   0.103000
 13.62411   17.67070  -3.99371  -0.200000
-19.95847    0.68850   5.92106  -0.200000
-18.84873    3.44943   4.26129  -0.006000
-19.66638    5.13749   5.11220   0.103000
-16.79481    3.54482   4.38271   0.103000
-19.64255    3.28935   1.48606  -0.006000
-18.82492    1.60132   0.63516   0.103000
-21.69649    3.19398   1.36463   0.103000
-18.53283    6.05030  -0.17370  -0.200000
 24.79003   -8.57921   1.83572  -0.200000
 22.41130   -6.23647   1.15591  -0.006000
 21.38580   -5.77754   2.88219   0.103000
 23.31162   -4.53682   0.41922   0.103000
 20.56685   -7.27862  -0.81120  -0.006000
 21.59231   -7.73756  -2.53749   0.103000
 19.66651   -8.97826  -0.07449   0.103000
 18.18810   -4.93589  -1.49101  -0.200000
-14.26893    3.64122   9.53919  -0.200000
-15.48731    1.57048  11.95511  -0.006000
-15.38029    2.51114  13.78432   0.103000
-17.44935    1.10506  11.53564   0.103000
-13.91660   -0.85548  12.02688  -0.006000
-14.02358   -1.79615  10.19766   0.103000
-11.95456   -0.39006  12.44634   0.103000
-15.13497   -2.92622  14.44278  -0.200000
 -8.54757    5.13439  15.74811  -0.200000
 -5.19159    4.73811  16.18314  -0.006000
 -4.37398    3.89652  14.49038   0.103000
 -4.32190    6.57328  16.52677   0.103000
 -4.71131    3.00612  18.44747  -0.006000
 -5.52892    3.84773  20.14021   0.103000
 -5.58098    1.17097  18.10386   0.103000
 -1.35533    2.60986  18.88252  -0.200000
 23.17194    9.58303  -7.85718  -0.200000
 23.76155    6.61412  -6.29286  -0.006000
 24.94660    5.42971  -7.49087   0.103000
 24.72128    6.95907  -4.50339   0.103000
 21.24999    5.27173  -5.79509  -0.006000
 20.06494    6.45612  -4.59710   0.103000
 20.29025    4.92676  -7.58459   0.103000
 21.83958    2.30282  -4.23078  -0.200000
-13.77374   -8.37387 -18.61021  -0.200000
-13.66729   -6.71174 -15.63784  -0.006000
-15.55948   -6.06545 -15.14391   0.103000
-12.96745   -7.97474 -14.16909   0.103000
-11.90219   -4.43402 -15.87013  -0.006000
-10.01001   -5.08030 -16.36406   0.103000
-12.60204   -3.17102 -17.33888   0.103000
-11.79577   -2.77189 -12.89774  -0.200000
 10.41056   23.33893   2.68061  -0.200000
 12.98404   22.40786   0.65101  -0.006000
 12.98898   20.35864   0.44388   0.103000
 12.75251   23.28475  -1.19822   0.103000
 15.48786   23.26366   1.81550  -0.006000
 15.48294   25.31288   2.02265   0.103000
 15.71940   22.38677   3.66473   0.103000
 18.06138   22.33258  -0.21411  -0.200000
  7.76933  -16.53083 -14.07984  -0.200000
  5.33774  -14.46978 -12.87631  -0.006000
  5.23930  -14.64706 -10.82664   0.103000
  5.77884  -12.52117 -13.37699   0.103000
  2.79150  -15.20731 -14.02969  -0.006000
  2.88996  -15.03003 -16.07934   0.103000
  2.35040  -17.15590 -13.52900   0.103000
  0.35992  -13.14626 -12.82614  -0.200000
 21.23385    4.46297  12.01063  -0.200000
 21.41360    1.69437  10.03271  -0.006000
 21.22024    2.24700   8.05800   0.103000
 23.23159    0.76744  10.31190   0.103000
 19.28449   -0.13103  10.73438  -0.006000
 19.47780   -0.68367  12.70909   0.103000
 17.46647    0.79590  10.45519   0.103000
 19.46422   -2.89961   8.75648  -0.200000
  2.80605   -4.60008  15.49882  -0.200000
  1.98542   -2.79364  18.26872  -0.006000
  2.50464   -0.82131  17.98144   0.103000
 -0.04275   -2.92874  18.60107   0.103000
  3.40778   -3.83990  20.55778  -0.006000
  2.88854   -5.81223  20.84506   0.103000
  5.43595   -3.70481  20.22542   0.103000
  2.58713   -2.03346  23.32767  -0.200000
-17.08460   -5.57664   7.62002  -0.200000
-19.15895   -6.30405  10.22323  -0.006000
-19.17539   -8.33898  10.54074   0.103000
-18.49110   -5.34910  11.92147   0.103000
-21.83558   -5.40490   9.60279  -0.006000
-21.81910   -3.36997   9.28526   0.103000
-22.50343   -6.35985   7.90454   0.103000
-23.90991   -6.13233  12.20599  -0.200000
 12.08223  -11.99481  10.96342  -0.200000
 15.09398  -12.44659   9.43542  -0.006000
 16.21850  -13.79086  10.51735   0.103000
 14.79631  -13.17491   7.53199   0.103000
 16.49032   -9.91929   9.29163  -0.006000
 15.36576   -8.57501   8.20971   0.103000
 16.78795   -9.19099  11.19508   0.103000
 19.50207  -10.37106   7.76364  -0.200000
 -6.17804  -17.34950 -10.41182  -0.200000
 -8.96796  -16.99811  -8.48770  -0.006000
 -9.07116  -15.06919  -7.77293   0.103000
-10.63967  -17.40111  -9.62141   0.103000
 -8.84443  -18.84291  -6.26531  -0.006000
 -8.74125  -20.77183  -6.98006   0.103000
 -7.17272  -18.43993  -5.13161   0.103000
-11.63436  -18.49152  -4.34119  -0.200000
 10.79117   10.11236  18.43330  -0.200000
 10.49769    6.82414  17.59027  -0.006000
  9.46082    6.65909  15.81835   0.103000
 12.37296    6.00179  17.36811   0.103000
  9.07097    5.41851  19.67502  -0.006000
 10.10784    5.58354  21.44696   0.103000
  7.19570    6.24086  19.89717   0.103000
  8.77748    2.13027  18.83197  -0.200000
  5.19508   12.46586  15.57773  -0.200000
  3.19182   13.11733  18.25577  -0.006000
  2.15778   14.86865  17.93036   0.103000
  1.85775   11.56862  18.50870   0.103000
  4.81663   13.38601  20.63178  -0.006000
  5.85065   11.63468  20.95716   0.103000
  6.15070   14.93471  20.37884   0.103000
  2.81337   14.03749  23.30981  -0.200000
 -3.14441  -14.43010  17.59618  -0.200000
 -3.70965  -11.61343  15.76417  -0.006000
 -2.24515  -11.42215  14.32866   0.103000
 -5.55205  -11.74480  14.85285   0.103000
 -3.65891   -9.30558  17.50457  -0.006000
 -5.12341   -9.49686  18.94008   0.103000
 -1.81650   -9.17420  18.41589   0.103000
 -4.22414   -6.48888  15.67258  -0.200000
 -6.22835    4.77590 -18.19946  -0.200000
 -4.92752    7.69548 -19.37963  -0.006000
 -4.20251    7.40397 -21.28525   0.103000
 -6.39793    9.13730 -19.41703   0.103000
 -2.77595    8.55940 -17.65280  -0.006000
 -3.50096    8.85093 -15.74714   0.103000
 -1.30556    7.11760 -17.61540   0.103000
 -1.47510   11.47899 -18.83295  -0.200000
 -4.62064   19.32961 -11.09214  -0.200000
 -6.84134   17.33945 -12.74053  -0.006000
 -6.39243   15.36221 -12.37820   0.103000
 -8.74926   17.74336 -12.07805   0.103000
 -6.67801   17.85903 -15.57971  -0.006000
 -7.12689   19.83627 -15.94207   0.103000
 -4.77007   17.45514 -16.24223   0.103000
 -8.89870   15.86886 -17.22812  -0.200000
 -7.81428   21.69041  -4.55955  -0.200000
-10.99412   20.49072  -4.80134  -0.006000
-11.38783   19.97705  -6.75668   0.103000
-11.19478   18.82923  -3.60076   0.103000
-12.85989   22.52693  -3.94658  -0.006000
-12.46616   23.04060  -1.99122   0.103000
-12.65924   24.18842  -5.14716   0.103000
-16.03973   21.32724  -4.18837  -0.200000
-23.84432  -10.43405   4.65836  -0.200000
-21.10507   -9.42357   2.90215  -0.006000
-20.34181   -7.70729   3.74716   0.103000
-19.67543  -10.90559   2.94640   0.103000
-21.85861   -8.89445   0.16176  -0.006000
-22.62187  -10.61074  -0.68325   0.103000
-23.28823   -7.41243   0.11750   0.103000
-19.11934   -7.88399  -1.59448  -0.200000
  2.76456    2.00118 -19.72623  -0.200000
  4.20806    4.82562 -18.48199  -0.006000
  3.43365    5.22840 -16.61642   0.103000
  6.24390    4.54955 -18.33577   0.103000
  3.66227    7.04617 -20.25078  -0.006000
  4.43668    6.64341 -22.11635   0.103000
  1.62645    7.32224 -20.39700   0.103000
  5.10578    9.87061 -19.00656  -0.200000
 12.07900   -7.92814 -18.42980  -0.200000
 11.11278   -8.99041 -15.33991  -0.006000
 10.21045   -7.43813 -14.33079   0.103000
  9.78100  -10.54945 -15.53476   0.103000
 13.42996   -9.88308 -13.85965  -0.006000
 14.33229  -11.43538 -14.86876   0.103000
 14.76177   -8.32404 -13.66480   0.103000
 12.46375  -10.94537 -10.76976  -0.200000
 13.02103   24.98341  -5.73418  -0.200000
 12.35040   24.23149  -8.98901  -0.006000
 12.22791   25.97111 -10.08490   0.103000
 13.85683   23.04778  -9.74515   0.103000
  9.83718   22.81209  -9.15196  -0.006000
  9.95967   21.07249  -8.05609   0.103000
  8.33074   23.99582  -8.39583   0.103000
  9.16655   22.06017 -12.40679  -0.200000
 16.04379  -13.12146   1.18378  -0.200000
 18.26785  -15.24200  -0.28796  -0.006000
 19.45758  -14.18865  -1.59839   0.103000
 19.44521  -16.11526   1.15889   0.103000
 16.83196  -17.29579  -1.72944  -0.006000
 15.64223  -18.34913  -0.41901   0.103000
 15.65460  -16.42251  -3.17629   0.103000
 19.05600  -19.41631  -3.20118  -0.200000
 -4.41438   25.40359   9.03357  -0.200000
 -4.70137   23.71425   6.08862  -0.006000
 -2.83391   23.45898   5.25814   0.103000
 -5.55744   21.87296   6.43335   0.103000
 -6.36554   25.22420   4.26974  -0.006000
 -8.23299   25.47946   5.10020   0.103000
 -5.50944   27.06551   3.92500   0.103000
 -6.65254   23.53488   1.32477  -0.200000
 -7.53031   21.12689  15.12663  -0.200000
 -8.44893   17.87545  15.56671  -0.006000
 -8.54341   17.45472  17.58073   0.103000
-10.29638   17.56174  14.71191   0.103000
 -6.50160   16.14571  14.31224  -0.006000
 -6.40714   16.56644  12.29822   0.103000
 -4.65417   16.45940  15.16704   0.103000
 -7.42022   12.89426  14.75232  -0.200000
 30.36140   -0.65594   5.53227  -0.200000
 26.97148   -0.99872   5.54797  -0.006000
 26.48321   -2.99969   5.54007   0.103000
 26.19880   -0.10970   7.23767   0.103000
 25.86357    0.27176   3.19940  -0.006000
 26.35180    2.27270   3.20730   0.103000
 26.63624   -0.61728   1.50970   0.103000
 22.47364   -0.07105   3.21512  -0.200000
  4.79497   32.36290   6.09667  -0.200000
  4.38645   29.08243   5.27166  -0.006000
  6.12058   28.36666   4.42169   0.103000
  3.95323   27.99633   6.96723   0.103000
  2.21234   28.82724   3.38337  -0.006000
  0.47821   29.54301   4.23331   0.103000
  2.64556   29.91333   1.68779   0.103000
  1.80382   25.54677   2.55835  -0.200000
 -8.09810  -27.60882   3.57217  -0.200000
 -5.37003  -25.56922   3.49276  -0.006000
 -3.88169  -26.36631   4.67246   0.103000
 -4.69421  -25.40087   1.55439   0.103000
 -6.09265  -22.95405   4.49080  -0.006000
 -7.58100  -22.15698   3.31110   0.103000
 -6.76847  -23.12239   6.42915   0.103000
 -3.36458  -20.91445   4.41138  -0.200000
-22.76784    6.99915  -5.25353  -0.200000
-22.17866    6.48010  -8.56908  -0.006000
-22.00473    4.45941  -8.92788   0.103000
-23.74237    7.24164  -9.67224   0.103000
-19.72636    7.80778  -9.33143  -0.006000
-19.90029    9.82847  -8.97263   0.103000
-18.16267    7.04624  -8.22826   0.103000
-19.13720    7.28873 -12.64697  -0.200000
  9.75788   29.10585  11.97882  -0.200000
  8.97227   26.07523  10.63451  -0.006000
  7.07578   25.53188  11.22639   0.103000
  9.04247   26.19608   8.57960   0.103000
 10.87012   24.09482  11.54770  -0.006000
 12.76663   24.63817  10.95582   0.103000
 10.79990   23.97395  13.60263   0.103000
 10.08452   21.06419  10.20341  -0.200000
  3.78066   -8.75200 -16.60742  -0.200000
  1.01937   -8.17730 -18.51896  -0.006000
  0.57518   -9.86688 -19.60991   0.103000
 -0.57370   -7.70740 -17.30099   0.103000
  1.53572   -5.97622 -20.32064  -0.006000
  1.97992   -4.28665 -19.22966   0.103000
  3.12880   -6.44610 -21.53859   0.103000
 -1.22556   -5.40152 -22.23216  -0.200000
 22.72547    5.86497 -18.09122  -0.200000
 20.32516    5.16405 -15.77681  -0.006000
 21.13526    5.28915 -13.88731   0.103000
 18.78333    6.51810 -15.95433   0.103000
 19.31446    2.49136 -16.21582  -0.006000
 18.50435    2.36626 -18.10531   0.103000
 20.85630    1.13729 -16.03829   0.103000
 16.91414    1.79046 -13.90143  -0.200000
-12.93491   17.53668   7.05189  -0.200000
-13.43622   20.13350   9.20006  -0.006000
-15.33271   20.89079   8.93173   0.103000
-13.22901   19.47085  11.13914   0.103000
-11.48935   22.20577   8.67774  -0.006000
 -9.59287   21.44847   8.94604   0.103000
-11.69655   22.86841   6.73865   0.103000
-11.99065   24.80258  10.82590  -0.200000
 22.49411   10.18058   5.24299  -0.200000
 25.60779    9.71571   3.93991  -0.006000
 27.02212   10.08651   5.39058   0.103000
 25.79342    7.77350   3.27992   0.103000
 26.00494   11.52797   1.72279  -0.006000
 24.59059   11.15717   0.27212   0.103000
 25.81931   13.47019   2.38277   0.103000
 29.11862   11.06312   0.41969  -0.200000
  2.23770  -24.66357  -2.19465  -0.200000
  2.55878  -25.38751   1.11921  -0.006000
  1.02128  -26.62703   1.70381   0.103000
  4.36168  -26.32844   1.44536   0.103000
  2.45876  -22.93986   2.65435  -0.006000
  3.99626  -21.70035   2.06974   0.103000
  0.65585  -21.99893   2.32820   0.103000
  2.77984  -23.66379   5.96821  -0.200000
-12.31244   20.73574 -11.85627  -0.200000
-14.92971   18.55541 -11.78291  -0.006000
-15.85093   18.64950  -9.94321   0.103000
-16.28146   19.05490 -13.25448   0.103000
-13.96003   15.87022 -12.23772  -0.006000
-13.03879   15.77615 -14.07744   0.103000
-12.60825   15.37075 -10.76617   0.103000
-16.57728   13.68989 -12.16437  -0.200000
 11.56735   16.56252  19.41860  -0.200000
 13.66984   15.57652  16.92529  -0.006000
 15.30346   14.62334  17.74086   0.103000
 12.68025   14.28470  15.66269   0.103000
 14.55099   17.89221  15.43574  -0.006000
 12.91741   18.84539  14.62017   0.103000
 15.54060   19.18401  16.69834   0.103000
 16.65350   16.90621  12.94243  -0.200000
 11.16070  -17.80547   5.79033  -0.200000
  9.17944  -20.01224   7.46769  -0.006000
  8.36121  -19.08604   9.11538   0.103000
  7.67089  -20.66281   6.22544   0.103000
 10.76475  -22.27348   8.32277  -0.006000
 11.58298  -23.19966   6.67506   0.103000
 12.27328  -21.62289   9.56498   0.103000
  8.78347  -24.48025  10.00009  -0.200000
-21.90765   13.26518   7.93916  -0.200000
-19.16362   11.57680   9.04782  -0.006000
-19.75557   10.04193  10.28712   0.103000
-18.13633   10.80341   7.43891   0.103000
-17.44467   13.38495  10.50850  -0.006000
-16.85271   14.91984   9.26920   0.103000
-18.47196   14.15836  12.11743   0.103000
-14.70063   11.69657  11.61717  -0.200000
  7.81453   15.72182 -19.47132  -0.200000
  9.60444   17.38637 -17.09752  -0.006000
  9.43625   19.41567 -17.40750   0.103000
  8.87519   16.91384 -15.23012   0.103000
 12.38491   16.61358 -17.26904  -0.006000
 12.55309   14.58432 -16.95908   0.103000
 13.11415   17.08615 -19.13644   0.103000
 14.17484   18.27819 -14.89526  -0.200000
 27.74339   -0.50499  -3.96627  -0.200000
 27.07978   -3.59029  -5.25066  -0.006000
 28.65394   -4.19542  -6.43302   0.103000
 26.82049   -4.93406  -3.71140   0.103000
 24.66947   -3.47330  -6.84264  -0.006000
 23.09531   -2.86817  -5.66026   0.103000
 24.92878   -2.12953  -8.38190   0.103000
 24.00585   -6.55860  -8.12703  -0.200000
 -6.04990   -9.15546 -18.40856  -0.200000
 -5.12583  -12.28154 -17.41721  -0.006000
 -3.14441  -12.26636 -16.85502   0.103000
 -6.28835  -12.86796 -15.82134   0.103000
 -5.49113  -14.13400 -19.60638  -0.006000
 -7.47253  -14.14919 -20.16861   0.103000
 -4.32859  -13.54758 -21.20227   0.103000
 -4.56705  -17.26008 -18.61505  -0.200000
 18.73131    9.88520  17.88641  -0.200000
 21.58052   10.43178  16.09967  -0.006000
 22.63909   11.97992  16.95111   0.103000
 22.73388    8.72530  16.10663   0.103000
 20.89362   11.11832  13.37671  -0.006000
 19.83508    9.57016  12.52527   0.103000
 19.74029   12.82478  13.36974   0.103000
 23.74286   11.66490  11.58997  -0.200000
-17.94405   -9.85067  16.80097  -0.200000
-14.55745   -9.60115  16.52171  -0.006000
-13.74386  -11.48298  16.32419   0.103000
-14.08606   -8.47153  14.86523   0.103000
-13.48622   -8.33286  18.88846  -0.006000
-14.29982   -6.45103  19.08597   0.103000
-13.95763   -9.46250  20.54493   0.103000
-10.09966   -8.08334  18.60919  -0.200000
-21.42876   15.75525  -8.08230  -0.200000
-22.74905   14.41065  -5.24369  -0.006000
-23.85333   15.84087  -4.25517   0.103000
-23.96509   12.82304  -5.73668   0.103000
-20.61141   13.48973  -3.52906  -0.006000
-19.50713   12.05950  -4.51758   0.103000
-19.39536   15.07735  -3.03605   0.103000
-21.93169   12.14512  -0.69045  -0.200000
-22.53886    0.23671  -4.10634  -0.200000
-24.31994   -2.55778  -4.89849  -0.006000
-23.35422   -3.58549  -6.39961   0.103000
-24.48322   -3.76267  -3.23600   0.103000
-26.95955   -1.79539  -5.79776  -0.006000
-27.92526   -0.76770  -4.29663   0.103000
-26.79628   -0.59050  -7.46022   0.103000
-28.74060   -4.58988  -6.58989  -0.200000
-12.19457    7.58256  21.50733  -0.200000
-14.86719    6.54573  19.66581  -0.006000
-14.62561    4.56390  19.15982   0.103000
-16.59083    6.76734  20.77136   0.103000
-15.05543    8.13743  17.25987  -0.006000
-15.29701   10.11926  17.76586   0.103000
-13.33179    7.91582  16.15432   0.103000
-17.72807    7.10059  15.41837  -0.200000
 20.95697  -12.60946  -5.84774  -0.200000
 19.53317  -13.49472  -8.81395  -0.006000
 19.90843  -15.48481  -9.18934   0.103000
 17.49915  -13.18505  -8.71925   0.103000
 20.65378  -11.88632 -10.93879  -0.006000
 20.27854   -9.89623 -10.56342   0.103000
 22.68783  -12.19597 -11.03351   0.103000
 19.23000  -12.77158 -13.90502  -0.200000
-22.83838   -0.43131 -11.39766  -0.200000
-21.96179   -1.87470 -14.35689  -0.006000
-21.68064   -3.89601 -14.07876   0.103000
-23.45912   -1.57301 -15.73864   0.103000
-19.50923   -0.68523 -15.32005  -0.006000
-19.79038    1.33606 -15.59818   0.103000
-18.01189   -0.98693 -13.93832   0.103000
-18.63264   -2.12864 -18.27928  -0.200000
-19.00868  -15.55328   0.67174  -0.200000
-19.93684  -18.40412  -0.94706  -0.006000
-21.88802  -18.86045  -0.47071   0.103000
-19.77375  -18.12348  -2.98099   0.103000
-18.21373  -20.57844  -0.13408  -0.006000
-16.26255  -20.12211  -0.61038   0.103000
-18.37683  -20.85906   1.89986   0.103000
-19.14191  -23.42926  -1.75285  -0.200000
  0.10341   27.00373 -10.53607  -0.200000
  0.23017   25.32169 -13.49644  -0.006000
  1.26020   26.44534 -14.88159   0.103000
  1.19017   23.52014 -13.22245   0.103000
 -2.45712   24.84525 -14.44990  -0.006000
 -3.48713   23.72158 -13.06475   0.103000
 -3.41710   26.64678 -14.72388   0.103000
 -2.33035   23.16319 -17.41025  -0.200000
 -5.84564    6.93613  24.36477  -0.200000
 -5.63892   10.05629  23.01155  -0.006000
 -7.08644   10.27408  21.56264   0.103000
 -5.92558   11.46518  24.48635   0.103000
 -3.02764   10.42135  21.82603  -0.006000
 -1.58013   10.20354  23.27494   0.103000
 -2.74097    9.01246  20.35124   0.103000
 -2.82091   13.54149  20.47284  -0.200000
  9.24259  -11.90184  20.47567  -0.200000
  5.89904  -11.36294  20.84901  -0.006000
  5.59410   -9.87280  22.23781   0.103000
  5.08871  -10.79485  19.04260   0.103000
  4.62584  -13.79610  21.75256  -0.006000
  4.93079  -15.28624  20.36378   0.103000
  5.43618  -14.36421  23.55897   0.103000
  1.28229  -13.25722  22.12592  -0.200000
  8.58962   28.38414  -0.84219  -0.200000
 10.40763   30.25253   1.35178  -0.006000
  9.46636   32.05822   1.66105   0.103000
 10.56909   29.24644   3.14176   0.103000
 13.04680   30.71612   0.26662  -0.006000
 13.98806   28.91041  -0.04267   0.103000
 12.88532   31.72217  -1.52338   0.103000
 14.86477   32.58449   2.46057  -0.200000
-24.57577   -7.03655 -10.29625  -0.200000
-25.07808  -10.22119  -9.19378  -0.006000
-27.09623  -10.55450  -8.95280   0.103000
-24.32151  -11.55246 -10.57126   0.103000
-23.73271  -10.58764  -6.66130  -0.006000
-21.71456  -10.25432  -6.90228   0.103000
-24.48928   -9.25637  -5.28381   0.103000
-24.23500  -13.77227  -5.55882  -0.200000
-21.89015    2.15971  15.67815  -0.200000
-23.77362    3.80288  13.36267  -0.006000
-25.72892    3.89000  14.00397   0.103000
-23.04580    5.71379  13.11572   0.103000
-23.64913    2.39219  10.84232  -0.006000
-21.69385    2.30509  10.20103   0.103000
-24.37694    0.48129  11.08931   0.103000
-25.53262    4.03536   8.52686  -0.200000
 23.78033   17.42683  -1.28282  -0.200000
 25.07708   19.46012  -3.68971  -0.006000
 26.96237   18.80576  -4.19935   0.103000
 23.86237   19.41788  -5.35246   0.103000
 25.23661   22.16526  -2.68256  -0.006000
 23.35136   22.81961  -2.17292   0.103000
 26.45135   22.20751  -1.01981   0.103000
 26.53338   24.19855  -5.08947  -0.200000
 23.33921    2.48314  19.84817  -0.200000
 20.33495    0.90199  20.13709  -0.006000
 20.52636   -1.05454  19.52257   0.103000
 19.72062    0.94781  22.10243   0.103000
 18.37762    2.24271  18.48515  -0.006000
 18.18621    4.19924  19.09967   0.103000
 18.99196    2.19688  16.51982   0.103000
 15.37338    0.66156  18.77407  -0.200000
 -1.80303  -25.40397  10.32563  -0.200000
 -0.37823  -23.42652  12.70659  -0.006000
 -0.69892  -21.44680  12.23749   0.103000
 -1.21995  -23.84330  14.53961   0.103000
  2.46432  -23.94236  12.81297  -0.006000
  2.78500  -25.92207  13.28209   0.103000
  3.30604  -23.52558  10.97997   0.103000
  3.88911  -21.96491  15.19395  -0.200000
  8.53754  -17.58543  13.87703  -0.200000
 11.56665  -17.54410  15.43638  -0.006000
 12.91125  -18.66917  14.35538   0.103000
 12.24457  -15.60373  15.56925   0.103000
 11.29848  -18.65411  18.09222  -0.006000
  9.95391  -17.52906  19.17320   0.103000
 10.62056  -20.59446  17.95933   0.103000
 14.32762  -18.61278  19.65155  -0.200000
 -5.21922   30.59548  -1.96550  -0.200000
 -6.90975   28.78255  -4.30317  -0.006000
 -6.73245   26.77544  -3.87626   0.103000
 -8.89880   29.31668  -4.28036   0.103000
 -5.80080   29.31175  -6.91999  -0.006000
 -5.97811   31.31888  -7.34690   0.103000
 -3.81175   28.77764  -6.94280   0.103000
 -7.49133   27.49886  -9.25765  -0.200000
-12.17197  -14.28595 -15.54846  -0.200000
-14.96374  -16.10498 -16.26028  -0.006000
-14.58638  -17.34468 -17.86120   0.103000
-15.48168  -17.23872 -14.62057   0.103000
-17.13723  -14.31632 -16.91925  -0.006000
-17.51461  -13.07660 -15.31835   0.103000
-16.61933  -13.18256 -18.55898   0.103000
-19.92900  -16.13533 -17.63107  -0.200000
 14.46364  -18.40232  -8.82168  -0.200000
 15.07287  -20.61517 -11.33993  -0.006000
 16.86645  -21.56829 -10.99807   0.103000
 13.55742  -22.00819 -11.41206   0.103000
 15.19963  -19.19928 -13.85719  -0.006000
 13.40608  -18.24616 -14.19902   0.103000
 16.71510  -17.80627 -13.78504   0.103000
 15.80888  -21.41215 -16.37546  -0.200000
 27.02667   11.78110 -14.70982  -0.200000
 23.73592   12.09474 -15.53542  -0.006000
 23.56728   12.48370 -17.55094   0.103000
 22.74559   10.34506 -15.08818   0.103000
 22.56898   14.27219 -14.03386  -0.006000
 22.73760   13.88321 -12.01834   0.103000
 23.55931   16.02185 -14.48110   0.103000
 19.27823   14.58581 -14.85946  -0.200000
-10.61283    5.75800 -24.47934  -0.200000
-12.37533    6.07192 -21.58029  -0.006000
-11.07056    6.32743 -20.00723   0.103000
-13.62445    7.70451 -21.70898   0.103000
-13.95022    3.68665 -21.14694  -0.006000
-15.25497    3.43112 -22.72001   0.103000
-12.70108    2.05404 -21.01825   0.103000
-15.71268    4.00057 -18.24789  -0.200000
-29.39684    6.47158  -1.36863  -0.200000
-26.97588    4.69096   0.23686  -0.006000
-25.40177    4.35714  -1.04887   0.103000
-26.31332    5.75223   1.87300   0.103000
-28.06115    2.15707   1.10815  -0.006000
-29.63523    2.49089   2.39389   0.103000
-28.72369    1.09578  -0.52799   0.103000
-25.64018    0.37643   2.71365  -0.200000
  0.89722  -27.97847 -10.07721  -0.200000
 -1.88602  -26.03742 -10.38507  -0.006000
 -1.89060  -24.60340  -8.90660   0.103000
 -1.88459  -25.12198 -12.23012   0.103000
 -4.24535  -27.68874 -10.13167  -0.006000
 -4.24079  -29.12274 -11.61014   0.103000
 -4.24680  -28.60418  -8.28664   0.103000
 -7.02861  -25.74767 -10.43955  -0.200000
-11.74350  -20.75516   9.46252  -0.200000
-14.26380  -22.17699   7.66375  -0.006000
-15.65589  -22.98317   8.95003   0.103000
-15.16275  -20.74377   6.48900   0.103000
-13.18649  -24.26514   5.97951  -0.006000
-11.79439  -23.45897   4.69323   0.103000
-12.28755  -25.69837   7.15428   0.103000
-15.70680  -25.68697   4.18074  -0.200000
  5.40792   22.07533  17.80594  -0.200000
  5.51656   21.44202  21.15201  -0.006000
  3.87949   20.31456  21.69141   0.103000
  7.24067   20.40798  21.59991   0.103000
  5.48678   23.93998  22.60698  -0.006000
  7.12389   25.06743  22.06758   0.103000
  3.76271   24.97400  22.15908   0.103000
  5.59544   23.30667  25.95305  -0.200000
 21.50539   23.63549   5.68781  -0.200000
 24.12982   22.07502   4.17577  -0.006000
 23.49124   21.19674   2.42561   0.103000
 25.60003   23.45488   3.75536   0.103000
 25.19056   20.04540   5.94013  -0.006000
 25.82912   20.92371   7.69030   0.103000
 23.72033   18.66554   6.36053   0.103000
 27.81499   18.48494   4.42808  -0.200000
-11.90807   -1.58166  21.11618  -0.200000
 -9.08569   -1.73014  23.01915  -0.006000
 -8.61573   -3.69921  23.39870   0.103000
 -7.52918   -0.83439  22.01064   0.103000
 -9.53495   -0.34869  25.51863  -0.006000
-10.00491    1.62038  25.13908   0.103000
-11.09146   -1.24444  26.52714   0.103000
 -6.71257   -0.49717  27.42161  -0.200000
 -6.91583  -33.43566  -0.93919  -0.200000
 -7.02910  -30.25918  -2.16668  -0.006000
 -7.89359  -30.27542  -4.03602   0.103000
 -8.14444  -29.07408  -0.90420   0.103000
 -4.34459  -29.20324  -2.35672  -0.006000
 -3.48008  -29.18701  -0.48738   0.103000
 -3.22924  -30.38835  -3.61920   0.103000
 -4.45783  -26.02676  -3.58421  -0.200000
 16.81010   -6.03894  25.27609  -0.200000
 17.45372   -6.52575  21.96586  -0.006000
 17.48104   -4.70854  20.99675   0.103000
 19.28309   -7.44715  21.74984   0.103000
 15.39258   -8.19735  20.81908  -0.006000
 15.36525  -10.01457  21.78818   0.103000
 13.56323   -7.27597  21.03507   0.103000
 16.03620   -8.68416  17.50882  -0.200000
 10.61612  -31.58112  -7.54220  -0.200000
 10.25995  -29.63006  -4.77173  -0.006000
  8.87563  -30.48049  -3.50582   0.103000
 12.07132  -29.47391  -3.80385   0.103000
  9.35772  -26.99793  -5.55627  -0.006000
 10.74202  -26.14750  -6.82219   0.103000
  7.54634  -27.15408  -6.52417   0.103000
  9.00154  -25.04686  -2.78580  -0.200000
 25.34799    2.50593 -12.03321  -0.200000
 28.02700    3.03768 -14.07014  -0.006000
 29.10426    1.29225 -14.25830   0.103000
 27.36968    3.64275 -15.92593   0.103000
 29.71241    5.09087 -12.92937  -0.006000
 28.63519    6.83631 -12.74125   0.103000
 30.36973    4.48579 -11.07361   0.103000
 32.39142    5.62263 -14.96635  -0.200000
  0.09783   33.42729  -9.50513  -0.200000
  2.42552   33.87999  -7.05856  -0.006000
  4.20177   33.00815  -7.63036   0.103000
  2.71695   35.89576  -6.75203   0.103000
  1.49823   32.65791  -4.60821  -0.006000
 -0.27802   33.52977  -4.03642   0.103000
  1.20678   30.64214  -4.91474   0.103000
  3.82592   33.11065  -2.16164  -0.200000
 28.77582    4.55258  -0.74837  -0.200000
 31.84912    3.08324  -0.81831  -0.006000
 32.01767    1.76754   0.75736   0.103000
 32.08307    2.06375  -2.59265   0.103000
 33.89386    5.11511  -0.59876  -0.006000
 33.72532    6.43078  -2.17445   0.103000
 33.65990    6.13458   1.17556   0.103000
 36.96716    3.64575  -0.66870  -0.200000
-12.25317  -23.94419  14.74459  -0.200000
 -9.29781  -23.44218  16.36414  -0.006000
 -9.66763  -22.90116  18.31679   0.103000
 -8.19204  -25.17950  16.33026   0.103000
 -7.82160  -21.33565  15.04468  -0.006000
 -7.45176  -21.87670  13.09204   0.103000
 -8.92735  -19.59835  15.07858   0.103000
 -4.86621  -20.83366  16.66425  -0.200000
 21.20991   -8.65502 -19.17849  -0.200000
 23.78107   -7.82014 -17.10455  -0.006000
 23.71053   -8.99600 -15.41499   0.103000
 25.57240   -8.11995 -18.07591   0.103000
 23.54784   -5.03863 -16.35201  -0.006000
 23.61838   -3.86279 -18.04159   0.103000
 21.75651   -4.73883 -15.38067   0.103000
 26.11900   -4.20375 -14.27811  -0.200000
-22.65345   21.23068   8.01941  -0.200000
-23.89387   20.25537   4.99957  -0.006000
-25.16760   18.65838   5.26332   0.103000
-24.92233   21.81999   4.14150   0.103000
-21.71386   19.47248   3.26977  -0.006000
-20.44015   21.06944   3.00601   0.103000
-20.68541   17.90786   4.12784   0.103000
-22.95428   18.49715   0.24992  -0.200000
-14.59247  -15.67564  19.06189  -0.200000
-17.33159  -17.12895  17.64966  -0.006000
-17.70804  -18.92986  18.57554   0.103000
-18.96002  -15.88783  17.87326   0.103000
-16.84184  -17.57699  14.83596  -0.006000
-16.46537  -15.77611  13.91009   0.103000
-15.21339  -18.81812  14.61235   0.103000
-19.58095  -19.03034  13.42371  -0.200000
 20.88599   31.35980   9.63110  -0.200000
 18.84395   29.08311   8.12917  -0.006000
 19.42831   28.82229   6.17141   0.103000
 18.96650   27.28602   9.12800   0.103000
 16.11691   30.03997   8.20041  -0.006000
 15.53253   30.30078  10.15819   0.103000
 15.99432   31.83707   7.20160   0.103000
 14.07485   27.76327   6.69849  -0.200000
-27.85481  -14.54122  15.56717  -0.200000
-24.57396  -14.71433  14.66420  -0.006000
-23.40851  -14.93315  16.34823   0.103000
-24.28890  -16.32837  13.41690   0.103000
-23.82501  -12.28704  13.28392  -0.006000
-24.99048  -12.06821  11.59989   0.103000
-24.11007  -10.67298  14.53124   0.103000
-20.54416  -12.46015  12.38099  -0.200000
  2.71200   26.89326  14.41116  -0.200000
  2.61060   30.27409  14.00036  -0.006000
  2.40419   31.18352  15.83681   0.103000
  4.35571   30.91074  13.11067   0.103000
  0.36339   30.97386  12.32168  -0.006000
  0.56981   30.06445  10.48518   0.103000
 -1.38175   30.33721  13.21134   0.103000
  0.26199   34.35471  11.91085  -0.200000
 11.51996  -26.09247 -13.04555  -0.200000
  8.42497  -25.02835 -12.09814  -0.006000
  7.42409  -26.56877 -11.16673   0.103000
  8.61211  -23.44381 -10.79568   0.103000
  6.93945  -24.18655 -14.43103  -0.006000
  7.94035  -22.64616 -15.36245   0.103000
  6.75229  -25.77112 -15.73350   0.103000
  3.84448  -23.12246 -13.48361  -0.200000
  9.95931    4.46006 -25.03706  -0.200000
 13.31724    4.82324 -25.48632  -0.006000
 14.02162    3.29187 -26.66993   0.103000
 13.69662    6.62908 -26.40138   0.103000
 14.64666    4.74616 -22.92036  -0.006000
 13.94227    6.27754 -21.73676   0.103000
 14.26726    2.94034 -22.00529   0.103000
 18.00459    5.10935 -23.36966  -0.200000
 -1.27606   21.80009  21.87914  -0.200000
 -4.46899   21.62075  20.70354  -0.006000
 -5.02739   23.45415  19.94922   0.103000
 -4.57369   20.20359  19.21264   0.103000
 -6.24936   20.88389  22.85879  -0.006000
 -5.69097   19.05048  23.61315   0.103000
 -6.14469   22.30105  24.34971   0.103000
 -9.44232   20.70456  21.68321  -0.200000
 25.87821   23.28995  15.57688  -0.200000
 23.17006   22.05042  13.92193  -0.006000
 23.71346   21.53704  12.00271   0.103000
 22.46724   20.38329  14.90622   0.103000
 21.09418   24.06035  13.82966  -0.006000
 20.55079   24.57373  15.74890   0.103000
 21.79701   25.72751  12.84539   0.103000
 18.38601   22.82082  12.17473  -0.200000
 -7.21592  -11.64009  28.06007  -0.200000
 -6.72833   -9.03956  25.91330  -0.006000
 -7.63474   -9.45685  24.11147   0.103000
 -7.54530   -7.32618  26.71281   0.103000
 -3.89386   -8.65139  25.49789  -0.006000
 -2.98745   -8.23412  27.29972   0.103000
 -3.07689  -10.36477  24.69836   0.103000
 -3.40627   -6.05088  23.35112  -0.200000
  5.93591  -13.96942 -20.85116  -0.200000
  5.63938  -17.21688 -21.83879  -0.006000
  3.95508  -18.04263 -20.98824   0.103000
  5.48368  -17.29946 -23.89090   0.103000
  7.97181  -18.69903 -20.98996  -0.006000
  9.65610  -17.87329 -21.84051   0.103000
  8.12750  -18.61647 -18.93783   0.103000
  7.67527  -21.94652 -21.97759  -0.200000
 30.87257    7.86177  -5.83750  -0.200000
 31.82437   11.04946  -6.57349  -0.006000
 32.86939   11.83879  -4.98381   0.103000
 33.02446   11.03902  -8.24739   0.103000
 29.47946   12.66256  -7.08022  -0.006000
 28.43443   11.87322  -8.66991   0.103000
 28.27935   12.67301  -5.40632   0.103000
 30.43126   15.85025  -7.81621  -0.200000
-20.64375   -9.15523 -15.48750  -0.200000
-22.24223   -9.70786 -18.44531  -0.006000
-20.88064   -9.62332 -19.98841   0.103000
-23.12724  -11.56737 -18.41107   0.103000
-24.26909   -7.68421 -18.83804  -0.006000
-25.63070   -7.76876 -17.29492   0.103000
-23.38409   -5.82470 -18.87226   0.103000
-25.86759   -8.23682 -21.79584  -0.200000
-15.90445   11.79945 -18.19789  -0.200000
-18.22204   12.44627 -20.61024  -0.006000
-18.93010   14.36727 -20.38535   0.103000
-17.35453   12.24684 -22.46762   0.103000
-20.41431   10.57759 -20.36611  -0.006000
-19.70625    8.65657 -20.59102   0.103000
-21.28185   10.77699 -18.50875   0.103000
-22.73191   11.22439 -22.77848  -0.200000
 20.32043   24.24641  -7.76984  -0.200000
 21.20732   26.50411 -10.16263  -0.006000
 19.55424   27.59841 -10.72110   0.103000
 22.64807   27.77036  -9.41216   0.103000
 22.25878   25.10599 -12.46422  -0.006000
 23.91188   24.01169 -11.90575   0.103000
 20.81807   23.83973 -13.21467   0.103000
 23.14567   27.36369 -14.85701  -0.200000
 23.36178   -9.52981  14.14169  -0.200000
 22.90503   -6.96436  16.33691  -0.006000
 23.08083   -5.16940  15.34221   0.103000
 21.02933   -7.10395  17.17616   0.103000
 24.90472   -7.11064  18.41956  -0.006000
 24.72894   -8.90560  19.41425   0.103000
 26.78044   -6.97105  17.58031   0.103000
 24.44797   -4.54519  20.61478  -0.200000
 27.13428  -11.87731   9.02643  -0.200000
 25.90414  -13.62260   6.37129  -0.006000
 24.72973  -12.38343   5.21920   0.103000
 27.46664  -14.33879   5.23643   0.103000
 24.31429  -15.83936   7.32840  -0.006000
 25.48870  -17.07851   8.48049   0.103000
 22.75179  -15.12316   8.46325   0.103000
 23.08414  -17.58464   4.67325  -0.200000
-23.24237   -7.18255  19.48733  -0.200000
-22.38777   -4.26279  21.02160  -0.006000
-23.70765   -2.78260  20.46564   0.103000
-22.45809   -4.51408  23.06469   0.103000
-19.70967   -3.50930  20.23598  -0.006000
-18.38981   -4.98948  20.79196   0.103000
-19.63936   -3.25800  18.19290   0.103000
-18.85510   -0.58952  21.77025  -0.200000
 17.59953   30.12972  -5.37319  -0.200000
 19.13573   29.03315  -2.53654  -0.006000
 18.29296   29.95465  -0.89868   0.103000
 18.90193   26.99332  -2.37321   0.103000
 21.95255   29.67254  -2.65741  -0.006000
 22.79531   28.75101  -4.29527   0.103000
 22.18635   31.71236  -2.82074   0.103000
 23.48875   28.57599   0.17922  -0.200000
-15.79380   17.72336  15.51752  -0.200000
-18.29758   18.55694  17.67293  -0.006000
-18.28680   17.26015  19.27301   0.103000
-18.01143   20.48206  18.34688   0.103000
-20.84079   18.38235  16.30947  -0.006000
-20.85158   19.67912  14.70940   0.103000
-21.12693   16.45721  15.63554   0.103000
-23.34456   19.21593  18.46489  -0.200000
-18.61443  -18.96042  -9.35055  -0.200000
-21.68689  -20.30596  -9.94939  -0.006000
-21.49369  -22.32330 -10.31711   0.103000
-22.89447  -20.01982  -8.30561   0.103000
-22.87143  -19.01722 -12.25013  -0.006000
-23.06462  -16.99988 -11.88239   0.103000
-21.66386  -19.30336 -13.89391   0.103000
-25.94392  -20.36274 -12.84895  -0.200000
  7.84127   -4.62161 -24.90856  -0.200000
 10.83144   -3.12084 -24.26372  -0.006000
 10.50589   -1.20209 -23.58934   0.103000
 11.84197   -4.19283 -22.82428   0.103000
 12.40877   -3.03558 -26.68497  -0.006000
 12.73430   -4.95433 -27.35936   0.103000
 11.39822   -1.96360 -28.12442   0.103000
 15.39894   -1.53482 -26.04018  -0.200000
 11.97591   -2.98516  22.98170  -0.200000
 10.10480   -3.19056  25.82171  -0.006000
 11.34748   -3.41955  27.44816   0.103000
  8.99701   -1.46805  26.04069   0.103000
  8.32625   -5.46250  25.64169  -0.006000
  7.08356   -5.23352  24.01524   0.103000
  9.43404   -7.18500  25.42271   0.103000
  6.45513   -5.66789  28.48173  -0.200000
-10.76902   -1.68414 -25.55210  -0.200000
-10.04236   -5.00018 -25.26074  -0.006000
-10.32435   -5.59652 -23.30958   0.103000
-11.28117   -6.08620 -26.49693   0.103000
 -7.28930   -5.45352 -26.01760  -0.006000
 -7.00731   -4.85716 -27.96880   0.103000
 -6.05049   -4.36748 -24.78143   0.103000
 -6.56264   -8.76954 -25.72628  -0.200000
 17.09834  -23.01108   3.74083  -0.200000
 16.15381  -26.25778   3.32157  -0.006000
 17.70256  -27.32015   2.47603   0.103000
 15.67711  -27.07636   5.15047   0.103000
 13.84597  -26.37328   1.58427  -0.006000
 12.29720  -25.31092   2.42979   0.103000
 14.32267  -25.55473  -0.24461   0.103000
 12.90146  -29.61998   1.16500  -0.200000
-13.05952  -25.06986  -4.06219  -0.200000
-13.20611  -25.43139  -7.44698  -0.006000
-13.07388  -23.58106  -8.34197   0.103000
-11.64313  -26.61398  -8.08000   0.103000
-15.71158  -26.67624  -8.17554  -0.006000
-15.84380  -28.52657  -7.28055   0.103000
-17.27455  -25.49365  -7.54254   0.103000
-15.85813  -27.03779 -11.56034  -0.200000
 16.20172    6.51904  22.72709  -0.200000
 15.54789    4.37759  25.29536  -0.006000
 13.52163    4.02113  25.39376   0.103000
 16.54327    2.60223  24.97995   0.103000
 16.44031    5.55311  27.78113  -0.006000
 18.46655    5.90959  27.68271   0.103000
 15.44492    7.32847  28.09654   0.103000
 15.78647    3.41167  30.34938  -0.200000
  2.57326   32.33261 -17.99872  -0.200000
  3.26919   31.69403 -14.72497  -0.006000
  3.02560   33.41644 -13.62215   0.103000
  1.99007   30.24110 -14.02135   0.103000
  5.99878   30.77334 -14.48188  -0.006000
  6.24237   29.05093 -15.58468   0.103000
  7.27788   32.22629 -15.18550   0.103000
  6.69469   30.13476 -11.20814  -0.200000
  5.89394   18.61259 -26.62411  -0.200000
  2.59038   19.39282 -26.32948  -0.006000
  2.39077   21.14861 -25.27152   0.103000
  1.76897   19.62311 -28.20414   0.103000
  1.21880   17.26575 -24.93222  -0.006000
  1.41839   15.50997 -25.99020   0.103000
  2.04022   17.03545 -23.05755   0.103000
 -2.08475   18.04596 -24.63757  -0.200000
 15.56549   12.17154  26.71568  -0.200000
 12.45517   12.95126  25.56369  -0.006000
 12.49751   13.08681  23.50893   0.103000
 11.12542   11.48315  26.12809   0.103000
 11.62183   15.48508  26.67855  -0.006000
 11.57945   15.34953  28.73332   0.103000
 12.95156   16.95317  26.11416   0.103000
  8.51152   16.26478  25.52655  -0.200000
 12.80637  -14.64086 -19.52611  -0.200000
 16.00502  -14.28962 -20.64618  -0.006000
 16.17005  -12.53695 -21.71532   0.103000
 17.29366  -14.23875 -19.04026   0.103000
 16.67976  -16.52456 -22.35142  -0.006000
 16.51471  -18.27724 -21.28227   0.103000
 15.39114  -16.57543 -23.95734   0.103000
 19.87839  -16.17333 -23.47149  -0.200000
 -7.73845  -21.27811  25.08551  -0.200000
 -9.14448  -18.58103  23.54994  -0.006000
 -9.76482  -19.11288  21.65932   0.103000
-10.76252  -17.93212  24.64675   0.103000
 -7.19470  -16.45492  23.36081  -0.006000
 -6.57438  -15.92308  25.25143   0.103000
 -5.57664  -17.10384  22.26402   0.103000
 -8.60075  -13.75785  21.82524  -0.200000
-29.72490  -10.71615   7.04286  -0.200000
-28.79472   -7.98268   8.85174  -0.006000
-29.31778   -8.25427  10.82526   0.103000
-26.75593   -7.72647   8.71033   0.103000
-30.13350   -5.63966   7.81470  -0.006000
-29.61042   -5.36809   5.84118   0.103000
-32.17227   -5.89587   7.95609   0.103000
-29.20330   -2.90623   9.62358  -0.200000
 27.85581   -4.32984  10.83803  -0.200000
 30.05475   -3.60288  13.33721  -0.006000
 29.56824   -1.78430  14.17295   0.103000
 29.96320   -5.06896  14.78095   0.103000
 32.73393   -3.48048  12.25811  -0.006000
 33.22042   -5.29906  11.42236   0.103000
 32.82547   -2.01441  10.81437   0.103000
 34.93285   -2.75350  14.75729  -0.200000
 -1.02559  -13.29160 -24.73610  -0.200000
  0.16826  -11.08360 -27.04007  -0.006000
  0.03730  -11.91440 -28.92014   0.103000
 -0.94607   -9.35265 -26.97471   0.103000
  2.93117  -10.47267 -26.44793  -0.006000
  3.06213   -9.64187 -24.56784   0.103000
  4.04554  -12.20362 -26.51327   0.103000
  4.12506   -8.26468 -28.75190  -0.200000
 30.26946    4.60243  10.66926  -0.200000
 30.48389    5.04032  14.04142  -0.006000
 29.90454    3.31020  14.99715   0.103000
 32.42745    5.49028  14.55359   0.103000
 28.75005    7.21008  14.84355  -0.006000
 29.32942    8.94020  13.88784   0.103000
 26.80648    6.76012  14.33138   0.103000
 28.96447    7.64797  18.21569  -0.200000
  0.51663    7.19052  30.05432  -0.200000
  2.60219    7.48330  27.37595  -0.006000
  2.43780    5.80696  26.19064   0.103000
  2.08660    9.15098  26.28271   0.103000
  5.32854    7.74417  28.30158  -0.006000
  5.49292    9.42047  29.48687   0.103000
  5.84413    6.07647  29.39478   0.103000
  7.41411    8.03693  25.62319  -0.200000
-11.33119  -21.14324 -15.56783  -0.200000
-11.45044  -23.36979 -18.14419  -0.006000
-12.07040  -25.20322 -17.43964   0.103000
-12.77487  -22.69862 -19.57159   0.103000
 -8.82067  -23.62830 -19.31689  -0.006000
 -8.20071  -21.79489 -20.02144   0.103000
 -7.49626  -24.29950 -17.88951   0.103000
 -8.93992  -25.85486 -21.89325  -0.200000
 -8.35248   32.36919   4.67407  -0.200000
 -8.60825   33.46471   7.89015  -0.006000
 -8.46633   35.51910   7.92952   0.103000
-10.42452   32.88643   8.67061   0.103000
 -6.47394   32.32189   9.47006  -0.006000
 -6.61584   30.26750   9.43072   0.103000
 -4.65766   32.90017   8.68964   0.103000
 -6.72971   33.41743  12.68617  -0.200000
 18.07619  -18.70460  12.65493  -0.200000
 20.74813  -17.90249  14.61104  -0.006000
 22.06459  -16.74142  13.53348   0.103000
 20.10102  -16.85511  16.26227   0.103000
 22.07727  -20.32308  15.46654  -0.006000
 20.76085  -21.48413  16.54410   0.103000
 22.72441  -21.37046  13.81533   0.103000
 24.74923  -19.52098  17.42267  -0.200000
-15.18684   23.31680 -19.02508  -0.200000
-12.78092   21.09700 -19.97006  -0.006000
-11.46673   20.80331 -18.41153   0.103000
-13.66024   19.30402 -20.47443   0.103000
-11.34841   22.14253 -22.25315  -0.006000
-12.66258   22.43619 -23.81166   0.103000
-10.46910   23.93550 -21.74878   0.103000
 -8.94247   19.92270 -23.19813  -0.200000
 13.47558   18.57554 -23.49563  -0.200000
 15.08723   16.38030 -25.54331  -0.006000
 14.40446   16.61230 -27.47263   0.103000
 17.11340   16.74526 -25.48305   0.103000
 14.56915   13.67774 -24.65726  -0.006000
 15.25190   13.44576 -22.72794   0.103000
 12.54296   13.31278 -24.71750   0.103000
 16.18078   11.48251 -26.70495  -0.200000
  7.80559  -28.40878   4.61320  -0.200000
  5.29448  -30.51953   3.69213  -0.006000
  3.62752  -30.14780   4.84337   0.103000
  4.83864  -30.21961   1.70608   0.103000
  6.14344  -33.25531   4.08245  -0.006000
  7.81039  -33.62702   2.93123   0.103000
  6.59928  -33.55521   6.06852   0.103000
  3.63234  -35.36604   3.16140  -0.200000
-25.64961   12.30021 -11.45410  -0.200000
-24.10737   13.26784 -14.33405  -0.006000
-22.10806   12.78201 -14.23948   0.103000
-24.97371   12.30378 -15.93476   0.103000
-24.38886   16.12602 -14.66450  -0.006000
-26.38814   16.61185 -14.75906   0.103000
-23.52250   17.09008 -13.06379   0.103000
-22.84660   17.09365 -17.54444  -0.200000
  2.58584  -20.57076  22.44447  -0.200000
  0.22554  -22.34909  20.74874  -0.006000
 -0.91998  -21.06540  19.61645   0.103000
  1.14944  -23.71521  19.51492   0.103000
 -1.46767  -23.74362  22.63176  -0.006000
 -0.32216  -25.02734  23.76404   0.103000
 -2.39158  -22.37751  23.86558   0.103000
 -3.82798  -25.52196  20.93603  -0.200000
-32.68958  -15.12786  -0.66067  -0.200000
-31.47719  -12.17154  -1.84354  -0.006000
-30.14633  -12.53722  -3.37239   0.103000
-33.03479  -11.02300  -2.54852   0.103000
-30.12913  -10.76042   0.28934  -0.006000
-31.46001  -10.39474   1.81820   0.103000
-28.57154  -11.90896   0.99434   0.103000
-28.91678   -7.80412  -0.89354  -0.200000
-27.83232  -17.76029   8.82515  -0.200000
-28.57629  -17.49724   5.51061  -0.006000
-30.07013  -18.83258   5.03364   0.103000
-29.21016  -15.58134   5.09869   0.103000
-26.21974  -18.08920   3.94414  -0.006000
-24.72591  -16.75384   4.42111   0.103000
-25.58587  -20.00508   4.35606   0.103000
-26.96373  -17.82613   0.62960  -0.200000
-15.85482   26.11184 -12.23275  -0.200000
-18.68327   24.72506 -10.93428  -0.006000
-18.23459   22.88963 -10.11444   0.103000
-19.44698   25.96136  -9.47463   0.103000
-20.64273   24.38884 -13.03306  -0.006000
-21.09140   26.22426 -13.85290   0.103000
-19.87899   23.15253 -14.49269   0.103000
-23.47115   23.00203 -11.73459  -0.200000
 -6.99399   12.41762 -24.49813  -0.200000
 -9.55771   13.73886 -26.31219  -0.006000
 -9.34972   15.78587 -26.40567   0.103000
 -9.52539   12.95730 -28.21752   0.103000
-12.07240   13.08361 -25.04549  -0.006000
-12.28037   11.03661 -24.95202   0.103000
-12.10472   13.86517 -23.14017   0.103000
-14.63610   14.40483 -26.85955  -0.200000
 29.71335   -9.76427  -7.16569  -0.200000
 27.66438  -11.80174  -8.97113  -0.006000
 26.01518  -12.29452  -7.84004   0.103000
 27.05827  -10.82617 -10.68085   0.103000
 29.09192  -14.21015  -9.69180  -0.006000
 30.74112  -13.71739 -10.82290   0.103000
 29.69805  -15.18574  -7.98209   0.103000
 27.04294  -16.24766 -11.49726  -0.200000
  4.05448   25.32898 -19.44311  -0.200000
  3.82522   26.50413 -22.63304  -0.006000
  2.19034   25.66125 -23.55990   0.103000
  3.61427   28.55265 -22.59706   0.103000
  6.22292   25.80876 -24.09076  -0.006000
  7.85780   26.65162 -23.16392   0.103000
  6.43387   23.76024 -24.12674   0.103000
  5.99366   26.98389 -27.28071  -0.200000
 27.97067  -15.16031  -2.53800  -0.200000
 25.89643  -17.70496  -3.45009  -0.006000
 25.22465  -18.68117  -1.76544   0.103000
 24.28967  -16.94274  -4.48914   0.103000
 27.33513  -19.56539  -5.13132  -0.006000
 28.00693  -18.58918  -6.81596   0.103000
 28.94189  -20.32761  -4.09226   0.103000
 25.26090  -22.11002  -6.04342  -0.200000
 20.21389   -1.87427 -21.41555  -0.200000
 22.52185   -0.33093 -23.39052  -0.006000
 21.60985    1.16630 -24.47158   0.103000
 24.00408    0.47825 -22.21135   0.103000
 23.68097   -2.25956 -25.20551  -0.006000
 24.59299   -3.75678 -24.12443   0.103000
 22.19875   -3.06876 -26.38468   0.103000
 25.98891   -0.71623 -27.18048  -0.200000
 -1.46716  -23.17895 -17.96264  -0.200000
 -0.36723  -26.02814 -19.47308  -0.006000
  0.95785  -25.54288 -20.97339   0.103000
  0.57470  -27.22241 -18.08426   0.103000
 -2.61708  -27.45203 -20.59922  -0.006000
 -3.94218  -27.93730 -19.09893   0.103000
 -3.55902  -26.25776 -21.98804   0.103000
 -1.51717  -30.30123 -22.10964  -0.200000
-20.95946   32.15955   9.57870  -0.200000
-19.38245   30.03500   7.43195  -0.006000
-20.17685   28.14486   7.62852   0.103000
-19.64478   30.69278   5.49782   0.103000
-16.55914   29.96159   8.04923  -0.006000
-15.76474   31.85173   7.85264   0.103000
-16.29683   29.30381   9.98337   0.103000
-14.98211   27.83703   5.90248  -0.200000
  1.45396    6.54801 -26.34359  -0.200000
 -0.56019    4.29659 -27.91949  -0.006000
 -0.22752    2.41726 -27.14522   0.103000
 -2.53159    4.81910 -27.63182   0.103000
  0.03088    4.29028 -30.74940  -0.006000
 -0.30179    6.16960 -31.52367   0.103000
  2.00228    3.76777 -31.03707   0.103000
 -1.98327    2.03884 -32.32530  -0.200000
-28.89592   13.26503   1.09606  -0.200000
-29.77914   11.44870   3.84017  -0.006000
-31.60724   10.55726   3.51485   0.103000
-28.35971    9.99777   4.18975   0.103000
-29.95530   13.19607   6.13658  -0.006000
-28.12719   14.08751   6.46190   0.103000
-31.37473   14.64700   5.78702   0.103000
-30.83852   11.37972   8.88069  -0.200000
 -1.97055   34.23367   4.79121  -0.200000
 -2.53715   37.52822   4.13213  -0.006000
 -4.23438   37.71650   2.98055   0.103000
 -2.79152   38.54926   5.90269   0.103000
 -0.27736   38.62757   2.70306  -0.006000
  1.41988   38.43930   3.85466   0.103000
 -0.02298   37.60655   0.93250   0.103000
 -0.84393   41.92210   2.04398  -0.200000
 31.20962   -6.27525   1.03806  -0.200000
 31.62532   -8.94587   3.11279  -0.006000
 30.07244   -9.01435   4.46410   0.103000
 31.64755  -10.68100   2.00324   0.103000
 34.12815   -8.68061   4.53517  -0.006000
 35.68102   -8.61211   3.18385   0.103000
 34.10593   -6.94548   5.64473   0.103000
 34.54387  -11.35121   6.60988  -0.200000
-15.99623   16.82992  24.41931  -0.200000
-14.38531   14.55597  26.37992  -0.006000
-14.47559   15.15882  28.34733   0.103000
-15.28970   12.71597  26.18295   0.103000
-11.62032   14.36241  25.55834  -0.006000
-11.53005   13.75955  23.59091   0.103000
-10.71596   16.20240  25.75529   0.103000
-10.00941   12.08845  27.51893  -0.200000
  9.08943   30.56600  20.82284  -0.200000
 12.12860   29.10524  21.31146  -0.006000
 13.59898   30.54680  21.26664   0.103000
 12.14988   28.15881  23.14066   0.103000
 12.61460   27.16925  19.22022  -0.006000
 11.14424   25.72768  19.26504   0.103000
 12.59332   28.11570  17.39102   0.103000
 15.65379   25.70850  19.70884  -0.200000
 -8.54511   26.31113 -16.57498  -0.200000
 -8.40803   29.56800 -17.56655  -0.006000
 -7.74982   30.73526 -16.00245   0.103000
 -7.10762   29.74892 -19.15351   0.103000
-11.04248   30.44039 -18.37655  -0.006000
-11.70071   29.27311 -19.94064   0.103000
-12.34292   30.25949 -16.78957   0.103000
-10.90540   33.69724 -19.36811  -0.200000
 21.45108   17.76494  19.51377  -0.200000
 19.67065   19.53268  21.81908  -0.006000
 18.12525   20.52141  20.88287   0.103000
 18.90580   18.24395  23.23209   0.103000
 21.40325   21.45527  23.10723  -0.006000
 22.94863   20.46655  24.04344   0.103000
 22.16809   22.74401  21.69421   0.103000
 19.62284   23.22303  25.41255  -0.200000
-23.41599   -6.72177 -27.90627  -0.200000
-21.30196   -5.93399 -25.35289  -0.006000
-21.93067   -4.19115 -24.45325   0.103000
-21.29820   -7.45915 -23.96864   0.103000
-18.62883   -5.57080 -26.39224  -0.006000
-18.00011   -7.31364 -27.29186   0.103000
-18.63261   -4.04566 -27.77646   0.103000
-16.51479   -4.78301 -23.83886  -0.200000
-30.76160   13.76197  18.85416  -0.200000
-28.37097   11.45476  18.09849  -0.006000
-27.73814   10.52991  19.82657   0.103000
-29.15498   10.04843  16.81405   0.103000
-26.12845   12.76962  16.83364  -0.006000
-26.76128   13.69449  15.10556   0.103000
-25.34446   14.17595  18.11809   0.103000
-23.73779   10.46243  16.07798  -0.200000
 -1.50562  -30.84543   5.97747  -0.200000
 -3.60076  -32.30379   8.23418  -0.006000
 -5.12618  -30.99984   8.69797   0.103000
 -4.39067  -34.02550   7.42553   0.103000
 -2.12812  -32.95552  10.63510  -0.006000
 -0.60269  -34.25949  10.17132   0.103000
 -1.33821  -31.23383  11.44377   0.103000
 -4.22325  -34.41388  12.89181  -0.200000
-23.78351    5.35667 -19.08219  -0.200000
-22.70190    3.00147 -21.29393  -0.006000
-20.65705    2.80585 -21.14399   0.103000
-23.59784    1.19644 -20.86836   0.103000
-23.39698    3.81137 -23.98070  -0.006000
-25.44184    4.00701 -24.13061   0.103000
-22.50104    5.61642 -24.40625   0.103000
-22.31538    1.45619 -26.19240  -0.200000
-30.58631   -3.24149 -16.96177  -0.200000
-29.72942   -1.49080 -14.16707  -0.006000
-31.38476   -1.26712 -12.96203   0.103000
-28.26448   -2.51084 -13.13961   0.103000
-28.73444    1.11428 -14.92920  -0.006000
-27.07908    0.89061 -16.13424   0.103000
-30.19935    2.13431 -15.95666   0.103000
-27.87752    2.86501 -12.13450  -0.200000
-19.77109   10.35320  22.37621  -0.200000
-21.87864    7.97417  23.60396  -0.006000
-21.18581    7.31853  25.42946   0.103000
-23.76206    8.77608  23.83160   0.103000
-21.99620    5.74821  21.76303  -0.006000
-22.68902    6.40385  19.93757   0.103000
-20.11279    4.94630  21.53541   0.103000
-24.10376    3.36917  22.99080  -0.200000
-22.80633   27.40666  -5.92233  -0.200000
-21.07850   27.94153  -3.03482  -0.006000
-19.07403   27.59656  -3.35963   0.103000
-21.34999   29.88921  -2.42236   0.103000
-22.04502   26.14476  -0.98663  -0.006000
-24.04947   26.48973  -0.66180   0.103000
-21.77350   24.19707  -1.59907   0.103000
-20.31716   26.67963   1.90089  -0.200000
 31.96196   19.86849  -2.63596  -0.200000
 33.05526   17.71072  -0.23644  -0.006000
 31.51542   16.45899   0.31513   0.103000
 34.61761   16.59232  -0.97844   0.103000
 33.95218   19.20708   2.06874  -0.006000
 35.49200   20.45880   1.51717   0.103000
 32.38983   20.32550   2.81076   0.103000
 35.04548   17.04932   4.46828  -0.200000
 16.91018  -26.47208  -4.40370  -0.200000
 19.49566  -25.65264  -2.34148  -0.006000
 20.64454  -24.19071  -3.22756   0.103000
 18.75253  -24.95240  -0.55278   0.103000
 21.12173  -27.99351  -1.85781  -0.006000
 19.97286  -29.45546  -0.97173   0.103000
 21.86489  -28.69377  -3.64651   0.103000
 23.70722  -27.17409   0.20441  -0.200000
 23.94502    6.48658 -26.35083  -0.200000
 23.11356    9.78547 -26.16396  -0.006000
 24.76155   10.93596 -26.61418   0.103000
 21.60507   10.19093 -27.50648   0.103000
 22.21154   10.40175 -23.48739  -0.006000
 20.56353    9.25125 -23.03714   0.103000
 23.72003    9.99627 -22.14487   0.103000
 21.38008   13.70063 -23.30051  -0.200000
  0.60101  -39.14530  -7.93485  -0.200000
  0.47710  -35.75471  -7.62217  -0.006000
  1.16721  -34.87932  -9.35413   0.103000
 -1.46743  -35.16667  -7.28278   0.103000
  2.13363  -34.93066  -5.40084  -0.006000
  1.44354  -35.80606  -3.66887   0.103000
  4.07816  -35.51873  -5.74021   0.103000
  2.00972  -31.54008  -5.08814  -0.200000
-13.08856  -34.62205  14.47954  -0.200000
-11.56482  -32.50219  12.29000  -0.006000
-10.03669  -33.49148  11.32647   0.103000
-12.93799  -31.84272  10.90372   0.103000
-10.48849  -30.23881  13.73090  -0.006000
-12.01662  -29.24952  14.69443   0.103000
 -9.11532  -30.89831  15.11719   0.103000
 -8.96475  -28.11897  11.54137  -0.200000
 14.42745   36.12656  10.51230  -0.200000
 12.62660   37.63458   8.04407  -0.006000
 11.48780   39.14883   8.85170   0.103000
 13.91086   38.41671   6.63647   0.103000
 10.89310   35.69005   6.79056  -0.006000
 12.03189   34.17579   5.98293   0.103000
  9.60884   34.90791   8.19816   0.103000
  9.09225   37.19807   4.32233  -0.200000
 31.19549   19.50579  11.09171  -0.200000
 32.12667   16.32115  10.31726  -0.006000
 30.91917   15.59874   8.81319   0.103000
 34.08775   16.31257   9.68778   0.103000
 31.85914   14.64315  12.65618  -0.006000
 33.06665   15.36555  14.16027   0.103000
 29.89808   14.65171  13.28564   0.103000
 32.79032   11.45849  11.88173  -0.200000
 18.84286   21.21934 -26.27619  -0.200000
 19.42597   22.60645 -23.21922  -0.006000
 20.80609   24.12394 -23.40526   0.103000
 17.66733   23.36620 -22.46272   0.103000
 20.45268   20.58613 -21.42428  -0.006000
 19.07253   19.06866 -21.23824   0.103000
 22.21129   19.82638 -22.18077   0.103000
 21.03577   21.97324 -18.36731  -0.200000
 12.34182   37.39513  -3.17839  -0.200000
  9.01630   37.68970  -3.85918  -0.006000
  8.76253   38.19484  -5.83975   0.103000
  8.07622   35.89637  -3.48167   0.103000
  7.86886   39.74907  -2.18587  -0.006000
  8.12263   39.24392  -0.20530   0.103000
  8.80898   41.54240  -2.56339   0.103000
  4.54336   40.04364  -2.86666  -0.200000
 -8.60141   33.56382  22.72052  -0.200000
 -9.50874   30.63630  21.23206  -0.006000
 -8.72902   29.05420  22.29565   0.103000
-11.56305   30.49270  21.19407   0.103000
 -8.48922   30.57382  18.52759  -0.006000
 -9.26892   32.15592  17.46398   0.103000
 -6.43491   30.71740  18.56558   0.103000
 -9.39655   27.64632  17.03913  -0.200000
 18.16769   28.66705 -22.69211  -0.200000
 15.73641   28.59560 -20.30607  -0.006000
 16.29135   27.30713 -18.79809   0.103000
 15.47684   30.48693 -19.53283   0.103000
 13.25698   27.68840 -21.48362  -0.006000
 12.70204   28.97687 -22.99160   0.103000
 13.51655   25.79705 -22.25685   0.103000
 10.82571   27.61695 -19.09759  -0.200000
 -0.81398  -19.53251 -24.00073  -0.200000
 -3.94807  -19.50573 -25.33722  -0.006000
 -5.34046  -19.41930 -23.82196   0.103000
 -4.15980  -17.86139 -26.55938   0.103000
 -4.35667  -21.91374 -26.88385  -0.006000
 -2.96430  -22.00015 -28.39911   0.103000
 -4.14496  -23.55808 -25.66167   0.103000
 -7.49078  -21.88694 -28.22032  -0.200000
-15.29329   30.89634  16.78419  -0.200000
-18.02867   29.19642  15.67193  -0.006000
-19.51131   29.27082  17.09975   0.103000
-18.70993   30.05617  13.92866   0.103000
-17.31259   26.44082  15.17044  -0.006000
-15.82995   26.36644  13.74262   0.103000
-16.63133   25.58105  16.91373   0.103000
-20.04799   24.74088  14.05820  -0.200000
-22.30767  -22.70266   6.82488  -0.200000
-23.25289  -25.20606   4.71564  -0.006000
-25.30039  -25.18075   4.49333   0.103000
-22.35911  -24.93231   2.88032   0.103000
-22.43528  -27.75203   5.81437  -0.006000
-20.38778  -27.77733   6.03667   0.103000
-23.32907  -28.02577   7.64969   0.103000
-23.38050  -30.25540   3.70515  -0.200000
 -9.01774   38.01932   0.67040  -0.200000
 -6.55317   36.98141  -1.44097  -0.006000
 -5.23284   35.77747  -0.41661   0.103000
 -7.38431   35.92024  -2.99830   0.103000
 -5.14718   39.28142  -2.48552  -0.006000
 -6.46751   40.48534  -3.50986   0.103000
 -4.31604   40.34259  -0.92820   0.103000
 -2.68260   38.24348  -4.59689  -0.200000
 35.43159    8.83301   5.27695  -0.200000
 35.57547    5.63070   6.43168  -0.006000
 33.72468    4.74750   6.24022   0.103000
 36.96036    4.56773   5.33870   0.103000
 36.35209    5.64446   9.21633  -0.006000
 38.20289    6.52768   9.40779   0.103000
 34.96723    6.70743  10.30931   0.103000
 36.49600    2.44217  10.37106  -0.200000
-12.18660  -33.16689   3.57232  -0.200000
-13.68137  -31.69745   0.88609  -0.006000
-13.46832  -29.65285   1.01450   0.103000
-12.79687  -32.37282  -0.84705   0.103000
-16.49224  -32.37258   0.85863  -0.006000
-16.70529  -34.41719   0.73021   0.103000
-17.37675  -31.69719   2.59176   0.103000
-17.98700  -30.90314  -1.82759  -0.200000
 17.19120  -15.33210  26.01845  -0.200000
 18.73255  -15.36347  22.97994  -0.006000
 19.28981  -17.29031  22.51210   0.103000
 17.43614  -14.65549  21.54456   0.103000
 21.07969  -13.67820  23.07259  -0.006000
 20.52243  -11.75136  23.54043   0.103000
 22.37611  -14.38618  24.50799   0.103000
 22.62104  -13.70955  20.03412  -0.200000
 34.63594   -5.32158 -16.41717  -0.200000
 34.92907   -3.99392 -13.29296  -0.006000
 36.53298   -4.85403 -12.32861   0.103000
 35.22310   -1.96027 -13.43548   0.103000
 32.51253   -4.51448 -11.79405  -0.006000
 30.90864   -3.65435 -12.75839   0.103000
 32.21851   -6.54811 -11.65154   0.103000
 32.80568   -3.18680  -8.66984  -0.200000
 15.94300   29.75215 -14.06106  -0.200000
 16.95196   33.00399 -13.93248  -0.006000
 18.96701   33.08209 -13.51332   0.103000
 16.59244   33.90724 -15.74826   0.103000
 15.48370   34.38733 -11.86172  -0.006000
 13.46865   34.30924 -12.28088   0.103000
 15.84324   33.48410 -10.04592   0.103000
 16.49266   37.63917 -11.73314  -0.200000
 22.87164  -26.11581   6.46145  -0.200000
 22.12346  -26.15661   9.78527  -0.006000
 23.04198  -27.77038  10.67652   0.103000
 22.79097  -24.41607  10.66115   0.103000
 19.26056  -26.36924  10.12604  -0.006000
 18.34206  -24.75549   9.23479   0.103000
 18.59309  -28.10979   9.25013   0.103000
 18.51240  -26.41006  13.44986  -0.200000
 16.04103   -8.92561 -25.07442  -0.200000
 18.79903   -7.72240 -26.67284  -0.006000
 18.21516   -6.51270 -28.23417   0.103000
 19.93977   -6.63254 -25.34871   0.103000
 20.35910   -9.93025 -27.69700  -0.006000
 20.94297  -11.13997 -26.13569   0.103000
 19.21836  -11.02009 -29.02115   0.103000
 23.11710   -8.72704 -29.29542  -0.200000
 -1.47429   19.15394  28.47904  -0.200000
  0.65339   16.99552  30.03580  -0.006000
  0.26243   16.98403  32.05798   0.103000
  0.38841   15.10029  29.27403   0.103000
  3.38157   17.84036  29.58757  -0.006000
  3.77254   17.85185  27.56540   0.103000
  3.64657   19.73556  30.34936   0.103000
  5.50927   15.68191  31.14433  -0.200000
 12.11373  -25.69094  15.18684  -0.200000
 12.97477  -28.56404  16.80335  -0.006000
 11.27063  -29.54164  17.42165   0.103000
 14.03840  -29.77927  15.52503   0.103000
 14.60562  -27.92428  19.10301  -0.006000
 16.30975  -26.94670  18.48473   0.103000
 13.54197  -26.70903  20.38134   0.103000
 15.46661  -30.79738  20.71952  -0.200000
 28.53636    6.42222  25.84851  -0.200000
 26.31672    9.00706  25.82065  -0.006000
 25.30906    9.06679  27.61595   0.103000
 27.32909   10.77896  25.54171   0.103000
 24.42522    8.62974  23.66719  -0.006000
 25.43288    8.57000  21.87186   0.103000
 23.41286    6.85784  23.94612   0.103000
 22.20559   11.21458  23.63930  -0.200000
 -2.43580   -7.09052  33.33492  -0.200000
 -1.87221   -3.74814  32.98878  -0.006000
 -3.66352   -2.73593  33.08334   0.103000
 -0.63576   -3.09943  34.50288   0.103000
 -0.61435   -3.24235  30.43542  -0.006000
  1.17696   -4.25455  30.34086   0.103000
 -1.85078   -3.89106  28.92131   0.103000
 -0.05078    0.10004  30.08928  -0.200000
-29.35453    3.46810  18.18733  -0.200000
-28.44593    0.19288  18.42466  -0.006000
-26.39133    0.04853  18.43022   0.103000
-29.19534   -0.60330  20.17007   0.103000
-29.50743   -1.26763  16.16678  -0.006000
-31.56202   -1.12327  16.16122   0.103000
-28.75800   -0.47145  14.42137   0.103000
-28.59881   -4.54284  16.40411  -0.200000
-15.72296  -17.88085 -22.93016  -0.200000
-16.39827  -15.13495 -24.83098  -0.006000
-15.32128  -13.52806 -24.12385   0.103000
-15.87228  -15.50722 -26.78723   0.103000
-19.22322  -14.53700 -24.69090  -0.006000
-20.30023  -16.14387 -25.39803   0.103000
-19.74923  -14.16471 -22.73467   0.103000
-19.89853  -11.79110 -26.59172  -0.200000
-27.20111   23.28010  -2.27474  -0.200000
-28.30774   20.52995  -3.95442  -0.006000
-27.09554   18.92340  -3.51635   0.103000
-30.24108   20.10774  -3.38314   0.103000
-28.23472   21.04367  -6.79842  -0.006000
-29.44692   22.65020  -7.23652   0.103000
-26.30138   21.46585  -7.36971   0.103000
-29.34134   18.29349  -8.47811  -0.200000
 12.85715  -29.89348   8.77933  -0.200000
 11.18414  -32.54709  10.10913  -0.006000
 10.97555  -34.01445   8.67885   0.103000
 12.24248  -33.29401  11.71041   0.103000
  8.57002  -31.69078  10.99815  -0.006000
  8.77861  -30.22343  12.42843   0.103000
  7.51170  -30.94389   9.39689   0.103000
  6.89701  -34.34441  12.32797  -0.200000
-37.25852   -1.48304  -4.14073  -0.200000
-35.61576   -3.21301  -1.70803  -0.006000
-36.92820   -4.49364  -0.77018   0.103000
-34.08244   -4.29813  -2.55285   0.103000
-34.53087   -1.35947   0.22713  -0.006000
-33.21842   -0.07884  -0.71073   0.103000
-36.06418   -0.27435   1.07195   0.103000
-32.88811   -3.08940   2.65983  -0.200000
 27.99899   23.04190 -14.50970  -0.200000
 29.80378   22.33103 -11.70854  -0.006000
 28.54987   22.29123 -10.07504   0.103000
 30.71071   20.49425 -11.92332   0.103000
 31.82378   24.36275 -11.32226  -0.006000
 33.07767   24.40251 -12.95575   0.103000
 30.91683   26.19948 -11.10745   0.103000
 33.62855   23.65185  -8.52110  -0.200000
-14.99832  -11.53372  26.93317  -0.200000
-17.55266  -13.39621  25.66199  -0.006000
-19.35272  -12.57554  26.23505   0.103000
-17.43064  -13.41719  23.60601   0.103000
-17.36503  -16.10103  26.66511  -0.006000
-15.56496  -16.92170  26.09203   0.103000
-17.48705  -16.08006  28.72106   0.103000
-19.91938  -17.96355  25.39391  -0.200000
 12.25828   22.94307  24.23245  -0.200000
 12.35259   22.09948  27.53221  -0.006000
 10.91727   20.67368  27.91815   0.103000
 14.21229   21.34521  27.99571   0.103000
 11.83668   24.44499  29.14162  -0.006000
 13.27198   25.87077  28.75566   0.103000
  9.97696   25.19923  28.67812   0.103000
 11.93099   23.60139  32.44138  -0.200000
  9.24286  -14.77660 -27.21463  -0.200000
 11.56085  -12.89653 -28.85818  -0.006000
 13.18024  -12.57208 -27.62751   0.103000
 12.17501  -13.89107 -30.55404   0.103000
 10.39238  -10.35861 -29.60069  -0.006000
  8.77298  -10.68306 -30.83135   0.103000
  9.77818   -9.36407 -27.90483   0.103000
 12.71034   -8.47854 -31.24424  -0.200000
 -5.05921   28.63683 -23.35824  -0.200000
 -4.71500   25.65870 -24.97742  -0.006000
 -3.33913   24.49155 -23.98397   0.103000
 -6.53138   24.68889 -25.02557   0.103000
 -3.80396   26.13094 -27.68010  -0.006000
 -5.17981   27.29810 -28.67353   0.103000
 -1.98758   27.10075 -27.63193   0.103000
 -3.45973   23.15283 -29.29926  -0.200000
 29.53606   31.59384   4.46775  -0.200000
 27.14010   30.27249   6.49814  -0.006000
 26.51492   31.70144   7.84331   0.103000
 25.53921   29.65379   5.35941   0.103000
 28.23175   28.01230   7.93256  -0.006000
 28.85693   26.58336   6.58740   0.103000
 29.83263   28.63101   9.07129   0.103000
 25.83579   26.69098   9.96296  -0.200000
  2.84440  -10.71084  31.55977  -0.200000
  1.76000  -13.78580  30.57095  -0.006000
  1.78624  -13.89499  28.51438   0.103000
  2.99809  -15.23478  31.35175   0.103000
 -0.93670  -14.20864  31.52307  -0.006000
 -0.96295  -14.09944  33.57964   0.103000
 -2.17481  -12.75966  30.74225   0.103000
 -2.02112  -17.28361  30.53423  -0.200000
 29.67454  -18.51051  12.77016  -0.200000
 29.04473  -15.50896  14.25439  -0.006000
 27.48641  -14.57582  13.28328   0.103000
 28.54167  -15.81089  16.22868   0.103000
 31.40515  -13.84640  14.10588  -0.006000
 32.96346  -14.77955  15.07697   0.103000
 31.90821  -13.54448  12.13159   0.103000
 30.77532  -10.84485  15.59013  -0.200000
 12.92610  -24.74080  25.65522  -0.200000
 11.97353  -21.53419  26.30270  -0.006000
 11.80244  -21.26590  28.33761   0.103000
 13.38472  -20.23386  25.55450   0.103000
  9.42282  -21.01419  25.04533  -0.006000
  9.59391  -21.28249  23.01042   0.103000
  8.01161  -22.31451  25.79353   0.103000
  8.47021  -17.80759  25.69281  -0.200000
-28.88558  -28.76173  -1.33462  -0.200000
-28.69759  -25.44378  -2.08658  -0.006000
-30.49725  -24.81252  -2.86437   0.103000
-28.27495  -24.37482  -0.37755   0.103000
-26.60381  -25.01404  -4.03320  -0.006000
-24.80415  -25.64532  -3.25541   0.103000
-27.02645  -26.08300  -5.74225   0.103000
-26.41582  -21.69612  -4.78518  -0.200000
-17.67353   35.35861  -4.26950  -0.200000
-17.47375   34.41153  -1.00267  -0.006000
-18.88311   35.43486   0.09677   0.103000
-17.82180   32.38713  -0.85168   0.103000
-14.83575   35.01332   0.01548  -0.006000
-13.42639   33.99001  -1.08397   0.103000
-14.48768   37.03774  -0.13551   0.103000
-14.63597   34.06624   3.28230  -0.200000
  7.22289    0.66919  30.29991  -0.200000
  7.13525    1.52675  33.59631  -0.006000
  8.80692    0.78516  34.54387   0.103000
  7.09957    3.57861  33.77173   0.103000
  4.76304    0.41474  34.81856  -0.006000
  3.09137    1.15634  33.87100   0.103000
  4.79871   -1.63713  34.64314   0.103000
  4.67539    1.27230  38.11496  -0.200000
-17.82919    8.34575 -26.04466  -0.200000
-19.13045    8.30958 -29.19336  -0.006000
-17.62655    7.95106 -30.55419   0.103000
-20.55128    6.82495 -29.33259   0.103000
-20.35224   10.86751 -29.76050  -0.006000
-21.85614   11.22603 -28.39967   0.103000
-18.93145   12.35214 -29.62127   0.103000
-21.65350   10.83132 -32.90924  -0.200000
  7.81228  -15.63741  32.72443  -0.200000
  8.67184  -13.21232  30.49079  -0.006000
  7.65696  -13.51441  28.72418   0.103000
  8.17993  -11.36551  31.25856   0.103000
 11.51815  -13.32236  29.99678  -0.006000
 12.53302  -13.02025  31.76341   0.103000
 12.01006  -15.16917  29.22904   0.103000
 12.37771  -10.89728  27.76318  -0.200000
 -9.29006  -32.03186 -17.59441  -0.200000
 -8.66281  -32.12444 -14.24666  -0.006000
 -7.78405  -33.92302 -13.76180   0.103000
 -7.39442  -30.58200 -13.74237   0.103000
-11.14577  -31.84332 -12.79292  -0.006000
-12.02454  -30.04476 -13.27778   0.103000
-12.41414  -33.38575 -13.29719   0.103000
-10.51852  -31.93592  -9.44515  -0.200000
  7.02817    0.45044 -31.11933  -0.200000
  7.29519   -2.85982 -31.88110  -0.006000
  9.27432   -3.33469 -32.19700   0.103000
  6.55916   -3.98538 -30.32109   0.103000
  5.77600   -3.42324 -34.27536  -0.006000
  3.79689   -2.94835 -33.95944   0.103000
  6.51205   -2.29768 -35.83535   0.103000
  6.04302   -6.73349 -35.03711  -0.200000
 -6.28168  -13.46640 -31.60826  -0.200000
 -9.43196  -13.06912 -30.37245  -0.006000
-10.47534  -14.83380 -30.57067   0.103000
 -9.32884  -12.55188 -28.38146   0.103000
-10.78675  -10.97967 -31.84090  -0.006000
 -9.74335   -9.21497 -31.64267   0.103000
-10.88987  -11.49690 -33.83188   0.103000
-13.93703  -10.58239 -30.60510  -0.200000
-36.83517    0.31033  11.32900  -0.200000
-34.85315    1.63505   8.89471  -0.006000
-32.88360    1.17877   9.28840   0.103000
-35.38890    0.84779   7.06839   0.103000
-35.18356    4.50651   8.83955  -0.006000
-37.15311    4.96276   8.44585   0.103000
-34.64781    5.29375  10.66588   0.103000
-33.20154    5.83122   6.40525  -0.200000
 -7.93628   35.24207 -10.13158  -0.200000
 -7.01306   37.94457 -11.98988  -0.006000
 -7.68752   37.71257 -13.92207   0.103000
 -7.83239   39.65010 -11.17629   0.103000
 -4.13092   38.17003 -11.99689  -0.006000
 -3.45644   38.40201 -10.06470   0.103000
 -3.31156   36.46450 -12.81047   0.103000
 -3.20768   40.87251 -13.85519  -0.200000
 32.97995   30.12626  -5.07631  -0.200000
 31.06285   28.95096  -2.51651  -0.006000
 30.97299   30.36387  -1.02055   0.103000
 29.16205   28.55837  -3.20575   0.103000
 32.23056   26.51983  -1.47550  -0.006000
 32.32042   25.10692  -2.97146   0.103000
 34.13136   26.91242  -0.78626   0.103000
 30.31342   25.34453   1.08432  -0.200000
 -8.38753    6.63976 -38.37977  -0.200000
 -8.41552    7.53676 -35.09288  -0.006000
 -8.01902    9.55105 -34.92700   0.103000
-10.26696    7.13224 -34.28606   0.103000
 -6.39595    6.03756 -33.66764  -0.006000
 -6.79247    4.02325 -33.83354   0.103000
 -4.54451    6.44206 -34.47446   0.103000
 -6.42395    6.93454 -30.38073  -0.200000
-21.68173  -24.53397 -15.42228  -0.200000
-22.46724  -23.61358 -18.60743  -0.006000
-23.18849  -25.24572 -19.63616   0.103000
-23.90534  -22.13980 -18.56185   0.103000
-20.10158  -22.60959 -19.93157  -0.006000
-19.38033  -20.97745 -18.90284   0.103000
-18.66348  -24.08339 -19.97713   0.103000
-20.88709  -21.68920 -23.11672  -0.200000
 27.52898   16.20270  26.36877  -0.200000
 29.36054   17.00060  23.60869  -0.006000
 30.87225   18.29542  24.13802   0.103000
 30.17343   15.28737  22.80472   0.103000
 27.65106   18.26571  21.65046  -0.006000
 26.13933   16.97086  21.12115   0.103000
 26.83814   19.97894  22.45443   0.103000
 29.48258   19.06360  18.89040  -0.200000
 -0.98290   28.43412  23.57562  -0.200000
 -1.68673   26.85259  26.51033  -0.006000
 -2.29602   24.92377  26.12242   0.103000
 -0.00053   26.81586  27.69258   0.103000
 -3.79693   28.27021  27.88697  -0.006000
 -3.18765   30.19903  28.27489   0.103000
 -5.48310   28.30698  26.70472   0.103000
 -4.50074   26.68870  30.82170  -0.200000
-36.25710    9.20276  -0.76831  -0.200000
-34.49619   11.32519  -2.76919  -0.006000
-33.52166   12.71704  -1.60508   0.103000
-33.11583   10.25443  -3.86011   0.103000
-36.30833   12.67668  -4.57117  -0.006000
-37.28286   11.28484  -5.73530   0.103000
-37.68870   13.74746  -3.48027   0.103000
-34.54743   14.79913  -6.57207  -0.200000
-31.03953   -8.46860 -13.34430  -0.200000
-31.28623  -11.00344 -15.60772  -0.006000
-29.44798  -11.90463 -15.83303   0.103000
-32.65415  -12.39061 -14.93936   0.103000
-32.15634   -9.94208 -18.15209  -0.006000
-33.99459   -9.04087 -17.92677   0.103000
-30.78840   -8.55488 -18.82044   0.103000
-32.40304  -12.47692 -20.41551  -0.200000
$end
