$coord
    2.62715396172161      0.00000000000000      0.00000000000000      c
    0.00000000000000      0.00000000000000      0.00000000000000      c
   -1.34248034206329      2.25824162605967      0.00000000000000      c
   -0.06302236653174      4.51094635454999      0.00056691783987      c
    2.59336565846561      4.55873752845067      0.00249443849541      c
    3.90971108811109      2.25090948866408      0.00056691783987      c
    3.63910230588187     -1.77057890020720      0.00147398638365      h
   -3.38155153123089      2.22333838438527      0.00147398638365      h
   -1.09938597232888      6.27304038442054     -0.00066140414651      h
    5.95399792140545      2.26052819468046     -0.00058581510119      h
   -1.34232916397266     -2.35962543308899      0.00300466455129      n
   -3.65236818333473     -2.32113171176211      0.00430857558298      o
   -0.12880373321749     -4.32558311817524      0.00430857558298      o
    3.85736567423016      6.78060192645229     -0.03705752946589      n
    2.92680783461328      8.41653783969139      0.21238632007502      h
    5.73909826557370      6.81669569559041      0.21240521733635      h
    1.27418563962080     11.45750402999230     -0.30171367437652      o
    0.21922712867606     11.76528372525538      1.23569191829392      h
    2.24454111159625     13.02331220644001     -0.72346275271394      h
    2.79807969044111     -8.34115666425058     -2.19323504708841      o
    1.66403614083511     -6.86643328740796     -1.86073773400718      h
    3.26472866169589     -8.37658902924219     -4.02415290271865      h
    2.02508721578424      7.15421968018511     -5.23919011438013      o
    2.55264206030193      7.46610008115656     -3.45156588445430      h
    0.93824902497772      8.58151093109231     -5.83328221603672      h
   -2.56295996498748     -7.52764846130464      3.97498222874096      o
   -1.38303386487502     -6.50523103436820      2.91019714190522      h
   -3.17850045825232     -9.01399365386452      2.98342402955454      h
    9.39779703145359      7.22576471157616      1.43919652554438      o
    9.88534637373809      9.01010081803078      1.05231289435870      h
    9.57021564381808      6.91407328321800      3.29511545791270      h
   -7.64101313201645     -6.59599458053069     -1.27191796826134      o
   -6.96466125179535     -4.85347811339684     -0.99354241162596      h
   -6.33050695612159     -7.64998933114766     -2.13384095473181      h
    4.02955751945870     -3.63003162044402      4.87288560078158      o
    5.19551854344914     -4.02394503284403      3.43879133579599      h
    3.41779647845963     -5.24132550491029      5.64801346596861      h
    6.85165562904879     -2.35000672707260     -3.86411199652456      o
    6.79543627659544     -0.59917546495405     -4.57308054979927      h
    8.31247062155338     -2.50126040674877     -2.67481285479298      h
   12.01217644451689      4.06022777459544     -1.29467027090128      o
   10.70624340586361      5.06187711133147     -0.36598326015596      h
   13.73500196534608      4.60482794883175     -0.74096161670446      h
   -5.65003547293080      9.23575301555865      2.95301833607641      o
   -6.61111238959378      7.77474905044077      3.66933792400804      h
   -3.86348838690071      9.17575421083953      3.56612108262983      h
   -1.49919533026350     11.01511914228377     -4.55722574754436      o
   -1.72668056214027     12.78465869311789     -5.18026845355676      h
   -0.72559814324410     11.04892634280110     -2.83337977460342      h
    1.06624017595807      0.30851668845491      6.08782832613642      o
    2.16112860009068     -1.03269753709935      5.33038829755319      h
    2.13125202992976      1.48727115836499      7.11137958875260      h
   -4.60392088028796      6.84946354673464     -5.20188692051697      o
   -3.17560917726901      8.02725425631695     -4.82235432398822      h
   -6.07376876370775      7.26255767938345     -4.08825241314613      h
   -1.45601508812706      8.45624098574332      5.55382951550559      o
   -0.62721900076607      6.75813308273228      5.52614502765882      h
   -0.13216744573402      9.80174488961923      5.64510328772397      h
   11.31671943309232     -1.60180745927919     -1.06013636054885      o
   11.26114258752415      0.28275972126368     -1.18909127185696      h
   13.01057545230437     -2.22197778156960     -1.62359600159136      h
   -9.88685815464440      1.09617343790298      0.83227318344549      o
  -11.74466681314560      1.31468247064854      0.56398876435972      h
   -9.16347099097577      2.68594334171568      1.55386510728788      h
    1.38681331714079      1.89756849633712     -6.25348171894517      o
    1.57070256713189      3.76851075146188     -6.06091862600412      h
   -0.41447363272581      1.40809163339708     -5.95841988055641      h
$user-defined bonds
$end
