$coord
    2.62528313285005      0.00000000000000      0.00000000000000      c
    0.00000000000000      0.00000000000000      0.00000000000000      c
   -1.34389763666295      2.25523696150838      0.00000000000000      c
   -0.06438296934741      4.50958575173431      0.00026456165860      c
    2.58983187059712      4.55815171334947      0.00175744530358      c
    3.90687649891177      2.25319605728487      0.00026456165860      c
    3.63639999751184     -1.77107022900175      0.00183303434890      h
   -3.38296882583055      2.21721567171473      0.00181413708757      h
   -1.10210717796024      6.27111286376499     -0.00145508912232      h
    5.95135230481941      2.26343837292511     -0.00145508912232      h
   -1.34389763666295     -2.36523791970366      0.00332591799388      n
   -3.65178236823353     -2.32379622560948      0.00479990437753      o
   -0.12687621256194     -4.32660357028700      0.00468652080956      o
    3.85549484535860      6.78559080344311     -0.04663844095962      n
    2.92219690284904      8.41213477780177      0.25044540439133      h
    5.73051890893040      6.81652562023845      0.25042650713001      h
    5.34781157249840     13.82990401173959      7.51442037837444      cl
    3.52305422406136     14.26270798795439      4.66974004149637      c
    1.94339435505960     15.52769066130804      5.05254186423502      h
    4.71804144145293     15.07973108150750      3.20455978162482      h
    2.51371370196448     11.70604081098942      3.77404764903123      c
    4.09337357096625     10.44102034311311      3.39122692903126      h
    1.31872648457292     10.88899882017498      5.23922790890279      h
    0.68893745626612     12.13882588994289      0.92938620941449      cl
   -0.02381054927436    -11.86243454574704     -3.59756612548104      cl
    2.19888532822573     -9.98918682474016     -1.82003303310482      c
    1.18671021692953     -8.86449741949193     -0.42261835235855      h
    3.53524295761847    -11.23164396258981     -0.86468198662448      h
    3.63127883969172     -8.23289425409757     -3.61485711959695      c
    4.64345395098793     -9.35756476208446     -5.01225290308189      h
    2.29492121029898     -6.99041821898659     -4.57018926881596      h
    5.85395581993049     -6.35964653309069     -1.83730512995940      cl
   -4.42311188389347     10.48986976364821      3.49986728441086      cl
   -6.70240505907348      8.62548485820456      1.78579119557693      c
   -5.72061674399408      7.36150373970134      0.48936347937207      h
   -7.81985681323275      7.51564870036082      3.11315372857714      h
   -8.44747265648673     10.37614604497115      0.28669035162008      c
   -9.42924207430481     11.64014606073570      1.58311806782495      h
   -7.33003979958879     11.48598220281489     -1.04067218138012      h
  -10.72674693440542      8.51178003678883     -1.42738573721384      cl
    9.86217833134891     -0.77140510470525      6.49736977365539      cl
    6.63611346633186     -1.45514581410593      5.64056794500504      c
    5.52280021240361      0.27593780992396      5.71863253155455      h
    6.58047992897970     -2.22216675418289      3.72990364656702      h
    5.53808809681865     -3.38990412073824      7.48683037683432      c
    6.65138245348557     -5.12102553929079      7.40876579028481      h
    5.59370273690948     -2.62290207792262      9.39749467527233      h
    2.31198543727894     -4.07368262466158      6.63002854818396      cl
   -1.58876834896228      0.13042889769177     -6.93795942153768      cl
   -4.64112958784448     -1.36082958281361     -6.67644022200764      c
   -5.70345803070748     -0.48737926693254     -5.14322982135220      h
   -5.67195629607227     -1.13081211791877     -8.44465696454873      h
   -4.29347667117751     -4.17720182222106     -6.12422445145579      c
   -3.23112933105319     -5.05067103536346     -7.65743485211123      h
   -3.26264996294972     -4.40725708163856     -4.35598881165337      h
   -7.34581901279839     -5.66847919998776     -5.86270525192575      cl
$user-defined bonds
$end
