$point_charges nocheck
 -5.58647   -4.83239   6.18604  -0.200000
 -3.42131   -6.75371   4.38889  -0.006000
 -3.89433   -6.63349   2.38786   0.103000
 -1.49768   -6.07844   4.68191   0.103000
 -3.61994   -9.50264   5.26153  -0.006000
 -3.14690   -9.62288   7.26256   0.103000
 -5.54353  -10.17793   4.96851   0.103000
 -1.45477  -11.42400   3.46438  -0.200000
 -2.51935    8.53423  -4.22331  -0.200000
 -4.66759    6.05903  -5.15483  -0.006000
 -3.63935    4.61602  -6.20492   0.103000
 -5.51339    5.21585  -3.47676   0.103000
 -6.74819    7.16796  -6.82788  -0.006000
 -7.77643    8.61097  -5.77778   0.103000
 -5.90237    8.01113  -8.50596   0.103000
 -8.89643    4.69274  -7.75939  -0.200000
 -8.60339    0.71305  -0.83549  -0.200000
 -8.96947   -1.45426   1.76797  -0.006000
 -8.44929   -3.35222   1.16024   0.103000
 -7.75047   -0.87247   3.32289   0.103000
-11.72303   -1.44626   2.64860  -0.006000
-12.24321    0.45172   3.25632   0.103000
-12.94205   -2.02805   1.09368   0.103000
-12.08913   -3.61357   5.25204  -0.200000
  3.28699    6.81611  -9.18464  -0.200000
  4.34221    4.52644  -6.89264  -0.006000
  5.31614    5.49147  -5.35564   0.103000
  2.71786    3.50567  -6.14312   0.103000
  6.15187    2.66024  -8.15759  -0.006000
  5.17796    1.69522  -9.69460   0.103000
  7.77624    3.68100  -8.90711   0.103000
  7.20709    0.37058  -5.86562  -0.200000
  6.64518   12.24932  -2.29129  -0.200000
  5.22942   14.32471  -4.59281  -0.006000
  3.37144   14.91863  -3.93148   0.103000
  6.42709   15.97985  -4.85414   0.103000
  4.95448   12.92845  -7.10928  -0.006000
  6.81246   12.33453  -7.77061   0.103000
  3.75681   11.27331  -6.84795   0.103000
  3.53872   15.00386  -9.41082  -0.200000
 -8.19727    2.20917   8.19576  -0.200000
 -5.18819    3.79680   8.01183  -0.006000
 -5.14591    4.99732   6.33875   0.103000
 -4.91767    4.95350   9.69441   0.103000
 -3.07207    1.83445   7.84229  -0.006000
 -3.11436    0.63395   9.51539   0.103000
 -3.34259    0.67775   6.15971   0.103000
 -0.06298    3.42211   7.65836  -0.200000
 11.06011    8.30104  -8.49742  -0.200000
 11.99874    6.89926  -5.53707  -0.006000
 12.41866    8.38636  -4.17531   0.103000
 10.46901    5.72188  -4.81882   0.103000
 14.35451    5.27390  -5.94453  -0.006000
 13.93461    3.78682  -7.30630   0.103000
 15.88426    6.45128  -6.66280   0.103000
 15.29316    3.87214  -2.98416  -0.200000
  6.20000    5.95453   8.34140  -0.200000
  5.83661    5.27332  11.65999  -0.006000
  6.06630    7.00786  12.74660   0.103000
  3.96102    4.49305  11.99980   0.103000
  7.83962    3.35460  12.47482  -0.006000
  7.60993    1.62004  11.38819   0.103000
  9.71521    4.13489  12.13501   0.103000
  7.47623    2.67338  15.79339  -0.200000
  6.58622   20.96800  -2.74422  -0.200000
  3.22075   21.35186  -2.37626  -0.006000
  2.79935   23.31484  -1.91639   0.103000
  2.27466   20.83935  -4.13247   0.103000
  2.28326   19.64089  -0.24292  -0.006000
  2.70465   17.67790  -0.70279   0.103000
  3.22935   20.15340   1.51329   0.103000
 -1.08221   20.02475   0.12504  -0.200000
-14.44745    2.48062  -1.92548  -0.200000
-14.36517    1.34809  -5.13796  -0.006000
-16.15863    1.76670  -6.06022   0.103000
-12.83549    2.27899  -6.15569   0.103000
-13.92481   -1.50915  -5.14136  -0.006000
-12.13132   -1.92777  -4.21912   0.103000
-15.45446   -2.44005  -4.12367   0.103000
-13.84251   -2.64169  -8.35386  -0.200000
 -8.28481  -10.29462  -2.21034  -0.200000
 -7.53041  -11.65309  -5.24257  -0.006000
 -8.79276  -10.88029  -6.67487   0.103000
 -5.58051  -11.20385  -5.73073   0.103000
 -7.85538  -14.52309  -5.12042  -0.006000
 -6.59307  -15.29588  -3.68810   0.103000
 -9.80530  -14.97234  -4.63227   0.103000
 -7.10099  -15.88154  -8.15264  -0.200000
 13.76220   -2.02008  -6.68933  -0.200000
 12.32666   -5.09463  -6.99853  -0.006000
 13.77707   -6.54881  -6.84391   0.103000
 10.93131   -5.35463  -5.50600   0.103000
 11.03018   -5.29819  -9.57443  -0.006000
  9.57976   -3.84402  -9.72903   0.103000
 12.42554   -5.03818 -11.06694   0.103000
  9.59465   -8.37275  -9.88363  -0.200000
 11.31356  -13.87393   1.99510  -0.200000
 12.04693  -11.87166   4.65264  -0.006000
 10.86273  -12.39492   6.25454   0.103000
 14.02980  -12.10196   5.15988   0.103000
 11.54797   -9.11283   3.94720  -0.006000
 12.73216   -8.58958   2.34530   0.103000
  9.56509   -8.88253   3.43996   0.103000
 12.28133   -7.11053   6.60474  -0.200000
 19.68737   -1.26593   4.77787  -0.200000
 16.73942   -1.54668   3.09269  -0.006000
 15.22685   -1.98013   4.42175   0.103000
 16.32415    0.22847   2.13433   0.103000
 16.94357   -3.66951   1.14092  -0.006000
 18.45616   -3.23608  -0.18816   0.103000
 17.35887   -5.44468   2.09926   0.103000
 13.99561   -3.95028  -0.54428  -0.200000
 16.07322    8.32746   5.99410  -0.200000
 15.89076    6.37911   8.78330  -0.006000
 17.79122    5.86116   9.38512   0.103000
 14.95350    7.42356  10.29084   0.103000
 14.38308    3.98500   8.18945  -0.006000
 12.48260    4.50297   7.58763   0.103000
 15.32033    2.94055   6.68186   0.103000
 14.20063    2.03667  10.97865  -0.200000
  5.19338  -19.66681  -0.48029  -0.200000
  5.04258  -16.35140   0.29072  -0.006000
  6.68256  -15.38713  -0.49857   0.103000
  3.32231  -15.53980  -0.49940   0.103000
  5.02728  -16.02989   3.16365  -0.006000
  3.38730  -16.99412   3.95293   0.103000
  6.74753  -16.84147   3.95378   0.103000
  4.87648  -12.71446   3.93466  -0.200000
 -2.45583    9.89975   9.85742  -0.200000
 -4.35890   12.53552  10.87709  -0.006000
 -6.35301   12.06756  10.66087   0.103000
 -3.96017   12.94615  12.85560   0.103000
 -3.73440   14.85459   9.26792  -0.006000
 -1.74031   15.32258   9.48414   0.103000
 -4.13315   14.44399   7.28941   0.103000
 -5.63749   17.49040  10.28759  -0.200000
 19.71487   15.02402   2.29592  -0.200000
 17.03590   15.27547   4.38617  -0.006000
 17.15180   13.81184   5.83071   0.103000
 17.03688   17.12891   5.28439   0.103000
 14.59668   14.94138   2.87085  -0.006000
 14.48076   16.40500   1.42627   0.103000
 14.59568   13.08790   1.97259   0.103000
 11.91773   15.19281   4.96108  -0.200000
 -4.54585   16.31790 -13.80813  -0.200000
 -3.44731   17.10334 -10.67998  -0.006000
 -1.39193   17.23555 -10.68661   0.103000
 -4.25011   18.91036 -10.10342   0.103000
 -4.27363   15.04679  -8.82379  -0.006000
 -6.32903   14.91461  -8.81716   0.103000
 -3.47086   13.23982  -9.40037   0.103000
 -3.17512   15.83226  -5.69565  -0.200000
-14.30228   -5.68849  10.61142  -0.200000
-11.68276   -4.94904  12.66086  -0.006000
-12.06953   -3.19201  13.66355   0.103000
-11.42305   -6.47358  14.02120   0.103000
 -9.27958   -4.64761  11.08239  -0.006000
 -8.89279   -6.40464  10.07970   0.103000
 -9.53926   -3.12307   9.72204   0.103000
 -6.66004   -3.90818  13.13186  -0.200000
 -2.08380   -9.66975 -12.89475  -0.200000
 -1.53648  -12.78572 -11.62962  -0.006000
 -2.98904  -13.22697 -10.23767   0.103000
 -1.60404  -14.16816 -13.15493   0.103000
  1.06325  -12.87057 -10.36798  -0.006000
  2.51579  -12.42930 -11.75994   0.103000
  1.13079  -11.48814  -8.84265   0.103000
  1.61058  -15.98655  -9.10283  -0.200000
 -2.59573   -3.34754 -16.57655  -0.200000
  0.54660   -3.94928 -15.40493  -0.006000
  0.86098   -5.98180 -15.29395   0.103000
  1.92813   -3.10903 -16.68069   0.103000
  0.83327   -2.78580 -12.77406  -0.006000
  0.51892   -0.75328 -12.88504   0.103000
 -0.54825   -3.62603 -11.49832   0.103000
  3.97562   -3.38752 -11.60246  -0.200000
  7.50493  -10.59838  11.02421  -0.200000
  4.14965  -10.98039  10.57118  -0.006000
  3.32072   -9.17653  10.02246   0.103000
  3.81022  -12.37124   9.09053   0.103000
  2.94119  -11.88475  13.03679  -0.006000
  3.77010  -13.68859  13.58552   0.103000
  3.28062  -10.49388  14.51744   0.103000
 -0.41413  -12.26676  12.58376  -0.200000
-11.90114   11.04350   6.05667  -0.200000
-12.86129    8.15611   7.58971  -0.006000
-11.46506    6.68676   7.22374   0.103000
-13.00976    8.47249   9.61950   0.103000
-15.42895    7.32341   6.55482  -0.006000
-16.82518    8.79274   6.92080   0.103000
-15.28048    7.00705   4.52502   0.103000
-16.38910    4.43604   8.08790  -0.200000
-16.42493   -6.04512  -0.21881  -0.200000
-15.22227   -9.22523  -0.44210  -0.006000
-13.20860   -9.23020  -0.00945   0.103000
-16.21616  -10.43146   0.89932   0.103000
-15.63323  -10.22484  -3.12343  -0.006000
-17.64687  -10.21987  -3.55607   0.103000
-14.63931   -9.01862  -4.46486   0.103000
-14.43055  -13.40496  -3.34672  -0.200000
 -0.20271    1.92104  20.10124  -0.200000
  1.00418    0.10535  17.48284  -0.006000
  3.04036   -0.12703  17.68846   0.103000
  0.10072   -1.74539  17.45574   0.103000
  0.43823    1.48916  15.00849  -0.006000
 -1.59795    1.72154  14.80287   0.103000
  1.34169    3.33990  15.03559   0.103000
  1.64512   -0.32654  12.39010  -0.200000
 19.64941   15.68679  -9.76548  -0.200000
 19.20857   14.74455  -6.52090  -0.006000
 20.98452   14.02286  -5.76771   0.103000
 18.60091   16.36915  -5.41019   0.103000
 17.19343   12.67630  -6.38340  -0.006000
 15.41748   13.39799  -7.13661   0.103000
 17.80111   11.05169  -7.49411   0.103000
 16.75259   11.73407  -3.13882  -0.200000
 -2.54253  -18.64423   5.19164  -0.200000
 -5.76571  -18.42904   4.10796  -0.006000
 -6.82510  -20.06494   4.77392   0.103000
 -6.62466  -16.70796   4.84437   0.103000
 -5.80851  -18.36591   1.21799  -0.006000
 -4.74911  -16.72999   0.55201   0.103000
 -4.94955  -20.08698   0.48156   0.103000
 -9.03168  -18.15071   0.13428  -0.200000
  8.16059   -4.76381  14.01848  -0.200000
 11.23030   -6.12594  13.44317  -0.006000
 11.99468   -6.86672  15.20646   0.103000
 11.05790   -7.65437  12.07331   0.103000
 13.00564   -4.09575  12.40199  -0.006000
 12.24125   -3.35502  10.63870   0.103000
 13.17802   -2.56734  13.77183   0.103000
 16.07535   -5.45793  11.82668  -0.200000
-11.78987  -12.44233   4.60292  -0.200000
-12.51790  -15.71417   5.21468  -0.006000
-10.82686  -16.85738   4.93969   0.103000
-13.17833  -15.91996   7.15473   0.103000
-14.58373  -16.59809   3.39569  -0.006000
-16.27477  -15.45488   3.67070   0.103000
-13.92333  -16.39230   1.45566   0.103000
-15.31179  -19.86992   4.00747  -0.200000
  9.66311    1.10462 -13.31465  -0.200000
  7.95917    0.21146 -16.12671  -0.006000
  9.27701    0.02528 -17.69857   0.103000
  7.00767   -1.58775 -15.81115   0.103000
  5.99758    2.24142 -16.75036  -0.006000
  4.67974    2.42758 -15.17849   0.103000
  6.94911    4.04065 -17.06593   0.103000
  4.29361    1.34826 -19.56243  -0.200000
 -0.44592    5.50103 -13.85302  -0.200000
 -1.49610    7.58453 -16.33610  -0.006000
 -3.05512    6.70645 -17.35628   0.103000
 -2.12757    9.36577 -15.51718   0.103000
  0.68850    8.08540 -18.16206  -0.006000
  2.24755    8.96350 -17.14186   0.103000
  1.31997    6.30415 -18.98098   0.103000
 -0.36167   10.16890 -20.64514  -0.200000
 -7.69068   -0.83704 -13.30441  -0.200000
 -9.17885    1.31536 -15.48642  -0.006000
 -9.85623    0.27108 -17.12740   0.103000
-10.76654    2.24441 -14.56000   0.103000
 -7.26154    3.30523 -16.33598  -0.006000
 -6.58416    4.34953 -14.69500   0.103000
 -5.67386    2.37620 -17.26240   0.103000
 -8.74973    5.45762 -18.51796  -0.200000
 -9.34774   -6.99968 -11.93009  -0.200000
-11.77475   -5.88971 -14.04830  -0.006000
-13.43026   -5.32510 -12.96076   0.103000
-11.06988   -4.27484 -15.11482   0.103000
-12.50069   -8.00815 -15.87661  -0.006000
-10.84518   -8.57274 -16.96417   0.103000
-13.20558   -9.62300 -14.81009   0.103000
-14.92770   -6.89818 -17.99486  -0.200000
  6.65631   16.47688  15.81623  -0.200000
  5.76281   13.20074  16.09434  -0.006000
  6.92628   12.06180  14.83291   0.103000
  6.04062   12.57531  18.03702   0.103000
  2.97963   12.89645  15.37381  -0.006000
  1.81618   14.03541  16.63528   0.103000
  2.70184   13.52188  13.43115   0.103000
  2.08614    9.62029  15.65194  -0.200000
 10.35906   20.30596  12.55674  -0.200000
  8.05651   19.65912  10.12999  -0.006000
  8.90766   19.95723   8.27825   0.103000
  7.42192   17.70602  10.28805   0.103000
  5.79696   21.43416  10.44782  -0.006000
  4.94579   21.13608  12.29955   0.103000
  6.43153   23.38727  10.28977   0.103000
  3.49441   20.78733   8.02109  -0.200000
-11.07126   16.77882   0.37384  -0.200000
-11.40877   18.43556  -2.58431  -0.006000
 -9.54503   18.89422  -3.33142   0.103000
-12.41350   17.24233  -3.92929   0.103000
-12.90182   20.87408  -2.15816  -0.006000
-14.76556   20.41543  -1.41106   0.103000
-11.89711   22.06731  -0.81319   0.103000
-13.23935   22.53083  -5.11632  -0.200000
 20.21446    6.36558   0.44586  -0.200000
 22.56271    5.17887  -1.71901  -0.006000
 24.42840    5.33005  -0.85949   0.103000
 22.16343    3.20507  -2.15147   0.103000
 22.49744    6.73083  -4.15719  -0.006000
 20.63175    6.57967  -5.01667   0.103000
 22.89673    8.70465  -3.72471   0.103000
 24.84567    5.54412  -6.32204  -0.200000
-12.04572   12.81144  -6.93036  -0.200000
-15.32874   12.08157  -6.38418  -0.006000
-15.47300   10.53609  -5.03036   0.103000
-16.28651   13.74356  -5.63416   0.103000
-16.56906   11.29807  -8.87529  -0.006000
-16.42482   12.84356 -10.22911   0.103000
-15.61129    9.63611  -9.62530   0.103000
-19.85212   10.56822  -8.32910  -0.200000
  9.60746   24.16087   3.38560  -0.200000
 11.79811   22.08975   1.79789  -0.006000
 12.87890   21.03116   3.19558   0.103000
 10.75742   20.77898   0.59746   0.103000
 13.60210   23.65858   0.17255  -0.006000
 12.52131   24.71718  -1.22515   0.103000
 14.64277   24.96937   1.37298   0.103000
 15.79274   21.58748  -1.41516  -0.200000
-14.68402    3.48891  18.00597  -0.200000
-12.02293    3.82462  15.90480  -0.006000
-10.30713    3.21284  16.86598   0.103000
-12.32120    2.66652  14.22790   0.103000
-11.75393    6.59554  15.12561  -0.006000
-13.46974    7.20732  14.16444   0.103000
-11.45567    7.75364  16.80250   0.103000
 -9.09283    6.93125  13.02443  -0.200000
 16.25469   -2.33221 -14.14214  -0.200000
 16.74702    0.78805 -12.86503  -0.006000
 17.40791    2.04470 -14.35706   0.103000
 14.97447    1.50428 -12.09857   0.103000
 18.72632    0.66698 -10.76140  -0.006000
 18.06542   -0.58969  -9.26937   0.103000
 20.49884   -0.04923 -11.52788   0.103000
 19.21865    3.78724  -9.48429  -0.200000
 11.06457   20.77761 -14.46519  -0.200000
 10.64596   19.28770 -11.42973  -0.006000
  8.73730   19.64826 -10.74476   0.103000
 10.93719   17.25715 -11.61505   0.103000
 12.56203   20.36773  -9.55372  -0.006000
 14.47073   20.00717 -10.23869   0.103000
 12.27082   22.39828  -9.36841   0.103000
 12.14344   18.87778  -6.51825  -0.200000
 -8.18216    9.32277 -13.21334  -0.200000
-10.32648   11.70092 -14.37747  -0.006000
-11.14294   12.72666 -12.78895   0.103000
 -9.30335   13.01403 -15.59037   0.103000
-12.43778   10.43558 -15.89367  -0.006000
-11.62132    9.40985 -17.48216   0.103000
-13.46090    9.12245 -14.68075   0.103000
-14.58213   12.81374 -17.05776  -0.200000
  7.88560    9.56105 -15.41616  -0.200000
  8.20638   12.77540 -16.49978  -0.006000
  6.82955   13.96598 -15.53599   0.103000
 10.10758   13.45256 -16.08852   0.103000
  7.74240   12.88189 -19.35127  -0.006000
  9.11925   11.69128 -20.31507   0.103000
  5.84122   12.20470 -19.76251   0.103000
  8.06320   16.09621 -20.43489  -0.200000
 11.24162    8.59746  15.27776  -0.200000
 10.75710    8.69382  18.64897  -0.006000
  8.75782    8.98735  19.04768   0.103000
 11.36954    6.91260  19.48230   0.103000
 12.29342   10.86507  19.78163  -0.006000
 14.29272   10.57156  19.38292   0.103000
 11.68098   12.64629  18.94832   0.103000
 11.80892   10.96143  23.15285  -0.200000
 18.31978   -7.50350  -3.90387  -0.200000
 19.47718   -5.53839  -6.43531  -0.006000
 17.96997   -5.22080  -7.80262   0.103000
 20.10342   -3.73126  -5.67092   0.103000
 21.69750   -6.85377  -7.73828  -0.006000
 23.20472   -7.17138  -6.37097   0.103000
 21.07128   -8.66092  -8.50265   0.103000
 22.85490   -4.88868 -10.26972  -0.200000
 13.45838  -13.12441  -6.25377  -0.200000
 15.07943  -15.84609  -4.99931  -0.006000
 13.70123  -17.18613  -4.25967   0.103000
 16.17539  -16.74280  -6.49495   0.103000
 16.85246  -15.01593  -2.87216  -0.006000
 18.23064  -13.67587  -3.61180   0.103000
 15.75650  -14.11924  -1.37651   0.103000
 18.47351  -17.73761  -1.61770  -0.200000
 -6.55134   28.22030 -10.33792  -0.200000
 -5.22653   25.30083  -9.18450  -0.006000
 -6.14010   24.78457  -7.41224   0.103000
 -5.53172   23.81151 -10.57411   0.103000
 -2.38956   25.63825  -8.74248  -0.006000
 -1.47597   26.15451 -10.51474   0.103000
 -2.08435   27.12757  -7.35283   0.103000
 -1.06473   22.71876  -7.58906  -0.200000
 13.33841   14.61565  13.34101  -0.200000
 16.34589   15.58975  12.07006  -0.006000
 17.11168   14.08670  10.88830   0.103000
 16.09470   17.29256  10.93893   0.103000
 18.17718   16.13643  14.23918  -0.006000
 17.41137   17.63948  15.42092   0.103000
 18.42834   14.43361  15.37031   0.103000
 21.18464   17.11053  12.96821  -0.200000
 -6.03316  -10.01867  16.54039  -0.200000
 -4.64761   -8.00945  18.91790  -0.006000
 -5.26816   -6.06778  18.62327   0.103000
 -5.24112   -8.64455  20.78514   0.103000
 -1.76576   -8.13833  18.72828  -0.006000
 -1.14521  -10.08001  19.02289   0.103000
 -1.17227   -7.50321  16.86102   0.103000
 -0.38021   -6.12912  21.10577  -0.200000
-19.41688    8.64228   0.74612  -0.200000
-22.20867    6.87654  -0.08880  -0.006000
-21.76403    4.86582  -0.12684   0.103000
-23.68551    7.22739   1.30340   0.103000
-23.12989    7.70825  -2.69981  -0.006000
-23.57450    9.71896  -2.66175   0.103000
-21.65305    7.35740  -4.09203   0.103000
-25.92169    5.94249  -3.53475  -0.200000
 -0.38545   27.53414  -1.52174  -0.200000
 -3.66828   28.03305  -0.75795  -0.006000
 -3.81848   28.85391   1.12512   0.103000
 -4.50702   29.31466  -2.13499   0.103000
 -5.06724   25.50386  -0.81993  -0.006000
 -4.91705   24.68300  -2.70301   0.103000
 -4.22851   24.22225   0.55709   0.103000
 -8.35008   26.00276  -0.05614  -0.200000
-11.45548   20.82399   7.21182  -0.200000
-14.45317   19.61213   8.28622  -0.006000
-14.86889   20.36724  10.15686   0.103000
-15.93425   20.17872   6.97188   0.103000
-14.33488   16.72655   8.41744  -0.006000
-13.91916   15.97144   6.54682   0.103000
-12.85378   16.15997   9.73179   0.103000
-17.33257   15.51471   9.49187  -0.200000
  5.58151  -10.52655 -15.47489  -0.200000
  6.18475   -8.67545 -18.27102  -0.006000
  6.46876   -9.93147 -19.87848   0.103000
  4.57671   -7.44204 -18.63861   0.103000
  8.55662   -7.07158 -17.87173  -0.006000
  8.27264   -5.81558 -16.26427   0.103000
 10.16469   -8.30501 -17.50414   0.103000
  9.15988   -5.22050 -20.66786  -0.200000
 -0.84539   20.97381  14.16966  -0.200000
 -1.25763   23.88028  12.44001  -0.006000
 -1.65088   25.41393  13.75741   0.103000
  0.46132   24.30288  11.38702   0.103000
 -3.46969   23.60102  10.59978  -0.006000
 -3.07642   22.06737   9.28237   0.103000
 -5.18860   23.17842  11.65275   0.103000
 -3.88191   26.50749   8.87011  -0.200000
  6.06942  -17.59501   9.58027  -0.200000
  3.55920  -19.89286   9.41291  -0.006000
  2.05313  -19.36111  10.71339   0.103000
  2.81683  -19.96086   7.49284   0.103000
  4.58538  -22.49566  10.14095  -0.006000
  6.09146  -23.02739   8.84048   0.103000
  5.32774  -22.42767  12.06103   0.103000
  2.07518  -24.79353   9.97360  -0.200000
 31.10291   -2.46936  -4.26747  -0.200000
 27.77971   -1.73171  -4.12108  -0.006000
 27.53250    0.31129  -4.03636   0.103000
 26.83780   -2.46878  -5.79793   0.103000
 26.62758   -2.93949  -1.76064  -0.006000
 26.87480   -4.98247  -1.84537   0.103000
 27.56950   -2.20242  -0.08381   0.103000
 23.30441   -2.20181  -1.61426  -0.200000
-17.42269   -8.21853 -10.12457  -0.200000
-18.83811   -5.71693 -11.95422  -0.006000
-18.19908   -3.89501 -11.23701   0.103000
-18.28340   -5.91110 -13.92823   0.103000
-21.71679   -5.87867 -11.74283  -0.006000
-22.35584   -7.70062 -12.46006   0.103000
-22.27154   -5.68450  -9.76881   0.103000
-23.13223   -3.37707 -13.57249  -0.200000
-20.79158   -3.03293   5.78167  -0.200000
-22.62556   -0.17803   6.08993  -0.006000
-21.41406    1.34819   6.75702   0.103000
-23.42253    0.32762   4.25925   0.103000
-24.76535   -0.60726   7.98591  -0.006000
-25.97684   -2.13344   7.31880   0.103000
-23.96836   -1.11292   9.81658   0.103000
-26.59931    2.24766   8.29416  -0.200000
  3.86137   28.44212 -10.80154  -0.200000
  6.20148   28.84922  -8.35875  -0.006000
  8.07308   28.46961  -9.13008   0.103000
  6.12851   30.78275  -7.65277   0.103000
  5.66247   27.01244  -6.19227  -0.006000
  3.79087   27.39203  -5.42091   0.103000
  5.73541   25.07893  -6.89822   0.103000
  8.00257   27.41955  -3.74946  -0.200000
 -2.01426  -17.91978  13.98099  -0.200000
 -3.85540  -19.91820  11.92534  -0.006000
 -3.48320  -19.41429   9.96326   0.103000
 -3.33937  -21.88737  12.23870   0.103000
 -6.66659  -19.55734  12.49523  -0.006000
 -7.03878  -20.06126  14.45731   0.103000
 -7.18262  -17.58815  12.18187   0.103000
 -8.50774  -21.55575  10.43960  -0.200000
 -7.30978  -24.01916 -12.67589  -0.200000
 -5.02932  -22.54889 -10.61508  -0.006000
 -3.18383  -23.41749 -10.90158   0.103000
 -4.91523  -20.53696 -11.04078   0.103000
 -5.84477  -22.90609  -7.86462  -0.006000
 -7.69026  -22.03751  -7.57810   0.103000
 -5.95885  -24.91804  -7.43893   0.103000
 -3.56429  -21.43584  -5.80382  -0.200000
 13.41462  -12.82888 -16.67065  -0.200000
 11.59334  -14.26887 -14.17699  -0.006000
 11.02277  -12.82642 -12.82200   0.103000
  9.91815  -15.16105 -14.97693   0.103000
 13.20078  -16.26466 -12.83880  -0.006000
 13.77134  -17.70711 -14.19383   0.103000
 14.87594  -15.37251 -12.03888   0.103000
 11.37948  -17.70464 -10.34515  -0.200000
 26.05309  -12.12499  -0.64304  -0.200000
 22.75158  -12.77081  -0.10273  -0.006000
 21.63304  -11.95195  -1.62605   0.103000
 22.45000  -14.80752  -0.04721   0.103000
 21.94223  -11.60880   2.41764  -0.006000
 23.06076  -12.42767   3.94095   0.103000
 22.24382   -9.57209   2.36212   0.103000
 18.64073  -12.25461   2.95795  -0.200000
 -8.10309   -1.61543  18.34214  -0.200000
 -8.81296   -1.32766  21.66218  -0.006000
-10.39833   -0.03761  21.91651   0.103000
 -9.30388   -3.17774  22.42268   0.103000
 -6.49969   -0.29674  23.05634  -0.006000
 -4.91437   -1.58680  22.80202   0.103000
 -6.00882    1.55335  22.29586   0.103000
 -7.20959   -0.00898  26.37638  -0.200000
 -6.72792  -12.74805 -17.91268  -0.200000
 -3.64184  -11.99271 -19.14347  -0.006000
 -2.21298  -12.41335 -17.72091   0.103000
 -3.28181  -13.11591 -20.83200   0.103000
 -3.53356   -9.18297 -19.81525  -0.006000
 -4.96242   -8.76236 -21.23780   0.103000
 -3.89359   -8.05978 -18.12673   0.103000
 -0.44747   -8.42765 -21.04603  -0.200000
-25.01274   -9.20293  -0.52684  -0.200000
-24.82883   -6.25261  -2.22109  -0.006000
-23.34647   -6.36993  -3.64619   0.103000
-26.63399   -5.87270  -3.13713   0.103000
-24.21930   -4.11580  -0.37171  -0.006000
-25.70165   -3.99849   1.05337   0.103000
-22.41414   -4.49570   0.54434   0.103000
-24.03541   -1.16549  -2.06594  -0.200000
-19.31774    4.34312 -10.08639  -0.200000
-22.00890    3.56744 -12.02675  -0.006000
-21.36262    2.94417 -13.88040   0.103000
-23.08862    2.05857 -11.13249   0.103000
-23.68560    5.90324 -12.32712  -0.006000
-24.33187    6.52653 -10.47349   0.103000
-22.60587    7.41211 -13.22137   0.103000
-26.37672    5.12756 -14.26747  -0.200000
 -0.99494   11.09817  23.88629  -0.200000
 -3.35373   10.44004  21.51729  -0.006000
 -5.21844   10.90945  22.25540   0.103000
 -2.97496   11.57072  19.83787   0.103000
 -3.26996    7.63381  20.82752  -0.006000
 -1.40528    7.16437  20.08941   0.103000
 -3.64874    6.50311  22.50696   0.103000
 -5.62878    6.97568  18.45854  -0.200000
 15.12439   11.87517 -16.52093  -0.200000
 15.19824   15.24508 -16.02348  -0.006000
 14.08723   16.17976 -17.48443   0.103000
 14.40765   15.68388 -14.17287   0.103000
 17.93171   16.17785 -16.14826  -0.006000
 19.04275   15.24317 -14.68731   0.103000
 18.72231   15.73902 -17.99887   0.103000
 18.00559   19.54776 -15.65079  -0.200000
-17.68472   -9.93576  16.05623  -0.200000
-16.38536  -13.01035  15.37226  -0.006000
-15.51276  -13.78098  17.07133   0.103000
-17.89023  -14.26753  14.74209   0.103000
-14.39391  -12.77343  13.29005  -0.006000
-15.26651  -12.00278  11.59096   0.103000
-12.88903  -11.51624  13.92021   0.103000
-13.09455  -15.84800  12.60608  -0.200000
-17.63472   15.70599   2.82270  -0.200000
-21.02906   15.93833   2.63787  -0.006000
-21.56676   17.89975   2.31270   0.103000
-21.71405   14.77163   1.08485   0.103000
-22.19432   15.01939   5.11887  -0.006000
-21.65660   13.05795   5.44406   0.103000
-21.50934   16.18609   6.67189   0.103000
-25.58867   15.25173   4.93406  -0.200000
  6.05287  -25.73325   3.72406  -0.200000
  3.07863  -26.90796   2.54814  -0.006000
  3.42048  -28.18576   0.96935   0.103000
  2.09701  -27.91908   4.05025   0.103000
  1.45133  -24.69084   1.65718  -0.006000
  1.10946  -23.41306   3.23595   0.103000
  2.43295  -23.67974   0.15507   0.103000
 -1.52291  -25.86557   0.48124  -0.200000
 23.97405    0.99821  14.51748  -0.200000
 25.95603   -0.15995  11.99959  -0.006000
 27.17386    1.35992  11.32944   0.103000
 27.11577   -1.71272  12.69698   0.103000
 24.30008   -1.09725   9.82323  -0.006000
 23.08225   -2.61714  10.49342   0.103000
 23.14034    0.45552   9.12585   0.103000
 26.28208   -2.25539   7.30534  -0.200000
 18.99940  -19.46590   5.30773  -0.200000
 18.46565  -17.39485   7.96013  -0.006000
 19.40601  -18.15664   9.62676   0.103000
 19.22381  -15.52712   7.53695   0.103000
 15.62671  -17.18933   8.46622  -0.006000
 14.68635  -16.42754   6.79957   0.103000
 14.86855  -19.05704   8.88937   0.103000
 15.09298  -15.11828  11.11862  -0.200000
-25.81328   -7.45811   7.71163  -0.200000
-24.05379  -10.35302   7.34693  -0.006000
-25.16140  -11.92716   8.08000   0.103000
-23.65215  -10.66609   5.35121   0.103000
-21.56818  -10.16085   8.81051  -0.006000
-20.46059   -8.58671   8.07745   0.103000
-21.96982   -9.84776  10.80625   0.103000
-19.80870  -13.05578   8.44581  -0.200000
  2.79470  -23.90392 -12.95906  -0.200000
  3.12066  -25.37742  -9.90422  -0.006000
  1.79600  -26.94738  -9.75386   0.103000
  5.04457  -26.07803  -9.68116   0.103000
  2.55580  -23.43969  -7.83452  -0.006000
  3.88048  -21.86972  -7.98492   0.103000
  0.63189  -22.73907  -8.05758   0.103000
  2.88176  -24.91320  -4.77970  -0.200000
  4.00715   27.38342   7.08901  -0.200000
  2.94019   29.20422   4.41408  -0.006000
  4.39424   30.56326   3.88399   0.103000
  2.56797   27.94295   2.82888   0.103000
  0.51461   30.61324   5.11328  -0.006000
 -0.93944   29.25425   5.64335   0.103000
  0.88685   31.87454   6.69846   0.103000
 -0.55237   32.43409   2.43833  -0.200000
  1.96033  -15.68000 -16.97817  -0.200000
  4.54345  -17.29519 -15.45257  -0.006000
  5.90152  -15.91308 -14.75430   0.103000
  3.82295  -18.40760 -13.87598   0.103000
  5.84167  -19.04576 -17.35199  -0.006000
  4.48360  -20.42786 -18.05027   0.103000
  6.56217  -17.93335 -18.92859   0.103000
  8.42480  -20.66096 -15.82638  -0.200000
 -1.45562   15.69535 -24.81583  -0.200000
  0.95717   16.12866 -22.44940  -0.006000
  1.99627   14.36829 -22.19727   0.103000
  2.25333   17.61113 -23.05318   0.103000
 -0.27365   16.88701 -19.94589  -0.006000
 -1.31275   18.64740 -20.19804   0.103000
 -1.56980   15.40456 -19.34212   0.103000
  2.13915   17.32034 -17.57948  -0.200000
 17.11092    0.25732  22.21588  -0.200000
 16.96078    3.03883  20.25376  -0.006000
 15.00040    3.41823  19.74853   0.103000
 17.72867    4.64861  21.28395   0.103000
 18.50809    2.60724  17.85018  -0.006000
 20.46846    2.22784  18.35540   0.103000
 17.74020    0.99745  16.81998   0.103000
 18.35793    5.38876  15.88804  -0.200000
 17.44633   -9.44185 -12.54378  -0.200000
 19.48262  -10.55733 -15.03744  -0.006000
 21.25721  -11.22159 -14.23002   0.103000
 18.56085  -12.10447 -16.03688   0.103000
 20.01424   -8.39877 -16.88557  -0.006000
 18.23966   -7.73452 -17.69301   0.103000
 20.93599   -6.85164 -15.88615   0.103000
 22.05052   -9.51426 -19.37924  -0.200000
 11.27222  -20.67912   4.62187  -0.200000
 13.53471  -21.89987   2.38585  -0.006000
 14.94662  -20.45642   1.97949   0.103000
 14.45871  -23.56029   3.18039   0.103000
 12.17537  -22.63185  -0.05832  -0.006000
 10.76346  -24.07532   0.34803   0.103000
 11.25139  -20.97142  -0.85287   0.103000
 14.43787  -23.85260  -2.29434  -0.200000
 10.31836    2.67015  23.16111  -0.200000
 10.73459   -0.63359  22.43904  -0.006000
 12.09788   -0.83588  20.90848   0.103000
 11.42585   -1.62021  24.10969   0.103000
  8.20247   -1.76941  21.62918  -0.006000
  6.83918   -1.56715  23.15977   0.103000
  7.51121   -0.78280  19.95857   0.103000
  8.61872   -5.07314  20.90714  -0.200000
 18.20766   23.63807  -9.38621  -0.200000
 16.90290   24.86825  -6.48904  -0.006000
 15.41691   23.61065  -5.81626   0.103000
 18.38787   24.99904  -5.06779   0.103000
 15.79624   27.49536  -6.96959  -0.006000
 17.28223   28.75294  -7.64235   0.103000
 14.31127   27.36454  -8.39084   0.103000
 14.49146   28.72552  -4.07240  -0.200000
-22.21256    7.71632   6.28158  -0.200000
-21.68994    8.07552   9.62933  -0.006000
-20.90173    6.33242  10.39257   0.103000
-20.37403    9.62575   9.95683   0.103000
-24.20138    8.65137  10.94034  -0.006000
-24.98959   10.39446  10.17710   0.103000
-25.51729    7.10112  10.61285   0.103000
-23.67874    9.01055  14.28809  -0.200000
  5.01023    8.33250  28.91532  -0.200000
  5.32638    8.74898  25.54845  -0.006000
  4.19168   10.35880  24.94575   0.103000
  7.30332    9.08830  25.08071   0.103000
  4.41185    6.36513  24.19256  -0.006000
  5.54655    4.75529  24.79527   0.103000
  2.43491    6.02579  24.66028   0.103000
  4.72798    6.78160  20.82569  -0.200000
-25.27507  -10.48857  -7.75268  -0.200000
-23.85348  -13.58227  -7.88441  -0.006000
-23.67353  -14.33750  -5.97669   0.103000
-25.03825  -14.83541  -9.01052   0.103000
-21.23491  -13.38880  -9.09414  -0.006000
-21.41487  -12.63358 -11.00183   0.103000
-20.05013  -12.13563  -7.96803   0.103000
-19.81332  -16.48251  -9.22585  -0.200000
-20.56689   -3.40483 -19.91768  -0.200000
-19.52248   -0.31511 -18.93150  -0.006000
-19.38001    0.91878 -20.57449   0.103000
-20.87675    0.47381 -17.59518   0.103000
-16.93359   -0.53234 -17.66333  -0.006000
-17.07608   -1.76625 -16.02036   0.103000
-15.57934   -1.32128 -18.99967   0.103000
-15.88920    2.55737 -16.67717  -0.200000
-12.58854  -16.15903 -12.78453  -0.200000
-11.35992  -18.01380 -15.36512  -0.006000
-11.28790  -16.85817 -17.06859   0.103000
 -9.46373  -18.66887 -14.89866   0.103000
-13.08080  -20.29192 -15.81939  -0.006000
-13.15282  -21.44752 -14.11593   0.103000
-14.97699  -19.63684 -16.28587   0.103000
-11.85217  -22.14668 -18.40000  -0.200000
-13.58261   12.75815  15.44827  -0.200000
-16.71306   13.71497  16.39390  -0.006000
-16.62950   15.58427  17.25465   0.103000
-17.94193   13.77350  14.74209   0.103000
-17.76292   11.81986  18.30803  -0.006000
-17.84648    9.95056  17.44729   0.103000
-16.53403   11.76132  19.95985   0.103000
-20.89334   12.77668  19.25370  -0.200000
 21.94924   10.34192  13.96183  -0.200000
 24.87815    8.62617  13.66718  -0.006000
 26.29911    9.47713  14.89151   0.103000
 24.58307    6.66355  14.21798   0.103000
 25.78418    8.73033  10.92386  -0.006000
 24.36320    7.87936   9.69953   0.103000
 26.07924   10.69296  10.37307   0.103000
 28.71307    7.01457  10.62922  -0.200000
 19.27876   21.08048   7.73093  -0.200000
 18.63313   23.94013   9.46724  -0.006000
 17.11791   23.59576  10.81915   0.103000
 20.33045   24.53105  10.47337   0.103000
 17.82919   26.02234   7.62994  -0.006000
 19.34439   26.36669   6.27801   0.103000
 16.13187   25.43142   6.62383   0.103000
 17.18354   28.88197   9.36626  -0.200000
-19.52926    1.73267  13.63056  -0.200000
-20.80921   -0.33541  16.01675  -0.006000
-19.85286    0.00786  17.80829   0.103000
-22.82474    0.02950  16.23294   0.103000
-20.40865   -3.08634  15.22337  -0.006000
-21.36500   -3.42961  13.43185   0.103000
-18.39312   -3.45124  15.00718   0.103000
-21.68859   -5.15442  17.60956  -0.200000
-14.37023   17.95300 -11.46079  -0.200000
-14.31267   20.18978 -14.03033  -0.006000
-13.38211   19.34055 -15.65978   0.103000
-16.24152   20.70800 -14.53352   0.103000
-12.86163   22.55430 -13.21725  -0.006000
-13.79219   23.40352 -11.58782   0.103000
-10.93278   22.03610 -12.71408   0.103000
-12.80407   24.79109 -15.78679  -0.200000
 -3.38059    2.78468 -21.61735  -0.200000
 -3.97103   -0.46476 -22.45501  -0.006000
 -2.20138   -1.51779 -22.41196   0.103000
 -5.29509   -1.29106 -21.11102   0.103000
 -5.09820   -0.58478 -25.11444  -0.006000
 -6.86783    0.46826 -25.15747   0.103000
 -3.77414    0.24154 -26.45843   0.103000
 -5.68862   -3.83422 -25.95210  -0.200000
 26.45116    9.79477   4.64489  -0.200000
 29.45556   10.99469   3.57583  -0.006000
 30.50150   11.75510   5.17900   0.103000
 30.53641    9.46929   2.71153   0.103000
 29.02001   13.08815   1.63027  -0.006000
 27.97405   12.32772   0.02710   0.103000
 27.93915   14.61354   2.49459   0.103000
 32.02440   14.28807   0.56123  -0.200000
 23.93829   20.86275  -1.63458  -0.200000
 23.85698   20.15346   1.69705  -0.006000
 22.01384   20.66193   2.46299   0.103000
 24.18651   18.13997   1.97907   0.103000
 25.91376   21.66494   3.05452  -0.006000
 27.75690   21.15649   2.28857   0.103000
 25.58423   23.67844   2.77249   0.103000
 25.83244   20.95565   6.38614  -0.200000
 31.62861   10.48176  -8.30315  -0.200000
 29.88613   12.82510  -6.54769  -0.006000
 30.95052   13.35581  -4.86614   0.103000
 29.59064   14.48776  -7.72690   0.103000
 27.32650   11.73461  -5.76242  -0.006000
 26.26213   11.20394  -7.44395   0.103000
 27.62199   10.07199  -4.58317   0.103000
 25.58402   14.07799  -4.00694  -0.200000
-21.04391  -15.21241  -0.46451  -0.200000
-21.49735  -18.54044  -1.03684  -0.006000
-22.85301  -18.79616  -2.56619   0.103000
-19.69992  -19.39857  -1.56141   0.103000
-22.50290  -19.80253   1.36189  -0.006000
-21.14724  -19.54682   2.89124   0.103000
-24.30035  -18.94441   1.88646   0.103000
-22.95636  -23.13055   0.78957  -0.200000
 10.02694  -17.57859  19.17282  -0.200000
 10.21146  -18.17312  15.82298  -0.006000
  8.45849  -17.57585  14.92160   0.103000
 11.78928  -17.11769  15.02376   0.103000
 10.61419  -20.99928  15.36663  -0.006000
 12.36720  -21.59657  16.26801   0.103000
  9.03641  -22.05471  16.16585   0.103000
 10.79873  -21.59382  12.01679  -0.200000
 -7.16155   18.84386  21.99093  -0.200000
 -9.21444   20.61580  19.92820  -0.006000
-11.17187   20.08227  20.28307   0.103000
 -8.97571   22.63002  20.28598   0.103000
 -8.54392   20.04100  17.17544  -0.006000
 -6.58649   20.57453  16.82055   0.103000
 -8.78265   18.02676  16.81766   0.103000
-10.59679   21.81294  15.11269  -0.200000
  0.41410   18.43694  20.98165  -0.200000
  3.42592   17.22508  22.01578  -0.006000
  3.79140   15.41812  21.09745   0.103000
  4.91187   18.56166  21.51810   0.103000
  3.38335   16.85656  24.88282  -0.006000
  3.01785   18.66352  25.80117   0.103000
  1.89740   15.51998  25.38051   0.103000
  6.39515   15.64472  25.91695  -0.200000
 28.01547    3.47472   2.33593  -0.200000
 30.59782    3.90792   4.51609  -0.006000
 30.42128    5.74307   5.43432   0.103000
 30.55203    2.42012   5.93973   0.103000
 33.10311    3.78782   3.07848  -0.006000
 33.27963    1.95265   2.16024   0.103000
 33.14888    5.27562   1.65485   0.103000
 35.68544    4.22101   5.25864  -0.200000
 24.83951   11.97731 -12.48574  -0.200000
 24.55954    8.96953 -14.06179  -0.006000
 26.42705    8.31922 -14.63778   0.103000
 23.71988    7.59609 -12.77687   0.103000
 22.87820    9.25747 -16.39583  -0.006000
 21.01071    9.90778 -15.81982   0.103000
 23.71786   10.63088 -17.68071   0.103000
 22.59821    6.24968 -17.97186  -0.200000
  3.44217  -14.45223  28.24128  -0.200000
  2.75698  -12.38247  25.62295  -0.006000
  0.90820  -12.84880  24.84406   0.103000
  2.75513  -10.42843  26.27402   0.103000
  4.77422  -12.71415  23.57891  -0.006000
  6.62302  -12.24783  24.35781   0.103000
  4.77607  -14.66819  22.92784   0.103000
  4.08903  -10.64437  20.96058  -0.200000
 11.26473   27.01443  12.69828  -0.200000
 10.41840   29.29843  10.31581  -0.006000
 12.11700   30.24595   9.63819   0.103000
  9.49245   28.34128   8.74458   0.103000
  8.61449   31.25157  11.45097  -0.006000
  6.91589   30.30403  12.12858   0.103000
  9.54043   32.20872  13.02218   0.103000
  7.76815   33.53555   9.06847  -0.200000
  2.96717   26.06726  17.43444  -0.200000
  5.35594   23.88168  18.49569  -0.006000
  4.59440   21.96809  18.47491   0.103000
  6.98749   23.98544  17.24284   0.103000
  6.16276   24.56744  21.18578  -0.006000
  6.92432   26.48103  21.20656   0.103000
  4.53122   24.46370  22.43863   0.103000
  8.55154   22.38188  22.24703  -0.200000
 22.97172  -12.13928   8.84303  -0.200000
 24.99059  -10.32076  10.89883  -0.006000
 23.85450   -9.43943  12.37361   0.103000
 26.39112  -11.56155  11.75973   0.103000
 26.33358   -8.27156   9.36433  -0.006000
 27.46966   -9.15289   7.88955   0.103000
 24.93305   -7.03078   8.50343   0.103000
 28.35245   -6.45306  11.42014  -0.200000
 13.49557  -10.97568  19.25355  -0.200000
 16.54406  -10.44459  17.82747  -0.006000
 16.67351  -11.50620  16.06725   0.103000
 16.77948   -8.43600  17.43726   0.103000
 18.62053  -11.32358  19.63671  -0.006000
 18.49106  -10.26195  21.39693   0.103000
 18.38509  -13.33215  20.02692   0.103000
 21.66902  -10.79245  18.21065  -0.200000
 25.80716   -4.59493  22.75145  -0.200000
 22.75262   -4.15110  21.30855  -0.006000
 21.46173   -5.61385  21.96894   0.103000
 22.01276   -2.29881  21.82227   0.103000
 23.01085   -4.32122  18.43420  -0.006000
 24.30178   -2.85846  17.77382   0.103000
 23.75076   -6.17349  17.92046   0.103000
 19.95636   -3.87740  16.99128  -0.200000
-12.60801  -23.19229  -3.86872  -0.200000
-15.40488  -24.17993  -5.54544  -0.006000
-15.15640  -26.11046  -6.21890   0.103000
-17.02893  -24.09696  -4.28138   0.103000
-15.84807  -22.42387  -7.79871  -0.006000
-16.09655  -20.49334  -7.12523   0.103000
-14.22403  -22.50685  -9.06275   0.103000
-18.64495  -23.41151  -9.47541  -0.200000
 -6.96014   21.42452 -21.09821  -0.200000
 -8.70440   18.55057 -20.54410  -0.006000
 -7.90831   17.56612 -18.91948   0.103000
-10.67839   19.00579 -20.17201   0.103000
 -8.53134   16.85318 -22.87789  -0.006000
 -9.32740   17.83765 -24.50249   0.103000
 -6.55735   16.39797 -23.25000   0.103000
-10.27559   13.97927 -22.32379  -0.200000
  9.07826   30.87442   2.27984  -0.200000
  7.83375   33.97408   1.60717  -0.006000
  6.88856   34.71310   3.28134   0.103000
  9.37510   35.23292   1.07641   0.103000
  5.93960   33.80034  -0.56985  -0.006000
  6.88480   33.06131  -2.24401   0.103000
  4.39826   32.54146  -0.03908   0.103000
  4.69510   36.90000  -1.24251  -0.200000
-15.85769  -28.02889   8.57227  -0.200000
-14.89998  -26.89504   5.50524  -0.006000
-14.97544  -28.44132   4.14678   0.103000
-16.16882  -25.38862   4.90272   0.103000
-12.19871  -25.87611   5.65491  -0.006000
-12.12325  -24.32983   7.01342   0.103000
-10.92987  -27.38253   6.25747   0.103000
-11.24098  -24.74228   2.58789  -0.200000
-16.38508    3.77974 -25.61061  -0.200000
-14.80491    0.85387 -24.86798  -0.006000
-16.16886   -0.49037 -24.10967   0.103000
-13.95417    0.07958 -26.57648   0.103000
-12.74220    1.34452 -22.90276  -0.006000
-11.37825    2.68876 -23.66107   0.103000
-13.59293    2.11882 -21.19428   0.103000
-11.16206   -1.58134 -22.16014  -0.200000
 15.00325   -8.94320 -21.80330  -0.200000
 15.26557   -6.27871 -23.91070  -0.006000
 16.68190   -6.67909 -25.35149   0.103000
 13.44621   -5.93442 -24.81273   0.103000
 16.05434   -3.93713 -22.40992  -0.006000
 14.63799   -3.53674 -20.96912   0.103000
 17.87371   -4.28138 -21.50788   0.103000
 16.31667   -1.27264 -24.51731  -0.200000
 18.92532   11.58088 -21.77545  -0.200000
 16.16808    9.81739 -22.72244  -0.006000
 16.72228    8.32566 -24.03004   0.103000
 15.28333    8.98109 -21.06111   0.103000
 14.29077   11.58950 -24.02354  -0.006000
 13.73657   13.08125 -22.71598   0.103000
 15.17552   12.42580 -25.68487   0.103000
 11.53357    9.82601 -24.97054  -0.200000
-14.17102   27.04310   4.10930  -0.200000
-12.52858   29.97841   4.65288  -0.006000
-11.89645   30.75552   2.85322   0.103000
-13.79753   31.31596   5.57099   0.103000
-10.23929   29.50119   6.35260  -0.006000
-10.87141   28.72408   8.15224   0.103000
 -8.97032   28.16365   5.43451   0.103000
 -8.59686   32.43649   6.89620  -0.200000
  4.23964   10.57778 -24.58857  -0.200000
  4.14487    7.80825 -26.57095  -0.006000
  3.93605    8.37882 -28.53898   0.103000
  5.89298    6.74243 -26.34641   0.103000
  1.90250    6.15178 -25.80578  -0.006000
  2.11132    5.58121 -23.83776   0.103000
  0.15437    7.21758 -26.03033   0.103000
  1.80771    3.38225 -27.78816  -0.200000
  9.47138    2.59076 -23.63643  -0.200000
  8.57858   -0.09622 -25.53166  -0.006000
  9.31283   -1.81778 -24.67191   0.103000
  6.52492   -0.20611 -25.64364   0.103000
  9.67351    0.19413 -28.19144  -0.006000
  8.93925    1.91569 -29.05119   0.103000
 11.72719    0.30402 -28.07946   0.103000
  8.78071   -2.49287 -30.08669  -0.200000
 27.38279    0.52922 -10.70286  -0.200000
 29.73828   -1.36862 -12.27103  -0.006000
 31.36800   -1.60203 -11.03345   0.103000
 28.94548   -3.21611 -12.71882   0.103000
 30.56318   -0.05773 -14.71208  -0.006000
 28.93346    0.17567 -15.94967   0.103000
 31.35598    1.78976 -14.26430   0.103000
 32.91867   -1.95556 -16.28026  -0.200000
-26.86588   22.27190  -3.31611  -0.200000
-26.47554   18.95469  -2.64344  -0.006000
-26.34530   18.67734  -0.60670   0.103000
-28.09193   17.91003  -3.37715   0.103000
-24.05676   17.99429  -3.90236  -0.006000
-24.18698   18.27165  -5.93909   0.103000
-22.44037   19.03897  -3.16864   0.103000
-23.66640   14.67709  -3.22967  -0.200000
  0.45505  -25.24062 -19.34450  -0.200000
 -1.77098  -23.05829 -17.96944  -0.006000
 -3.25645  -24.10899 -17.00428   0.103000
 -0.79869  -21.84510 -16.61846   0.103000
 -2.94066  -21.43308 -20.05462  -0.006000
 -1.45518  -20.38240 -21.01978   0.103000
 -3.91292  -22.64625 -21.40565   0.103000
 -5.16668  -19.25073 -18.67958  -0.200000
 -5.10576  -26.56743   8.55940  -0.200000
 -5.08533  -29.81589   7.53173  -0.006000
 -4.87052  -31.05194   9.16517   0.103000
 -6.85766  -30.24469   6.57404   0.103000
 -2.88047  -30.23632   5.70981  -0.006000
 -3.09530  -29.00027   4.07637   0.103000
 -1.10815  -29.80754   6.66750   0.103000
 -2.86006  -33.48478   4.68210  -0.200000
-10.43010  -28.98655  -7.19880  -0.200000
-10.43310  -30.17662  -4.00612  -0.006000
-12.02578  -29.37456  -2.97543   0.103000
-10.59913  -32.22935  -4.03816   0.103000
 -7.96567  -29.43075  -2.69732  -0.006000
 -6.37299  -30.23278  -3.72801   0.103000
 -7.79964  -27.37797  -2.66529   0.103000
 -7.96867  -30.62080   0.49535  -0.200000
-15.43045    3.89851  27.15708  -0.200000
-12.73224    4.67560  25.22709  -0.006000
-11.00541    4.13279  26.20978   0.103000
-12.85231    3.66199  23.43816   0.103000
-12.69749    7.52162  24.72047  -0.006000
-14.42432    8.06443  23.73781   0.103000
-12.57743    8.53521  26.50942   0.103000
 -9.99928    8.29871  22.79048  -0.200000
-19.94241   15.09315 -13.03839  -0.200000
-20.69218   16.43085 -16.08091  -0.006000
-18.95010   16.92484 -17.06241   0.103000
-21.74274   15.05471 -17.19649   0.103000
-22.30011   18.80604 -15.71944  -0.006000
-24.04219   18.31205 -14.73797   0.103000
-21.24954   20.18218 -14.60390   0.103000
-23.04988   20.14374 -18.76198  -0.200000
-30.72852    4.89040  -8.62503  -0.200000
-30.69879    1.54153  -7.99815  -0.006000
-30.92845    1.21884  -5.97688   0.103000
-32.24326    0.63784  -9.01804   0.103000
-28.18169    0.41988  -8.87213  -0.006000
-27.95200    0.74257 -10.89338   0.103000
-26.63720    1.32356  -7.85225   0.103000
-28.15197   -2.92898  -8.24525  -0.200000
 24.69526   16.84525 -16.41299  -0.200000
 24.39111   18.57612 -13.49401  -0.006000
 22.59016   19.57524 -13.47212   0.103000
 24.46914   17.26571 -11.90686   0.103000
 26.55266   20.48327 -13.27487  -0.006000
 28.35362   19.48417 -13.29676   0.103000
 26.47465   21.79368 -14.86202   0.103000
 26.24850   22.21417 -10.35589  -0.200000
 -9.97894   -9.83096  24.61283  -0.200000
-12.94555  -11.50482  24.69507  -0.006000
-12.61152  -13.46987  25.21382   0.103000
-14.18995  -10.62971  26.08353   0.103000
-14.18627  -11.39545  22.08621  -0.006000
-14.52028   -9.43039  21.56748   0.103000
-12.94187  -12.27056  20.69775   0.103000
-17.15287  -13.06931  22.16847  -0.200000
-17.17366   28.79638  -5.66096  -0.200000
-14.92387   31.02069  -4.39605  -0.006000
-14.94333   32.73877  -5.53187   0.103000
-15.42742   31.47679  -2.45164   0.103000
-12.27857   29.85603  -4.45747  -0.006000
-12.25911   28.13797  -3.32163   0.103000
-11.77500   29.39992  -6.40184   0.103000
-10.02878   32.08033  -3.19254  -0.200000
 -2.95971  -15.15284  22.17747  -0.200000
 -5.32806  -17.30577  23.34571  -0.006000
 -4.43318  -18.73730  24.52564   0.103000
 -6.71316  -16.26504  24.45954   0.103000
 -6.65093  -18.58536  21.11629  -0.006000
 -7.54581  -17.15388  19.93633   0.103000
 -5.26585  -19.62609  20.00245   0.103000
 -9.01928  -20.73831  22.28450  -0.200000
 14.79026   28.38862  18.83530  -0.200000
 17.41197   26.70482  17.45669  -0.006000
 17.89138   27.54845  15.63992   0.103000
 19.03806   26.81533  18.71598   0.103000
 16.68129   23.93474  17.06888  -0.006000
 16.20187   23.09111  18.88566   0.103000
 15.05520   23.82423  15.80960   0.103000
 19.30299   22.25096  15.69030  -0.200000
-24.31116   29.48124   0.89282  -0.200000
-22.97750   26.74059   2.41581  -0.006000
-22.24274   27.27171   4.26521   0.103000
-24.43510   25.30313   2.64256   0.103000
-20.82975   25.68610   0.79325  -0.006000
-21.56452   25.15496  -1.05613   0.103000
-19.37217   27.12354   0.56652   0.103000
-19.49610   22.94543   2.31624  -0.200000
-31.70554   12.07943   3.12855  -0.200000
-31.18296    8.89658   2.03049  -0.006000
-32.90072    7.78990   2.28895   0.103000
-30.68282    8.93236   0.03279   0.103000
-29.02907    7.69761   3.54074  -0.006000
-27.31130    8.80429   3.28230   0.103000
-29.52922    7.66184   5.53845   0.103000
-28.50650    4.51478   2.44268  -0.200000
 23.54234   -3.43016 -19.55415  -0.200000
 22.25377   -0.60105 -20.94882  -0.006000
 20.20879   -0.58427 -20.70384   0.103000
 23.06951    1.05141 -20.02896   0.103000
 22.88594   -0.54299 -23.76924  -0.006000
 24.93091   -0.55977 -24.01421   0.103000
 22.07017   -2.19545 -24.68908   0.103000
 21.59736    2.28610 -25.16391  -0.200000
-23.61143   -9.87671 -24.56973  -0.200000
-23.61396   -9.82905 -21.16285  -0.006000
-24.35558   -8.02493 -20.50154   0.103000
-24.79718  -11.35920 -20.45519   0.103000
-20.91260  -10.17330 -20.19235  -0.006000
-20.17097  -11.97742 -20.85364   0.103000
-19.72938   -8.64315 -20.90001   0.103000
-20.91513  -10.12564 -16.78545  -0.200000
 18.36060  -21.39045  -7.10288  -0.200000
 16.82924  -22.61832  -9.88788  -0.006000
 14.78654  -22.46595  -9.67239   0.103000
 17.42887  -21.53687 -11.53500   0.103000
 17.55540  -25.39406 -10.24228  -0.006000
 19.59809  -25.54643 -10.45778   0.103000
 16.95576  -26.47550  -8.59515   0.103000
 16.02405  -26.62193 -13.02728  -0.200000
 -0.48388   32.82562  -6.08601  -0.200000
 -1.59863   35.31346  -4.04220  -0.006000
 -2.85970   34.52078  -2.61971   0.103000
  0.00610   36.21101  -3.11410   0.103000
 -3.02795   37.27899  -5.60786  -0.006000
 -1.76686   38.07169  -7.03033   0.103000
 -4.63270   36.38144  -6.53594   0.103000
 -4.14270   39.76685  -3.56402  -0.200000
-14.33267   -4.00053  23.17708  -0.200000
-17.52504   -3.10645  22.39019  -0.006000
-17.53297   -1.19782  21.61603   0.103000
-18.28127   -4.41761  20.99333   0.103000
-19.16281   -3.18632  24.77115  -0.006000
-19.15487   -5.09495  25.54532   0.103000
-18.40658   -1.87516  26.16804   0.103000
-22.35518   -2.29222  23.98429  -0.200000
-24.57417    5.23203 -24.93902  -0.200000
-22.77891    5.19892 -22.04332  -0.006000
-23.92329    4.38862 -20.53465   0.103000
-21.07940    4.06437 -22.30147   0.103000
-22.03400    7.90238 -21.34043  -0.006000
-20.88960    8.71266 -22.84908   0.103000
-23.73351    9.03693 -21.08226   0.103000
-20.23876    7.86927 -18.44471  -0.200000
 -6.72089  -15.81788 -24.35625  -0.200000
 -9.70465  -14.20055 -24.05565  -0.006000
 -9.49946  -12.61611 -22.75574   0.103000
-10.29708  -13.50308 -25.90081   0.103000
-11.69485  -16.03195 -23.03442  -0.006000
-11.90004  -17.61639 -24.33431   0.103000
-11.10242  -16.72942 -21.18923   0.103000
-14.67864  -14.41462 -22.73382  -0.200000
  4.90131   25.33737 -19.02314  -0.200000
  6.94172   24.99369 -21.73013  -0.006000
  7.38004   23.00101 -22.01151   0.103000
  5.99370   25.73149 -23.40318   0.103000
  9.39039   26.46431 -21.28406  -0.006000
  8.95203   28.45699 -21.00268   0.103000
 10.33841   25.72650 -19.61101   0.103000
 11.43080   26.12063 -23.99106  -0.200000
  3.80022   -5.57207 -25.66618  -0.200000
  1.01539   -4.67220 -27.41087  -0.006000
 -0.61786   -5.68273 -26.66689   0.103000
  0.71239   -2.64363 -27.22275   0.103000
  1.36981   -5.33785 -30.20174  -0.006000
  3.00304   -4.32734 -30.94576   0.103000
  1.67280   -7.36642 -30.38986   0.103000
 -1.41503   -4.43800 -31.94644  -0.200000
 35.15010  -11.01346 -11.52198  -0.200000
 32.41103   -9.17774 -10.66331  -0.006000
 32.96270   -7.69753  -9.34158   0.103000
 31.59968   -8.32300 -12.35254   0.103000
 30.44967  -10.89818  -9.41800  -0.006000
 29.89798  -12.37837 -10.73973   0.103000
 31.26104  -11.75291  -7.72877   0.103000
 27.71060   -9.06247  -8.55933  -0.200000
-25.44751   25.43929 -12.33987  -0.200000
-23.52405   25.25521  -9.53359  -0.006000
-22.08345   26.72615  -9.59032   0.103000
-24.70927   25.51814  -7.86976   0.103000
-22.24913   22.66364  -9.40749  -0.006000
-23.68970   21.19271  -9.35074   0.103000
-21.06387   22.40070 -11.07132   0.103000
-20.32563   22.47958  -6.60121  -0.200000
  2.47554   -0.46606  27.45279  -0.200000
 -0.10947   -2.65503  27.82053  -0.006000
 -1.09236   -2.26675  29.58839   0.103000
 -1.41918   -2.44247  26.24527   0.103000
  0.91523   -5.35798  27.86242  -0.006000
  1.89812   -5.74626  26.09457   0.103000
  2.22494   -5.57053  29.43768   0.103000
 -1.66980   -7.54694  28.23018  -0.200000
 19.46119   13.45322  21.58645  -0.200000
 22.34301   14.93010  20.52675  -0.006000
 23.65160   13.48499  19.86231   0.103000
 21.92158   16.23447  18.98942   0.103000
 23.54438   16.38200  22.71908  -0.006000
 22.23580   17.82711  23.38349   0.103000
 23.96579   15.07765  24.25637   0.103000
 26.42619   17.85888  21.65936  -0.200000
 14.98326  -28.67332   6.02666  -0.200000
 17.50969  -26.83576   7.38664  -0.006000
 18.93812  -28.10030   8.16299   0.103000
 18.35859  -25.65154   5.93085   0.103000
 16.45674  -25.16231   9.49587  -0.006000
 15.02833  -23.89778   8.71950   0.103000
 15.60783  -26.34654  10.95164   0.103000
 18.98319  -23.32474  10.85583  -0.200000
  6.62092  -24.63946  20.28275  -0.200000
  4.54222  -23.49942  22.72995  -0.006000
  2.74641  -24.50302  22.62871   0.103000
  5.40679  -23.82221  24.57128   0.103000
  4.08483  -20.66837  22.36423  -0.006000
  5.88062  -19.66481  22.46548   0.103000
  3.22026  -20.34559  20.52290   0.103000
  2.00613  -19.52837  24.81142  -0.200000
  7.17206   -7.94683  27.22906  -0.200000
 10.42258   -8.81295  27.77047  -0.006000
 11.29174   -7.45355  29.05072   0.103000
 10.50236  -10.69319  28.60747   0.103000
 11.85030   -8.81690  25.25672  -0.006000
 10.98116  -10.17625  23.97647   0.103000
 11.77054   -6.93664  24.41970   0.103000
 15.10086   -9.68299  25.79813  -0.200000
 -5.62827   25.77654  21.25058  -0.200000
 -2.71053   24.29285  22.19652  -0.006000
 -2.82255   22.26740  21.83977   0.103000
 -1.15035   25.09520  21.11748   0.103000
 -2.26665   24.75057  25.01625  -0.006000
 -2.15467   26.77598  25.37301   0.103000
 -3.82687   23.94820  26.09530   0.103000
  0.65105   23.26686  25.96221  -0.200000
 13.72610   19.15115 -21.74786  -0.200000
 16.63968   19.67530 -23.43461  -0.006000
 18.19893   19.78927 -22.09373   0.103000
 16.96825   18.11595 -24.73944   0.103000
 16.46261   22.15052 -24.91768  -0.006000
 14.90336   22.03655 -26.25858   0.103000
 16.13405   23.70988 -23.61287   0.103000
 19.37617   22.67469 -26.60445  -0.200000
  2.94678  -36.32940   0.67000  -0.200000
  2.49368  -34.01261  -1.78687  -0.006000
  3.93307  -32.54840  -1.62439   0.103000
  2.64582  -34.92435  -3.62746   0.103000
 -0.12635  -32.82110  -1.51647  -0.006000
 -1.56573  -34.28532  -1.67893   0.103000
 -0.27847  -31.90937   0.32411   0.103000
 -0.57947  -30.50432  -3.97336  -0.200000
 24.93690  -16.48200  -5.90878  -0.200000
 26.65920  -18.31560  -8.20680  -0.006000
 26.87578  -17.21996  -9.93737   0.103000
 28.51789  -18.78794  -7.45557   0.103000
 25.20717  -20.74817  -8.78288  -0.006000
 24.99057  -21.84384  -7.05231   0.103000
 23.34845  -20.27584  -9.53412   0.103000
 26.92947  -22.58177 -11.08092  -0.200000
 -0.22928   30.59871  14.56692  -0.200000
 -1.01533   33.91393  14.58375  -0.006000
 -1.35703   34.52919  16.51944   0.103000
  0.54572   34.99423  13.78489   0.103000
 -3.39550   34.34795  13.00133  -0.006000
 -3.05380   33.73267  11.06567   0.103000
 -4.95658   33.26763  13.80020   0.103000
 -4.18157   37.66317  13.01819  -0.200000
 20.83841   30.67328   2.22863  -0.200000
 17.70061   31.90818   2.71684  -0.006000
 16.63656   31.79598   0.95692   0.103000
 16.74547   30.80286   4.16881   0.103000
 17.87178   34.66693   3.56402  -0.006000
 18.93583   34.77914   5.32396   0.103000
 18.82694   35.77223   2.11205   0.103000
 14.73399   35.90183   4.05223  -0.200000
 -2.53996   29.92927 -14.42959  -0.200000
 -1.34127   29.78634 -17.61578  -0.006000
 -0.30313   28.02730 -17.88100   0.103000
 -2.91256   29.86389 -18.94511   0.103000
  0.42559   32.02649 -18.08201  -0.006000
 -0.61254   33.78553 -17.81679   0.103000
  1.99687   31.94896 -16.75269   0.103000
  1.62430   31.88357 -21.26819  -0.200000
 -7.13247  -28.74474  20.59238  -0.200000
 -3.95879  -27.82862  19.75705  -0.006000
 -3.10242  -26.80792  21.32769   0.103000
 -2.84494  -29.51057  19.34182   0.103000
 -4.03080  -26.12178  17.42484  -0.006000
 -4.88719  -27.14246  15.85420   0.103000
 -5.14465  -24.43981  17.84007   0.103000
 -0.85712  -25.20566  16.58949  -0.200000
-13.13369   11.29408 -32.17637  -0.200000
-12.66355   10.79264 -28.83921  -0.006000
-11.85635   12.48973 -27.99642   0.103000
-14.47177   10.37522 -27.94572   0.103000
-10.85842    8.56944 -28.44370  -0.006000
-11.66564    6.87233 -29.28647   0.103000
 -9.05022    8.98686 -29.33719   0.103000
-10.38828    8.06800 -25.10652  -0.200000
 24.79789  -17.57466  16.91537  -0.200000
 21.74304  -17.59979  15.40660  -0.006000
 21.08398  -15.66441  15.15719   0.103000
 21.89208  -18.51709  13.56855   0.103000
 19.86499  -19.05105  17.05722  -0.006000
 20.52405  -20.98641  17.30660   0.103000
 19.71595  -18.13376  18.89526   0.103000
 16.81013  -19.07618  15.54844  -0.200000
  5.84908  -11.86812 -28.68714  -0.200000
  4.24478  -13.97194 -26.54022  -0.006000
  4.48774  -15.91660 -27.17388   0.103000
  5.03727  -13.76087 -24.65085   0.103000
  1.42810  -13.32376 -26.48054  -0.006000
  1.18514  -11.37910 -25.84688   0.103000
  0.63561  -13.53480 -28.36989   0.103000
 -0.17620  -15.42757 -24.33363  -0.200000
-25.37961   11.82502 -15.83058  -0.200000
-27.50880   13.36293 -13.66017  -0.006000
-26.61963   15.06492 -12.91530   0.103000
-29.24565   13.86966 -14.64451   0.103000
-28.12653   11.56684 -11.48067  -0.006000
-29.01572    9.86486 -12.22555   0.103000
-26.38970   11.06013 -10.49635   0.103000
-30.25572   13.10480  -9.31026  -0.200000
 11.30859    9.79292  30.52586  -0.200000
 14.21220    9.68723  28.74617  -0.006000
 14.20001   11.17563  27.32253   0.103000
 15.80807    9.96602  30.01802   0.103000
 14.45363    7.11542  27.44805  -0.006000
 14.46578    5.62698  28.87169   0.103000
 12.85773    6.83663  26.17620   0.103000
 17.35723    7.00971  25.66838  -0.200000
-20.12330    9.86913  25.23348  -0.200000
-22.50566    8.02412  23.64291  -0.006000
-23.57808    6.94397  25.03042   0.103000
-23.77669    9.27986  22.61830   0.103000
-21.23748    6.21079  21.78255  -0.006000
-20.16506    7.29098  20.39504   0.103000
-19.96645    4.95507  22.80718   0.103000
-23.61986    4.36580  20.19199  -0.200000
 -7.50227   11.21031  28.44089  -0.200000
 -5.65011   13.92753  29.33280  -0.006000
 -6.67189   15.02107  30.74785   0.103000
 -3.84911   13.30486  30.11443   0.103000
 -5.17159   15.57376  27.00504  -0.006000
 -4.14980   14.48020  25.58997   0.103000
 -6.97262   16.19643  26.22339   0.103000
 -3.31946   18.29096  27.89693  -0.200000
 31.47341   -5.88019   4.18136  -0.200000
 34.36369   -4.66891   5.51878  -0.006000
 34.39423   -2.61687   5.34466   0.103000
 34.47204   -5.19130   7.50817   0.103000
 36.62308   -5.78870   4.10500  -0.006000
 36.59254   -7.84074   4.27911   0.103000
 36.51472   -5.26633   2.11561   0.103000
 39.51336   -4.57741   5.44239  -0.200000
 -0.83567   23.46025 -21.99086  -0.200000
 -0.82456   25.98806 -24.27540  -0.006000
  0.47708   27.46207 -23.66283   0.103000
 -0.22363   25.25781 -26.10515   0.103000
 -3.48719   27.09017 -24.50612  -0.006000
 -4.78883   25.61618 -25.11869   0.103000
 -4.08812   27.82042 -22.67635   0.103000
 -3.47606   29.61796 -26.79067  -0.200000
 29.91867   14.52553  13.45903  -0.200000
 29.88626   16.97898  11.09504  -0.006000
 29.56802   16.14176   9.24031   0.103000
 28.37666   18.31627  11.51338   0.103000
 32.42592   18.36014  11.10482  -0.006000
 32.74415   19.19735  12.95955   0.103000
 33.93553   17.02284  10.68650   0.103000
 32.39352   20.81358   8.74083  -0.200000
-28.71312   23.19892  10.83750  -0.200000
-26.60929   20.68058   9.92046  -0.006000
-27.62993   19.32236   8.75608   0.103000
-25.03324   21.45863   8.84664   0.103000
-25.60263   19.35675  12.28515  -0.006000
-24.58197   20.71499  13.44952   0.103000
-27.17865   18.57871  13.35895   0.103000
-23.49878   16.83840  11.36810  -0.200000
 24.79332  -22.16724  -1.11526  -0.200000
 22.22586  -24.23166  -1.98440  -0.006000
 20.43382  -23.34543  -1.48910   0.103000
 22.28193  -24.58109  -4.01346   0.103000
 22.48366  -26.73887  -0.56834  -0.006000
 24.27569  -27.62511  -1.06363   0.103000
 22.42759  -26.38942   1.46072   0.103000
 19.91618  -28.80328  -1.43748  -0.200000
 23.29190    1.38379  27.53616  -0.200000
 22.95473    3.28482  24.72882  -0.006000
 21.06744    3.02534  23.94587   0.103000
 23.23409    5.26909  25.20507   0.103000
 24.92673    2.47688  22.77534  -0.006000
 26.81404    2.73638  23.55827   0.103000
 24.64740    0.49263  22.29905   0.103000
 24.58959    4.37793  19.96796  -0.200000
-31.59775  -15.28511  -7.02275  -0.200000
-29.94740  -14.60288  -4.12104  -0.006000
-27.96944  -14.20303  -4.53326   0.103000
-30.80433  -12.96541  -3.21185   0.103000
-30.12033  -16.88489  -2.35466  -0.006000
-32.09828  -17.28474  -1.94243   0.103000
-29.26337  -18.52236  -3.26382   0.103000
-28.46997  -16.20266   0.54708  -0.200000
-19.98603  -20.53779  17.08645  -0.200000
-17.20223  -19.94372  18.95904  -0.006000
-15.78055  -21.37700  18.55042   0.103000
-16.45124  -18.08113  18.50182   0.103000
-17.88956  -20.04223  21.76539  -0.006000
-19.31122  -18.60896  22.17399   0.103000
-18.64054  -21.90482  22.22261   0.103000
-15.10577  -19.44815  23.63798  -0.200000
-21.81511  -21.68977   7.29013  -0.200000
-24.35745  -23.07100   9.08953  -0.006000
-25.96448  -21.78285   9.10878   0.103000
-24.91802  -24.85602   8.22832   0.103000
-23.47214  -23.54614  11.80030  -0.006000
-21.86511  -24.83429  11.78108   0.103000
-22.91157  -21.76112  12.66151   0.103000
-26.01450  -24.92738  13.59970  -0.200000
 33.69514   21.27762  -0.20993  -0.200000
 33.63756   20.13053  -3.41770  -0.006000
 35.23818   20.90857  -4.45442   0.103000
 33.75527   18.07425  -3.41428   0.103000
 31.17523   20.95166  -4.69068  -0.006000
 29.57461   20.17360  -3.65397   0.103000
 31.05750   23.00791  -4.69412   0.103000
 31.11767   19.80456  -7.89849  -0.200000
-34.40861   -0.81740   0.99343  -0.200000
-34.80212   -2.23211   4.06798  -0.006000
-36.00412   -1.02846   5.22933   0.103000
-35.67733   -4.08547   3.86457   0.103000
-32.21906   -2.52095   5.33358  -0.006000
-31.01708   -3.72457   4.17221   0.103000
-31.34385   -0.66758   5.53699   0.103000
-32.61259   -3.93566   8.40811  -0.200000
 35.57957    1.96386 -11.06529  -0.200000
 35.90682    3.80999  -8.22029  -0.006000
 37.89118    4.27957  -7.93041   0.103000
 34.80915    5.54393  -8.39637   0.103000
 34.93937    2.28313  -5.96416  -0.006000
 32.95501    1.81353  -6.25407   0.103000
 36.03706    0.54917  -5.78808   0.103000
 35.26660    4.12926  -3.11914  -0.200000
-31.65531  -13.49873   7.05694  -0.200000
-31.82803  -10.59913   5.27606  -0.006000
-33.14188   -9.30596   6.19456   0.103000
-29.96078   -9.73428   5.18868   0.103000
-32.75200  -11.16766   2.59641  -0.006000
-31.43816  -12.46084   1.67791   0.103000
-34.61925  -12.03253   2.68379   0.103000
-32.92474   -8.26804   0.81553  -0.200000
 25.94008  -16.61687 -20.93363  -0.200000
 24.50453  -15.84450 -17.94163  -0.006000
 25.90576  -14.96665 -16.71353   0.103000
 22.94247  -14.53706 -18.24616   0.103000
 23.51135  -18.25785 -16.69783  -0.006000
 22.11010  -19.13571 -17.92590   0.103000
 25.07342  -19.56530 -16.39328   0.103000
 22.07578  -17.48550 -13.70581  -0.200000
 13.69137  -29.87149  -5.52176  -0.200000
 13.79876  -32.03040  -2.88799  -0.006000
 13.52702  -33.95598  -3.56652   0.103000
 15.62809  -31.88314  -1.95305   0.103000
 11.70243  -31.36617  -1.01134  -0.006000
 11.97417  -29.44059  -0.33284   0.103000
  9.87310  -31.51341  -1.94629   0.103000
 11.80982  -33.52506   1.62242  -0.200000
  0.53765    6.64874  35.35237  -0.200000
 -0.71768    5.25608  32.50745  -0.006000
  0.79945    4.32585  31.47050   0.103000
 -2.16243    3.87290  32.99921   0.103000
 -1.88551    7.32252  30.85711  -0.006000
 -3.40264    8.25276  31.89402   0.103000
 -0.44076    8.70572  30.36537   0.103000
 -3.14086    5.92989  28.01219  -0.200000
 12.96008  -18.03575 -21.00321  -0.200000
 14.79047  -20.89644 -20.72909  -0.006000
 13.66727  -22.34316 -19.78694   0.103000
 15.32254  -21.55431 -22.60694   0.103000
 17.17523  -20.37004 -19.18201  -0.006000
 18.29843  -18.92332 -20.12413   0.103000
 16.64318  -19.71217 -17.30413   0.103000
 19.00564  -23.23071 -18.90788  -0.200000
  8.18801  -28.94276  12.93986  -0.200000
  6.13747  -30.14605  15.38041  -0.006000
  6.88057  -31.93410  16.08240   0.103000
  6.03921  -28.78860  16.92633   0.103000
  3.49031  -30.56313  14.29587  -0.006000
  2.74719  -28.77507  13.59390   0.103000
  3.58857  -31.92057  12.74996   0.103000
  1.43976  -31.76641  16.73642  -0.200000
  9.56532  -25.14562 -20.61580  -0.200000
  7.39427  -26.51945 -18.37789  -0.006000
  8.41431  -27.05347 -16.67009   0.103000
  5.93429  -25.14583 -17.90493   0.103000
  6.16843  -28.86551 -19.54024  -0.006000
  5.14839  -28.33151 -21.24804   0.103000
  7.62843  -30.23915 -20.01320   0.103000
  3.99738  -30.23936 -17.30235  -0.200000
 25.12153   28.64870 -13.76452  -0.200000
 24.01725   27.23299 -16.66032  -0.006000
 23.72498   28.70110 -18.07504   0.103000
 25.41852   25.88789 -17.34544   0.103000
 21.52192   25.85790 -16.17029  -0.006000
 21.81420   24.38975 -14.75557   0.103000
 20.12065   27.20297 -15.48517   0.103000
 20.41764   24.44217 -19.06607  -0.200000
  4.08784  -32.52336  -8.08495  -0.200000
  5.74806  -32.47262 -11.05987  -0.006000
  5.89562  -34.39020 -11.79703   0.103000
  4.71761  -31.29812 -12.40176   0.103000
  8.39791  -31.38605 -10.66620  -0.006000
  8.25034  -29.46848  -9.92904   0.103000
  9.42837  -32.56055  -9.32431   0.103000
 10.05812  -31.33533 -13.64112  -0.200000
 24.68162   35.27676  -3.78990  -0.200000
 24.27982   31.93667  -4.32951  -0.006000
 26.11637   31.00591  -4.27405   0.103000
 23.06433   31.14575  -2.86687   0.103000
 23.06638   31.51816  -6.91984  -0.006000
 21.22984   32.44890  -6.97530   0.103000
 24.28187   32.30910  -8.38247   0.103000
 22.66460   28.17805  -7.45947  -0.200000
  6.84848   36.89913 -18.52797  -0.200000
  8.67377   34.49073 -16.95413  -0.006000
  7.84437   32.64356 -17.33145   0.103000
 10.61074   34.52989 -17.65327   0.103000
  8.66829   34.98480 -14.10571  -0.006000
  9.49771   36.83195 -13.72839   0.103000
  6.73134   34.94565 -13.40657   0.103000
 10.49357   32.57640 -12.53185  -0.200000
 -9.74759  -31.55468  12.47996  -0.200000
-10.10471  -29.09591  14.81147  -0.006000
-10.24179  -29.94035  16.68507   0.103000
 -8.47336  -27.84047  14.74141   0.103000
-12.50655  -27.58503  14.25848  -0.006000
-12.36945  -26.74059  12.38483   0.103000
-14.13787  -28.84047  14.32851   0.103000
-12.86367  -25.12625  16.58996  -0.200000
-17.98630  -11.77793 -27.57046  -0.200000
-15.74743   -9.25796 -27.07388  -0.006000
-16.68245   -7.44373 -27.35042   0.103000
-15.00794   -9.36420 -25.15445   0.103000
-13.57141   -9.51674 -28.95950  -0.006000
-12.63637  -11.33099 -28.68296   0.103000
-14.31088   -9.41050 -30.87894   0.103000
-11.33252   -6.99677 -28.46292  -0.200000
-27.11534   -8.40537 -15.69049  -0.200000
-29.06928   -5.61589 -15.59143  -0.006000
-28.10571   -4.13956 -14.52646   0.103000
-29.42519   -4.95785 -17.51037   0.103000
-31.58216   -6.24469 -14.30783  -0.006000
-32.54575   -7.72102 -15.37279   0.103000
-31.22625   -6.90275 -12.38887   0.103000
-33.53610   -3.45521 -14.20876  -0.200000
  4.25262  -20.09282 -23.37066  -0.200000
  4.55080  -22.96605 -25.17756  -0.006000
  5.25015  -24.47350 -23.96069   0.103000
  2.71055  -23.49417 -25.93700   0.103000
  6.40636  -22.54721 -27.35448  -0.006000
  5.70703  -21.03976 -28.57136   0.103000
  8.24663  -22.01909 -26.59502   0.103000
  6.70456  -25.42043 -29.16137  -0.200000
 12.66304   20.02171 -29.70366  -0.200000
  9.27559   20.19473 -29.38038  -0.006000
  8.73569   22.10063 -28.81623   0.103000
  8.38910   19.73433 -31.18162   0.103000
  8.40216   18.31145 -27.36841  -0.006000
  8.94205   16.40554 -27.93257   0.103000
  9.28863   18.77184 -25.56716   0.103000
  5.01471   18.48449 -27.04514  -0.200000
 27.54374  -17.44943  11.30621  -0.200000
 26.37510  -20.27240   9.79798  -0.006000
 27.30624  -21.92067  10.60941   0.103000
 24.34181  -20.41743  10.09274   0.103000
 26.93064  -20.15111   6.96351  -0.006000
 25.99948  -18.50284   6.15208   0.103000
 28.96391  -20.00610   6.66873   0.103000
 25.76199  -22.97408   5.45526  -0.200000
 12.91745   -2.48329  28.78316  -0.200000
 10.10849   -0.79979  29.72382  -0.006000
 10.53420    1.20859  29.88944   0.103000
  8.63626   -1.07575  28.31002   0.103000
  9.19272   -1.80327  32.27571  -0.006000
  8.76699   -3.81165  32.11009   0.103000
 10.66493   -1.52733  33.68949   0.103000
  6.38374   -0.11979  33.21636  -0.200000
  2.63415   36.54976   5.93021  -0.200000
 -0.26825   38.33451   5.91029  -0.006000
 -0.85854   38.66446   3.96480   0.103000
 -1.73152   37.27770   6.90239   0.103000
  0.15118   40.87098   7.23232  -0.006000
  0.74149   40.54103   9.17780   0.103000
  1.61447   41.92777   6.24022   0.103000
 -2.75120   42.65573   7.21240  -0.200000
 -5.29813   -9.97142 -27.69991  -0.200000
 -6.50357  -11.14918 -30.66118  -0.006000
 -6.54962  -13.20777 -30.61421   0.103000
 -8.40817  -10.42607 -30.96401   0.103000
 -4.78749  -10.27367 -32.81672  -0.006000
 -4.74144   -8.21507 -32.86368   0.103000
 -2.88289  -10.99679 -32.51387   0.103000
 -5.99291  -11.45142 -35.77798  -0.200000
-17.09386   15.69238 -26.80597  -0.200000
-16.09501   17.03299 -23.83702  -0.006000
-16.57887   15.74514 -22.30427   0.103000
-14.05703   17.32930 -23.86798   0.103000
-17.42959   19.56418 -23.42510  -0.006000
-16.94574   20.85203 -24.95786   0.103000
-19.46758   19.26789 -23.39413   0.103000
-16.43073   20.90479 -20.45615  -0.200000
 28.58564   10.56967 -19.81860  -0.200000
 27.76176    8.71886 -22.55810  -0.006000
 29.21749    8.93812 -23.99854   0.103000
 27.61381    6.73425 -22.02729   0.103000
 25.22527    9.62645 -23.60691  -0.006000
 23.76954    9.40719 -22.16645   0.103000
 25.37320   11.61106 -24.13770   0.103000
 24.40139    7.77564 -26.34639  -0.200000
-25.28609  -20.21323  -6.92477  -0.200000
-26.85992  -22.97867  -8.14317  -0.006000
-28.88123  -22.83766  -7.77356   0.103000
-26.54049  -23.11247 -10.17353   0.103000
-25.80627  -25.33737  -6.84540  -0.006000
-23.78498  -25.47838  -7.21501   0.103000
-26.12573  -25.20356  -4.81504   0.103000
-27.38013  -28.10282  -8.06380  -0.200000
 13.34746   -9.20367 -29.36765  -0.200000
 12.36733  -11.77288 -27.35573  -0.006000
 13.79115  -12.08820 -25.90123   0.103000
 10.56981  -11.30241 -26.46703   0.103000
 12.05987  -14.17270 -28.93819  -0.006000
 10.63608  -13.85738 -30.39267   0.103000
 13.85740  -14.64317 -29.82687   0.103000
 11.07975  -16.74192 -26.92625  -0.200000
-30.68830  -16.68411  14.52323  -0.200000
-27.30994  -16.44969  14.89803  -0.006000
-26.52907  -18.31815  15.27373   0.103000
-26.47822  -15.69168  13.17300   0.103000
-26.70572  -14.69098  17.11149  -0.006000
-27.48661  -12.82251  16.73579   0.103000
-27.53745  -15.44900  18.83654   0.103000
-23.32735  -14.45654  17.48632  -0.200000
-20.97175   32.15072  12.10400  -0.200000
-20.02462   28.96319  11.36109  -0.006000
-19.78704   28.77416   9.32393   0.103000
-18.24270   28.53876  12.30287   0.103000
-22.05647   27.11785  12.26869  -0.006000
-22.29403   27.30688  14.30585   0.103000
-23.83837   27.54229  11.32691   0.103000
-21.10932   23.93032  11.52580  -0.200000
 29.11138   30.87930   5.52350  -0.200000
 26.65655   29.04828   7.01691  -0.006000
 25.20798   30.31329   7.75426   0.103000
 25.81574   27.77140   5.63673   0.103000
 27.78708   27.51005   9.18791  -0.006000
 29.23563   26.24506   8.45055   0.103000
 28.62788   28.78695  10.56809   0.103000
 25.33225   25.67903  10.68130  -0.200000
 31.03794    2.32930  14.82358  -0.200000
 33.20228   -0.19351  15.57204  -0.006000
 34.91435    0.59402  16.40326   0.103000
 32.31768   -1.48253  16.91295   0.103000
 33.87825   -1.63155  13.15697  -0.006000
 32.16620   -2.41906  12.32572   0.103000
 34.76287   -0.34251  11.81606   0.103000
 36.04261   -4.15432  13.90544  -0.200000
  3.19551  -33.47417   6.95618  -0.200000
  6.26091  -33.30731   8.43415  -0.006000
  7.05350  -31.42590   8.16169   0.103000
  6.07364  -33.68870  10.44949   0.103000
  8.01399  -35.27240   7.24139  -0.006000
  7.22140  -37.15381   7.51385   0.103000
  8.20126  -34.89100   5.22606   0.103000
 11.07939  -35.10550   8.71935  -0.200000
 -1.67938  -31.39604 -13.77554  -0.200000
 -4.96873  -31.13507 -14.62486  -0.006000
 -5.84249  -29.62325 -13.53252   0.103000
 -5.12798  -30.71138 -16.63416   0.103000
 -6.31127  -33.63193 -14.05820  -0.006000
 -5.43750  -35.14375 -15.15052   0.103000
 -6.15202  -34.05562 -12.04889   0.103000
 -9.60060  -33.37098 -14.90750  -0.200000
-12.73959   31.68923  15.83957  -0.200000
-12.96579   28.83949  17.69345  -0.006000
-14.74164   27.88497  17.27223   0.103000
-11.39074   27.59425  17.23423   0.103000
-12.87580   29.50887  20.50440  -0.006000
-11.09993   30.46339  20.92560   0.103000
-14.45081   30.75410  20.96364   0.103000
-13.10200   26.65912  22.35826  -0.200000
-28.14751   -1.26734  16.05351  -0.200000
-29.21146    0.25018  18.91251  -0.006000
-28.32153   -0.64725  20.53881   0.103000
-28.69988    2.24469  18.86310   0.103000
-32.08349   -0.00189  19.12592  -0.006000
-32.97342    0.89556  17.49962   0.103000
-32.59507   -1.99640  19.17533   0.103000
-33.14744    1.51564  21.98494  -0.200000
 18.72628    7.60690 -29.06374  -0.200000
 16.80208    4.79595 -29.14020  -0.006000
 16.63987    4.02243 -27.23815   0.103000
 14.92763    5.26565 -29.85301   0.103000
 18.02842    2.83557 -30.87531  -0.006000
 18.19065    3.60907 -32.77734   0.103000
 19.90290    2.36588 -30.16250   0.103000
 16.10425    0.02464 -30.95177  -0.200000
 33.56439  -17.59284  -5.87312  -0.200000
 32.88326  -17.54529  -2.53495  -0.006000
 33.69514  -19.21553  -1.64425   0.103000
 33.69818  -15.85216  -1.69151   0.103000
 30.02004  -17.53709  -2.13575  -0.006000
 29.20816  -15.86686  -3.02647   0.103000
 29.20509  -19.23023  -2.97921   0.103000
 29.33889  -17.48955   1.20239  -0.200000
 18.69092   21.85882  25.49006  -0.200000
 17.67408   18.84516  26.71183  -0.006000
 17.20218   17.59288  25.14619   0.103000
 19.19019   18.00909  27.82746   0.103000
 15.34384   19.21889  28.38159  -0.006000
 15.81572   20.47118  29.94725   0.103000
 13.82771   20.05496  27.26595   0.103000
 14.32698   16.20523  29.60333  -0.200000
 40.79611  -11.76245  -4.07081  -0.200000
 37.57698  -11.75321  -2.95434  -0.006000
 36.49086  -13.17298  -3.97746   0.103000
 37.54695  -12.18465  -0.94065   0.103000
 36.41083   -9.14525  -3.39748  -0.006000
 37.49697   -7.72548  -2.37437   0.103000
 36.44089   -8.71381  -5.41119   0.103000
 33.19172   -9.13601  -2.28103  -0.200000
-21.78639  -29.06830   5.18949  -0.200000
-20.92420  -30.88912   2.44164  -0.006000
-19.58238  -32.35523   2.98223   0.103000
-22.60865  -31.76152   1.63926   0.103000
-19.71086  -29.15109   0.47581  -0.006000
-21.05272  -27.68498  -0.06478   0.103000
-18.02644  -28.27871   1.27821   0.103000
-18.84868  -30.97193  -2.27204  -0.200000
-10.47728   33.78615  -9.77510  -0.200000
 -7.86924   35.14813 -11.49333  -0.006000
 -8.03196   37.20124 -11.47532   0.103000
 -6.09609   34.59166 -10.60539   0.103000
 -7.91618   34.20276 -14.22491  -0.006000
 -7.75345   32.14965 -14.24294   0.103000
 -9.68934   34.75921 -15.11286   0.103000
 -5.30815   35.56474 -15.94315  -0.200000
-27.15504   -7.93779  20.83678  -0.200000
-24.47169   -9.11953  22.57238  -0.006000
-24.16901  -11.10214  22.10331   0.103000
-22.79611   -8.03147  22.07155   0.103000
-24.97131   -8.86684  25.40863  -0.006000
-25.27403   -6.88423  25.87770   0.103000
-26.64691   -9.95491  25.90947   0.103000
-22.28796  -10.04858  27.14423  -0.200000
 32.34601    6.68914 -13.26189  -0.200000
 33.57442    9.31525 -15.05174  -0.006000
 34.11007    8.67324 -16.93402   0.103000
 32.13003   10.77514 -15.20899   0.103000
 35.89391   10.39686 -13.70726  -0.006000
 35.35827   11.03887 -11.82500   0.103000
 37.33830    8.93695 -13.55004   0.103000
 37.12233   13.02295 -15.49711  -0.200000
-30.68626    9.66208   9.91624  -0.200000
-30.45280   12.46390  11.84099  -0.006000
-30.10838   11.92563  13.79901   0.103000
-28.89747   13.63335  11.16622   0.103000
-32.92281   13.95672  11.67324  -0.006000
-33.26723   14.49499   9.71520   0.103000
-34.47817   12.78727  12.34800   0.103000
-32.68937   16.75854  13.59798  -0.200000
 30.51762  -10.35385 -17.55314  -0.200000
 29.22569   -7.58682 -19.06445  -0.006000
 27.17626   -7.58572 -18.85947   0.103000
 30.00513   -5.89589 -18.18380   0.103000
 29.91223   -7.61342 -21.87254  -0.006000
 31.96164   -7.61452 -22.07752   0.103000
 29.13279   -9.30435 -22.75319   0.103000
 28.62030   -4.84639 -23.38383  -0.200000
 34.57411  -16.09576   4.96953  -0.200000
 33.74314  -15.20128   8.15056  -0.006000
 32.13716  -16.32521   8.78297   0.103000
 35.34763  -15.53255   9.39876   0.103000
 33.03950  -12.39795   8.21065  -0.006000
 34.64546  -11.27401   7.57824   0.103000
 31.43503  -12.06668   6.96245   0.103000
 32.20851  -11.50346  11.39168  -0.200000
 18.56849  -14.35064 -22.91102  -0.200000
 20.67190  -12.73910 -25.05282  -0.006000
 21.66509  -11.24276 -24.04448   0.103000
 22.03848  -14.07984 -25.81253   0.103000
 19.14408  -11.58905 -27.22086  -0.006000
 18.15090  -13.08539 -28.22918   0.103000
 17.77750  -10.24832 -26.46114   0.103000
 21.24749   -9.97751 -29.36264  -0.200000
 -7.00958   13.82193 -32.87364  -0.200000
 -4.00497   12.30822 -33.41247  -0.006000
 -4.17053   10.99469 -34.99023   0.103000
 -2.58598   13.73485 -33.85225   0.103000
 -3.21372   10.86394 -31.03645  -0.006000
 -3.04815   12.17749 -29.45870   0.103000
 -4.63272    9.43733 -30.59667   0.103000
 -0.20912    9.35025 -31.57528  -0.200000
-32.27373  -20.71019 -14.27057  -0.200000
-30.30098  -18.01055 -14.92598  -0.006000
-30.77510  -17.24685 -16.77912   0.103000
-30.61067  -16.56814 -13.48870   0.103000
-27.52473  -18.81640 -14.89854  -0.006000
-27.05060  -19.58011 -13.04538   0.103000
-27.21504  -20.25883 -16.33581   0.103000
-25.55197  -16.11677 -15.55394  -0.200000
 -9.16695   32.84049 -20.85700  -0.200000
-11.51042   30.64799 -22.00157  -0.006000
-13.12290   30.63492 -20.72022   0.103000
-12.13004   31.22306 -23.87975   0.103000
-10.36564   27.99675 -22.13538  -0.006000
 -8.75315   28.00984 -23.41673   0.103000
 -9.74602   27.42168 -20.25720   0.103000
-12.70913   25.80427 -23.27995  -0.200000
-35.32114    6.91058   6.38066  -0.200000
-35.50315    4.14307   8.35981  -0.006000
-37.46979    3.77762   8.85068   0.103000
-34.73525    2.52237   7.34697   0.103000
-33.97414    4.58238  10.77365  -0.006000
-32.00750    4.94785  10.28277   0.103000
-34.74203    6.20310  11.78651   0.103000
-34.15612    1.81489  12.75280  -0.200000
 -7.78304   -1.76058  33.80280  -0.200000
-10.09849   -4.19512  33.23601  -0.006000
-10.85349   -4.85728  35.03426   0.103000
-11.62894   -3.43363  32.08696   0.103000
 -8.85512   -6.40203  31.84281  -0.006000
 -8.10014   -5.73987  30.04457   0.103000
 -7.32469   -7.16354  32.99184   0.103000
-11.17055   -8.83657  31.27603  -0.200000
-27.23014    0.72029 -19.29898  -0.200000
-30.54769    1.21026 -19.90129  -0.006000
-31.55616   -0.57238 -19.68331   0.103000
-31.29239    2.58881 -18.56444   0.103000
-30.90280    2.19382 -22.59646  -0.006000
-29.89431    3.97646 -22.81442   0.103000
-30.15808    0.81525 -23.93331   0.103000
-34.22035    2.68379 -23.19875  -0.200000
 34.22058    5.11271  20.45504  -0.200000
 31.50206    5.78585  22.39554  -0.006000
 30.17252    4.21677  22.28359   0.103000
 32.09942    6.04208  24.34997   0.103000
 30.22167    8.20143  21.45576  -0.006000
 31.55117    9.77051  21.56771   0.103000
 29.62427    7.94522  19.50133   0.103000
 27.50315    8.87457  23.39626  -0.200000
-20.63097  -20.26539 -18.31657  -0.200000
-20.30346  -22.84860 -20.51405  -0.006000
-21.48071  -24.42422 -19.90258   0.103000
-20.89614  -22.23520 -22.38878   0.103000
-17.53949  -23.69104 -20.60591  -0.006000
-16.36223  -22.11545 -21.21737   0.103000
-16.94680  -24.30447 -18.73117   0.103000
-17.21197  -26.27426 -22.80336  -0.200000
-16.01826  -34.23443 -10.68648  -0.200000
-16.32846  -31.83045 -13.08106  -0.006000
-15.59629  -32.54343 -14.86929   0.103000
-18.31489  -31.33262 -13.30156   0.103000
-14.83036  -29.48680 -12.29335  -0.006000
-15.56256  -28.77380 -10.50510   0.103000
-12.84396  -29.98459 -12.07284   0.103000
-15.14058  -27.08278 -14.68793  -0.200000
 19.24361   40.02684  -1.54049  -0.200000
 16.65480   38.76233  -3.35918  -0.006000
 15.36608   37.75238  -2.10965   0.103000
 15.64835   40.30264  -4.28471   0.103000
 17.67981   36.94347  -5.35885  -0.006000
 18.96854   37.95341  -6.60837   0.103000
 18.68625   35.40315  -4.43334   0.103000
 15.09099   35.67896  -7.17754  -0.200000
-19.04672   25.84501 -15.65307  -0.200000
-20.33315   27.04096 -18.57270  -0.006000
-18.79510   27.60410 -19.82151   0.103000
-21.45393   25.57185 -19.48249   0.103000
-22.01164   29.32902 -18.02049  -0.006000
-23.54969   28.76588 -16.77170   0.103000
-20.89087   30.79815 -17.11071   0.103000
-23.29807   30.52497 -20.94011  -0.200000
-36.64965   -4.24752  16.44527  -0.200000
-35.17646   -6.85670  14.82322  -0.006000
-35.65909   -8.61823  15.77523   0.103000
-35.84618   -6.92192  12.87663   0.103000
-32.30680   -6.50686  14.84270  -0.006000
-31.82416   -4.74533  13.89070   0.103000
-31.63708   -6.44164  16.78929   0.103000
-30.83362   -9.11604  13.22066  -0.200000
-20.11175   -3.26518 -26.26991  -0.200000
-21.25256   -2.14374 -29.27823  -0.006000
-19.71432   -1.23118 -30.29955   0.103000
-21.96119   -3.73302 -30.38009   0.103000
-23.38661   -0.24090 -28.85098  -0.006000
-24.92486   -1.15349 -27.82964   0.103000
-22.67798    1.34838 -27.74908   0.103000
-24.52744    0.88054 -31.85929  -0.200000
 20.63479  -29.32647  18.22410  -0.200000
 17.49645  -29.05186  16.92620  -0.006000
 17.61879  -28.53810  14.93537   0.103000
 16.51611  -30.85375  17.11173   0.103000
 16.03625  -27.00953  18.35945  -0.006000
 15.91388  -27.52329  20.35029   0.103000
 17.01655  -25.20764  18.17395   0.103000
 12.89789  -26.73490  17.06156  -0.200000
 35.87275    9.43521   9.05957  -0.200000
 35.64522   11.18007  11.97727  -0.006000
 37.34602   12.31279  12.23482   0.103000
 33.99952   12.41680  11.91166   0.103000
 35.37463    9.33398  14.18549  -0.006000
 33.67382    8.20126  13.92796   0.103000
 37.02034    8.09725  14.25112   0.103000
 35.14711   11.07886  17.10319  -0.200000
 -0.35313   33.19419  24.32438  -0.200000
 -2.11776   33.41622  21.41814  -0.006000
 -1.70618   35.21340  20.50009   0.103000
 -1.58244   31.86832  20.16931   0.103000
 -4.94630   33.25468  21.99350  -0.006000
 -5.35786   31.45752  22.91157   0.103000
 -5.48162   34.80259  23.24233   0.103000
 -6.71093   33.47671  19.08727  -0.200000
$end
