$coord
    1.25927522800080      2.28001327894453     -0.03534591002103      c
    2.55116382203448      0.00000200783401     -0.03367161266729      c
    1.25927900745307     -2.28001115300264     -0.03535724837782      c
   -1.33644502922639     -2.27982218038935     -0.03853009855494      c
   -2.68576995934299     -0.00000177161825     -0.03902520680175      c
   -1.33644691895252      2.27982052687897     -0.03851687047201      c
    2.30551832202067      4.03075383420870     -0.03226565642442      h
    2.30552399119907     -4.03074981854067     -0.03228455368575      h
   -2.35484678813045     -4.05309771978818     -0.04361913103080      h
   -2.35485434703498      4.05309228682554     -0.04359456459107      h
    5.28605673977029      0.00000011810788     -0.02677600200839      n
    6.37712224793608     -2.02807286496632     -0.02385070595468      o
    6.37712602738835      2.02807121145595     -0.02388283129894      o
   -5.26155738532050      0.00000011810788     -0.10505223788478      n
   -6.19557531348669     -1.60862547305876      0.27588253543458      h
   -6.19556964430829      1.60862759900065      0.27589009433911      h
$redundant
     number_of_atoms            16
     degrees_of_freedom         42
     internal_coordinates       42
     frozen_coordinates          0
# definitions of redundant internals
   1 k  1.0000000000000 stre    1    7           val=   2.03954
   2 k  0.7071067877065 bend    6    7    1      val=   0.63303
       -0.7071067746666 bend    2    7    1
   3 k  1.0000000000000 outp    7    2    6    1 val=  -0.05270
   4 k  1.0000000000000 stre    3    8           val=   2.03954
   5 k  0.7071067877039 bend    4    8    3      val=   0.63302
       -0.7071067746692 bend    2    8    3
   6 k  1.0000000000000 outp    8    2    4    3 val=   0.05269
   7 k  1.0000000000000 stre    4    9           val=   2.04491
   8 k  0.7071067958712 bend    3    9    4      val=   0.17671
       -0.7071067665019 bend    5    9    4
   9 k  1.0000000000000 outp    9    5    3    4 val=   0.08255
  10 k  1.0000000000000 stre    6   10           val=   2.04491
  11 k  0.7071067958782 bend    1   10    6      val=   0.17683
       -0.7071067664949 bend    5   10    6
  12 k  1.0000000000000 outp   10    5    1    6 val=  -0.08257
  13 k  1.0000000000000 tors   12   11    2    1 val=  89.99940
        1.0000000000000 tors   12   11    2    3
        1.0000000000000 tors   13   11    2    1
        1.0000000000000 tors   13   11    2    3
  14 k  1.0000000000000 stre   11   12           val=   2.30294
  15 k  1.0000000000000 stre   11   13           val=   2.30294
  16 k  0.8164965813625 bend   13   12   11      val=   2.58066
       -0.4082481357526 bend    2   12   11
       -0.4082484443055 bend    2   13   11
  17 k  0.0000001781432 bend   13   12   11      val=   0.00001
       -0.7071068702579 bend    2   12   11
        0.7071066921151 bend    2   13   11
  18 k  1.0000000000000 outp   13   12    2   11 val=  -0.00788
  19 k  1.0000000000000 tors   15   14    5    4 val=  90.00005
        1.0000000000000 tors   15   14    5    6
        1.0000000000000 tors   16   14    5    4
        1.0000000000000 tors   16   14    5    6
  20 k  1.0000000000000 stre   14   15           val=   1.89873
  21 k  1.0000000000000 stre   14   16           val=   1.89873
  22 k  0.8191697538863 bend   16   15   14      val=  -1.06969
       -0.4055622554697 bend    5   15   14
       -0.4055615505151 bend    5   16   14
  23 k  0.0000007939092 bend   16   15   14      val=   0.00016
        0.7071069684182 bend    5   15   14
       -0.7071065939544 bend    5   16   14
  24 k  1.0000000000000 outp   15    5   16   14 val=  24.42165
  25 k  1.0000000000000 stre    2   11           val=   2.73490
  26 k -0.7071067811854 bend    3   11    2      val=   0.00009
        0.7071067811877 bend    1   11    2
  27 k  1.0000000000000 outp   11    1    3    2 val=   0.06995
  28 k  1.0000000000000 stre    5   14           val=   2.57663
  29 k  0.7071067816226 bend    4   14    5      val=   0.00007
       -0.7071067807505 bend    6   14    5
  30 k  1.0000000000000 outp   14    6    4    5 val=   1.44708
  31 k  1.0000000000000 stre    1    6           val=   2.59572
  32 k  1.0000000000000 stre    6    5           val=   2.64920
  33 k  1.0000000000000 stre    5    4           val=   2.64920
  34 k  1.0000000000000 stre    4    3           val=   2.59573
  35 k  1.0000000000000 stre    3    2           val=   2.62058
  36 k  1.0000000000000 stre    2    1           val=   2.62058
  37 k -0.5000000000000 bend    1    5    6      val=   0.05846
       -0.5000000000000 bend    6    4    5
        1.0000000000000 bend    5    3    4
       -0.5000000000000 bend    4    2    3
       -0.5000000000000 bend    3    1    2
        1.0000000000000 bend    2    6    1
  38 k  0.8660254037844 bend    1    5    6      val=   0.11693
       -0.8660254037844 bend    6    4    5
        0.8660254037844 bend    4    2    3
       -0.8660254037844 bend    3    1    2
  39 k -1.0000000000000 bend    1    5    6      val=  -0.72472
        1.0000000000000 bend    6    4    5
       -1.0000000000000 bend    5    3    4
        1.0000000000000 bend    4    2    3
       -1.0000000000000 bend    3    1    2
        1.0000000000000 bend    2    6    1
  40 k -0.5000000000000 tors    6    5    4    3 val=  -0.02315
       -0.5000000000000 tors    5    4    3    2
        1.0000000000000 tors    4    3    2    1
       -0.5000000000000 tors    3    2    1    6
       -0.5000000000000 tors    2    1    6    5
        1.0000000000000 tors    1    6    5    4
  41 k  0.8660254037844 tors    6    5    4    3 val=   0.01548
       -0.8660254037844 tors    5    4    3    2
        0.8660254037844 tors    3    2    1    6
       -0.8660254037844 tors    2    1    6    5
  42 k -1.0000000000000 tors    6    5    4    3 val=  -0.02591
        1.0000000000000 tors    5    4    3    2
       -1.0000000000000 tors    4    3    2    1
        1.0000000000000 tors    3    2    1    6
       -1.0000000000000 tors    2    1    6    5
        1.0000000000000 tors    1    6    5    4
        42 non zero eigenvalues  of BmBt
           1          11.066560914    1    0
         1
           2           5.633823937    2    0
         2
           3           5.129983833    3    0
         3
           4           4.606034390    4    0
         4
           5           4.472641234    5    0
         5
           6           4.095340640    6    0
         6
           7           3.866031841    7    0
         7
           8           3.551418025    8    0
         8
           9           3.380723317    9    0
         9
          10           3.307540627   10    0
        10
          11           3.253868687   11    0
        11
          12           2.767472295   12    0
        12
          13           2.678297873   13    0
        13
          14           2.406690149   14    0
        14
          15           2.336832571   15    0
        15
          16           1.953918348   16    0
        16
          17           1.930961199   17    0
        17
          18           1.670738761   18    0
        18
          19           1.518478274   19    0
        19
          20           1.448592389   20    0
        20
          21           1.255084982   21    0
        21
          22           1.121709710   22    0
        22
          23           0.936137310   23    0
        23
          24           0.813729588   24    0
        24
          25           0.631621992   25    0
        25
          26           0.596354009   26    0
        26
          27           0.439194492   27    0
        27
          28           0.408860605   28    0
        28
          29           0.396601651   29    0
        29
          30           0.384382201   30    0
        30
          31           0.361348443   31    0
        31
          32           0.351946670   32    0
        32
          33           0.342155080   33    0
        33
          34           0.331201122   34    0
        34
          35           0.269469845   35    0
        35
          36           0.177935323   36    0
        36
          37           0.116947239   37    0
        37
          38           0.106778024   38    0
        38
          39           0.087856992   39    0
        39
          40           0.081093476   40    0
        40
          41           0.046279157   41    0
        41
          42           0.024520802   42    0
        42
$user-defined bonds
$end
