# Electronic excitation spectrum of , IRREP a   
# singlet excitations
# excitation energy / eV  oscillator strength (length rep.) (veloc. rep.) (mixed rep.) 
 0.37548096542494E+01   0.80959302053641E-09   0.17773981070948E-08   0.10751019795449E-08
 0.40390199537245E+01   0.49035325054657E+00   0.65326778703247E+00   0.56596952879691E+00
 0.44936094676995E+01   0.53717208226689E-03   0.12415292599490E-02   0.81662731445575E-03
 0.46494740526674E+01   0.11879228401564E-01   0.16741532973196E-01   0.14102357229224E-01
 0.54432906648244E+01   0.11690374795096E-01   0.33966042323683E-02   0.63013868446770E-02
 0.57028750122994E+01   0.20659792403365E-03   0.16762552505399E-02   0.57956197021085E-03
 0.58673720390366E+01   0.33496280863473E+00   0.44339739349842E+00   0.38538504806510E+00
 0.61705468384945E+01   0.11429760826263E-01   0.23436293169771E-01   0.16364151366760E-01
 0.64607950260563E+01   0.87822232307347E-02   0.12633571177437E-01   0.10500003080538E-01
 0.65848209709775E+01   0.61961623966751E-04   0.39827172329571E-04   0.49676241181912E-04
 0.68743583175574E+01   0.20647028928271E-03   0.42330330216388E-03   0.29020514117193E-03
 0.69447689016386E+01   0.63879637075885E+00   0.64126221911424E+00   0.64001791337572E+00
 0.69935219080138E+01   0.46236653351338E-02   0.64113700805752E-02   0.53798783884285E-02
 0.71222515518008E+01   0.24817183355453E-01   0.12287852365157E-01   0.17447225621557E-01
 0.73435185881052E+01   0.48328557047730E-03   0.49294793404492E-03   0.48809281931324E-03
# Electronic excitation spectrum of , IRREP a   
# singlet excitations
# excitation energy / eV  oscillator strength (length rep.) (veloc. rep.) (mixed rep.) 
 0.37476214570588E+01   0.78972163062495E-09   0.17733065628268E-08   0.10618452058781E-08
 0.40688183554978E+01   0.49141753106968E+00   0.65081145090353E+00   0.56551712662875E+00
 0.44867799296933E+01   0.52979504205686E-03   0.12159178839138E-02   0.80259021156179E-03
 0.46506874187093E+01   0.12724003745655E-01   0.17679758425164E-01   0.14998576526676E-01
 0.54578368767679E+01   0.81283702181932E-02   0.14000800969417E-02   0.33734647386779E-02
 0.56999787659412E+01   0.21778633353529E-03   0.17279171685926E-02   0.60629770429131E-03
 0.58736291695131E+01   0.34123631355169E+00   0.44720882389543E+00   0.39064547786248E+00
 0.61851213303067E+01   0.10357639696718E-01   0.21820408375109E-01   0.15030900942469E-01
 0.64607060223943E+01   0.87582286249898E-02   0.12619862715118E-01   0.10477484120653E-01
 0.65837285982727E+01   0.75111996044460E-04   0.51044596325389E-04   0.61919667428818E-04
 0.68291086241326E+01   0.15413158782364E-03   0.36439117641628E-03   0.23499883521799E-03
 0.69440333791229E+01   0.63584595527251E+00   0.63905853803973E+00   0.63743977715474E+00
 0.69894262697123E+01   0.52188328565530E-02   0.69940837594666E-02   0.59698592260847E-02
 0.71499881010023E+01   0.27004108229200E-01   0.13789633183542E-01   0.19283526573435E-01
 0.73469934196861E+01   0.37898453716381E-03   0.37460609066336E-03   0.37678893299691E-03
# Electronic excitation spectrum of , IRREP a   
# singlet excitations
# excitation energy / eV  oscillator strength (length rep.) (veloc. rep.) (mixed rep.) 
 0.37466839983938E+01   0.76955535022075E-09   0.17405627110457E-08   0.10358891071255E-08
 0.40720009253030E+01   0.49157235587540E+00   0.65061121227235E+00   0.56551918128193E+00
 0.44856958004578E+01   0.52898817043640E-03   0.12132881826307E-02   0.80111084000253E-03
 0.46508337025703E+01   0.12812073410635E-01   0.17779924555066E-01   0.15092968034061E-01
 0.54593308321972E+01   0.77664167385064E-02   0.12297043688272E-02   0.30903544899741E-02
 0.56997125479490E+01   0.21775430508410E-03   0.17290230239753E-02   0.60663624462454E-03
 0.58742900616081E+01   0.34189624488221E+00   0.44762660255831E+00   0.39120564085904E+00
 0.61865773290041E+01   0.10241389218187E-01   0.21647698701502E-01   0.14887021607298E-01
 0.64610438806326E+01   0.87670196278018E-02   0.12632662981023E-01   0.10487796599917E-01
 0.65837668135663E+01   0.76514541348910E-04   0.52271649952001E-04   0.63241786405328E-04
 0.68241642679487E+01   0.15157519399097E-03   0.36127437671342E-03   0.23220506946114E-03
 0.69439842680652E+01   0.63558769756052E+00   0.63888115446579E+00   0.63722185587329E+00
 0.69892905822120E+01   0.52336665044338E-02   0.70059952837835E-02   0.59833324318735E-02
 0.71528073380747E+01   0.27138652084302E-01   0.13881984161513E-01   0.19396335407802E-01
 0.73469705605214E+01   0.38956611026758E-03   0.38515363969730E-03   0.38735356906374E-03
# Electronic excitation spectrum of , IRREP a   
# singlet excitations
# excitation energy / eV  oscillator strength (length rep.) (veloc. rep.) (mixed rep.) 
 0.37465819128250E+01   0.77036171714031E-09   0.17453357882464E-08   0.10381171718223E-08
 0.40724113128177E+01   0.49158350061948E+00   0.65057917769944E+00   0.56551166845174E+00
 0.44855807885656E+01   0.52889846923514E-03   0.12129970471733E-02   0.80094678156954E-03
 0.46508556630547E+01   0.12821573392765E-01   0.17789945164503E-01   0.15102816723565E-01
 0.54595274440706E+01   0.77265778934954E-02   0.12114582007756E-02   0.30594640323461E-02
 0.56996497557021E+01   0.21781893520760E-03   0.17293708064200E-02   0.60681253288201E-03
 0.58743923873136E+01   0.34197608481524E+00   0.44767330128055E+00   0.39127172369501E+00
 0.61867637662207E+01   0.10227070140147E-01   0.21625964681659E-01   0.14869138736932E-01
 0.64611121582006E+01   0.87687570884868E-02   0.12634985510984E-01   0.10489771398953E-01
 0.65837520904805E+01   0.76684180238192E-04   0.52417539041619E-04   0.63400144761251E-04
 0.68236151330079E+01   0.15128684444577E-03   0.36090987979351E-03   0.23188419160548E-03
 0.69439755744166E+01   0.63556588950220E+00   0.63886617942588E+00   0.63720345809597E+00
 0.69892887972162E+01   0.52330159343246E-02   0.70049259991329E-02   0.59824786683383E-02
 0.71531540157310E+01   0.27153980087732E-01   0.13892591939852E-01   0.19409246660862E-01
 0.73469537957536E+01   0.38946784968528E-03   0.38449749149700E-03   0.38697466727671E-03
