Header
  1      1(1)a  3.72600  0.00000 0.033020 0.046180 0.237020 0.000100 0.531670 0.020400 0.100690
  2      2(1)a  4.28000  0.43900 0.045720 0.413920 0.135890 0.013170 0.049670 0.281530 0.049420
  3      3(1)a  4.42900  0.00300 0.031790 0.061460 0.240210 0.000060 0.518520 0.025740 0.081110
  4      4(1)a  4.65100  0.01300 0.033440 0.080780 0.208210 0.003240 0.001710 0.603500 0.048680
  5      5(1)a  5.57900  0.01400 0.049760 0.221110 0.172530 0.002180 0.183150 0.280480 0.060810
  6      6(1)a  5.73500  0.00100 0.228720 0.005390 0.199700 0.110340 0.004250 0.297940 0.064500
  7      7(1)a  5.99200  0.32800 0.041350 0.137650 0.214910 0.001230 0.304250 0.163670 0.082300
  8      8(1)a  6.25700  0.00500 0.050200 0.220100 0.154000 0.019370 0.038010 0.334760 0.130410
  9      9(1)a  6.49200  0.00000 0.026050 0.001610 0.780150 0.000080 0.018210 0.066870 0.074710
 10     10(1)a  6.61100  0.00800 0.125550 0.050010 0.176690 0.047570 0.006110 0.386660 0.075600
