3
     1(1)a  0.89931  0.53167  0.23636  0.03036  0.04507  0.02040  0.00266  0.00111  0.00066  0.00010
     2(1)a  0.95058  0.04967  0.04394  0.00628  0.30986  0.28153  0.03944  0.10406  0.09195  0.01317
     3(1)a  0.91889  0.51852  0.23976  0.02886  0.06081  0.02574  0.00293  0.00065  0.00045  0.00006
     4(1)a  0.95132  0.00171  0.06974  0.00175  0.07826  0.60350  0.03169  0.00252  0.13847  0.00324
     5(1)a  0.93919  0.18315  0.13115  0.01622  0.21980  0.28048  0.03354  0.00131  0.04138  0.00218
     6(1)a  0.93550  0.00425  0.04141  0.02489  0.00401  0.29794  0.20383  0.00138  0.15829  0.11034
     7(1)a  0.91770  0.30425  0.17989  0.02305  0.13663  0.16367  0.01830  0.00102  0.03502  0.00123
     8(1)a  0.86959  0.03801  0.03685  0.00474  0.19561  0.33476  0.04546  0.02449  0.11715  0.01937
     9(1)a  0.92529  0.01821  0.77861  0.02392  0.00157  0.06687  0.00213  0.00004  0.00154  0.00008
    10(1)a  0.92440  0.00611  0.05050  0.01257  0.03910  0.38666  0.11298  0.01091  0.12619  0.04757
