Header
  1      1(1)a  3.70600  0.00000 0.022500 0.049540 0.228910 0.000030 0.610250 0.018610 0.050120
  2      2(1)a  4.22200  0.43200 0.041750 0.441360 0.128350 0.012050 0.052800 0.265070 0.046350
  3      3(1)a  4.43200  0.00000 0.027520 0.063700 0.234380 0.000030 0.569330 0.022940 0.059350
  4      4(1)a  4.62800  0.01400 0.029790 0.073560 0.212290 0.002790 0.001770 0.605930 0.049830
  5      5(1)a  5.55800  0.00600 0.042940 0.236440 0.164140 0.001290 0.237180 0.254210 0.046840
  6      6(1)a  5.98200  0.35200 0.039030 0.145220 0.205990 0.001010 0.352550 0.173870 0.062000
  7      7(1)a  6.04800  0.00000 0.144860 0.012310 0.186490 0.065420 0.001430 0.322900 0.059470
  8      8(1)a  6.20900  0.00500 0.063330 0.216400 0.155210 0.022270 0.036000 0.333300 0.104360
  9      9(1)a  6.52200  0.00700 0.139320 0.052280 0.182390 0.062880 0.007590 0.311940 0.087520
 10     10(1)a  6.83100  0.00400 0.038770 0.102000 0.178540 0.010820 0.008710 0.383520 0.062070
