3
     1(1)a  0.94988  0.61025  0.22855  0.02079  0.04870  0.01861  0.00171  0.00084  0.00036  0.00003
     2(1)a  0.95365  0.05280  0.04126  0.00571  0.32998  0.26507  0.03604  0.11138  0.08709  0.01205
     3(1)a  0.94065  0.56933  0.23417  0.02533  0.06348  0.02294  0.00219  0.00022  0.00021  0.00003
     4(1)a  0.95017  0.00177  0.07067  0.00151  0.07088  0.60593  0.02828  0.00268  0.14162  0.00279
     5(1)a  0.95316  0.23718  0.12447  0.01509  0.23492  0.25421  0.02785  0.00152  0.03967  0.00129
     6(1)a  0.93800  0.35255  0.17220  0.01959  0.14372  0.17387  0.01944  0.00150  0.03379  0.00101
     7(1)a  0.94053  0.00143  0.04285  0.01627  0.00881  0.32290  0.12859  0.00350  0.14364  0.06542
     8(1)a  0.89564  0.03600  0.03785  0.00647  0.19089  0.33330  0.05686  0.02551  0.11736  0.02227
     9(1)a  0.91248  0.00759  0.06634  0.01670  0.04133  0.31194  0.12262  0.01095  0.11605  0.06288
    10(1)a  0.93793  0.00871  0.04978  0.00469  0.07333  0.38352  0.03408  0.02867  0.12876  0.01082
