Header
  1      1(1)a  3.73800  0.00000 0.015470 0.039620 0.167020 0.000010 0.663750 0.011380 0.102770
  2      2(1)a  4.01700  0.49100 0.030980 0.403550 0.130090 0.016400 0.068030 0.232280 0.118670
  3      3(1)a  4.46300  0.00100 0.016600 0.054290 0.168520 0.000000 0.644330 0.017650 0.098600
  4      4(1)a  4.64900  0.01300 0.028960 0.066800 0.216120 0.003710 0.000950 0.581900 0.101570
  5      5(1)a  5.46400  0.00600 0.028850 0.220700 0.142060 0.001760 0.254350 0.239530 0.112730
  6      6(1)a  5.60800  0.00000 0.215380 0.006990 0.218830 0.145650 0.000980 0.332680 0.079480
  7      7(1)a  5.88600  0.34800 0.026950 0.141990 0.169260 0.001670 0.394440 0.154310 0.111380
  8      8(1)a  6.17800  0.00800 0.047010 0.205720 0.220330 0.038380 0.046870 0.339140 0.102540
  9     10(1)a  6.42100  0.00000 0.123300 0.032440 0.255200 0.073890 0.003690 0.427650 0.083830
 10      9(1)a  6.42300  0.00900 0.135750 0.078950 0.205970 0.099890 0.011650 0.382770 0.085020
 11     11(1)a  6.61200  0.00000 0.008640 0.001340 0.742930 0.000020 0.015770 0.066140 0.165140
 12     13(1)a  6.89400  0.00400 0.029830 0.044050 0.290540 0.017040 0.005740 0.526870 0.085930
 13     12(1)a  6.93500  0.63500 0.017960 0.014060 0.058830 0.008570 0.001480 0.814910 0.084190
 14     14(1)a  7.11800  0.02900 0.047760 0.359380 0.125070 0.005270 0.036800 0.283170 0.142550
 15     15(1)a  7.31300  0.00100 0.104050 0.035600 0.020740 0.002010 0.002930 0.754570 0.080100
