$coord
   -1.25887897605232     -2.28332963019986     -0.02494863683789      c
   -2.55749310539293     -0.00000000000000     -0.02369196895952      c
   -1.25887708632618      2.28332963019986     -0.02495430601629      c
    1.33208861995066      2.28500770700586     -0.02695174653875      c
    2.68682383598572     -0.00000000000000     -0.02643774103060      c
    1.33208673022453     -2.28500770700586     -0.02694607736035      c
   -2.29779371212886     -4.03823136240865     -0.02237105039263      h
   -2.29779182240272      4.03823325213478     -0.02238049902330      h
    2.35121792341589      4.05719665387829     -0.02923453570727      h
    2.35121792341589     -4.05719476415215     -0.02922319735047      h
   -5.27331868644793     -0.00000000000000     -0.01799633439500      n
   -6.38120464692253      2.02694481657287     -0.01556803631424      o
   -6.38120275719640     -2.02694670629900     -0.01558315412331      o
    5.24411273284841     -0.00000000000000     -0.07034741745433      n
    6.20450745837742      1.61720305808381      0.18832018534119      h
    6.20450556865128     -1.61720494780994      0.18831451616279      h
$redundant
     number_of_atoms            16
     degrees_of_freedom         42
     internal_coordinates       42
     frozen_coordinates          0
# definitions of redundant internals
   1 k  1.0000000000000 stre    1    7           val=   2.03937
   2 k  0.7071067879404 bend    6    7    1      val=   0.42159
       -0.7071067744327 bend    2    7    1
   3 k  1.0000000000000 outp    7    2    6    1 val=  -0.05544
   4 k  1.0000000000000 stre    3    8           val=   2.03937
   5 k  0.7071067879444 bend    4    8    3      val=   0.42158
       -0.7071067744287 bend    2    8    3
   6 k  1.0000000000000 outp    8    2    4    3 val=   0.05545
   7 k  1.0000000000000 stre    4    9           val=   2.04433
   8 k  0.7071067813654 bend    3    9    4      val=   0.25183
       -0.7071067810077 bend    5    9    4
   9 k  1.0000000000000 outp    9    5    3    4 val=   0.00811
  10 k  1.0000000000000 stre    6   10           val=   2.04433
  11 k  0.7071067813638 bend    1   10    6      val=   0.25192
       -0.7071067810092 bend    5   10    6
  12 k  1.0000000000000 outp   10    5    1    6 val=  -0.00807
  13 k  1.0000000000000 tors   12   11    2    1 val=  89.99972
        1.0000000000000 tors   12   11    2    3
        1.0000000000000 tors   13   11    2    1
        1.0000000000000 tors   13   11    2    3
  14 k  1.0000000000000 stre   11   12           val=   2.30996
  15 k  1.0000000000000 stre   11   13           val=   2.30996
  16 k  0.8164965810686 bend   13   12   11      val=   2.00981
       -0.4082494929210 bend    2   12   11
       -0.4082470877215 bend    2   13   11
  17 k  0.0000013886427 bend   13   12   11      val=   0.00004
        0.7071060868643 bend    2   12   11
       -0.7071074755068 bend    2   13   11
  18 k  1.0000000000000 outp   12    2   13   11 val=  -0.00483
  19 k  1.0000000000000 tors   16   14    5    4 val=  90.00017
        1.0000000000000 tors   16   14    5    6
        1.0000000000000 tors   15   14    5    4
        1.0000000000000 tors   15   14    5    6
  20 k  1.0000000000000 stre   14   16           val=   1.89858
  21 k  1.0000000000000 stre   14   15           val=   1.89858
  22 k  0.8175906022726 bend   15   16   14      val=  -1.46752
       -0.4071519066669 bend    5   16   14
       -0.4071522221148 bend    5   15   14
  23 k  0.0000002193875 bend   15   16   14      val=   0.00004
       -0.7071068348350 bend    5   16   14
        0.7071067275380 bend    5   15   14
  24 k  1.0000000000000 outp   15   16    5   14 val= -16.60105
  25 k  1.0000000000000 stre    2   11           val=   2.71583
  26 k -0.7071067811865 bend    1   11    2      val=   0.00002
        0.7071067811866 bend    3   11    2
  27 k  1.0000000000000 outp   11    3    1    2 val=  -0.06459
  28 k  1.0000000000000 stre    5   14           val=   2.55767
  29 k -0.7071067811740 bend    4   14    5      val=   0.00002
        0.7071067811991 bend    6   14    5
  30 k  1.0000000000000 outp   14    6    4    5 val=   1.00531
  31 k  1.0000000000000 stre    1    6           val=   2.59097
  32 k  1.0000000000000 stre    6    5           val=   2.65642
  33 k  1.0000000000000 stre    5    4           val=   2.65642
  34 k  1.0000000000000 stre    4    3           val=   2.59097
  35 k  1.0000000000000 stre    3    2           val=   2.62678
  36 k  1.0000000000000 stre    2    1           val=   2.62678
  37 k -0.5000000000000 bend    1    5    6      val=   0.10926
       -0.5000000000000 bend    6    4    5
        1.0000000000000 bend    5    3    4
       -0.5000000000000 bend    4    2    3
       -0.5000000000000 bend    3    1    2
        1.0000000000000 bend    2    6    1
  38 k  0.8660254037844 bend    1    5    6      val=   0.21855
       -0.8660254037844 bend    6    4    5
        0.8660254037844 bend    4    2    3
       -0.8660254037844 bend    3    1    2
  39 k -1.0000000000000 bend    1    5    6      val=  -0.66482
        1.0000000000000 bend    6    4    5
       -1.0000000000000 bend    5    3    4
        1.0000000000000 bend    4    2    3
       -1.0000000000000 bend    3    1    2
        1.0000000000000 bend    2    6    1
  40 k -0.5000000000000 tors    6    5    4    3 val=  -0.03359
       -0.5000000000000 tors    5    4    3    2
        1.0000000000000 tors    4    3    2    1
       -0.5000000000000 tors    3    2    1    6
       -0.5000000000000 tors    2    1    6    5
        1.0000000000000 tors    1    6    5    4
  41 k  0.8660254037844 tors    6    5    4    3 val=   0.02239
       -0.8660254037844 tors    5    4    3    2
        0.8660254037844 tors    3    2    1    6
       -0.8660254037844 tors    2    1    6    5
  42 k -1.0000000000000 tors    6    5    4    3 val=  -0.03195
        1.0000000000000 tors    5    4    3    2
       -1.0000000000000 tors    4    3    2    1
        1.0000000000000 tors    3    2    1    6
       -1.0000000000000 tors    2    1    6    5
        1.0000000000000 tors    1    6    5    4
        42 non zero eigenvalues  of BmBt
           1          11.055172890    1    0
         1
           2           5.633455778    2    0
         2
           3           5.128479765    3    0
         3
           4           4.613309333    4    0
         4
           5           4.476808439    5    0
         5
           6           4.095560127    6    0
         6
           7           3.893237102    7    0
         7
           8           3.550137505    8    0
         8
           9           3.387821403    9    0
         9
          10           3.295910268   10    0
        10
          11           3.261451915   11    0
        11
          12           2.772043699   12    0
        12
          13           2.706087179   13    0
        13
          14           2.472150645   14    0
        14
          15           2.342091687   15    0
        15
          16           1.965845987   16    0
        16
          17           1.929606580   17    0
        17
          18           1.673008991   18    0
        18
          19           1.530945876   19    0
        19
          20           1.451546042   20    0
        20
          21           1.265517699   21    0
        21
          22           1.125562482   22    0
        22
          23           0.940078883   23    0
        23
          24           0.808405832   24    0
        24
          25           0.630225819   25    0
        25
          26           0.594987640   26    0
        26
          27           0.452456783   27    0
        27
          28           0.411291731   28    0
        28
          29           0.397169693   29    0
        29
          30           0.386093041   30    0
        30
          31           0.361245933   31    0
        31
          32           0.352109830   32    0
        32
          33           0.341919908   33    0
        33
          34           0.331553384   34    0
        34
          35           0.269957406   35    0
        35
          36           0.178462168   36    0
        36
          37           0.116854353   37    0
        37
          38           0.106940597   38    0
        38
          39           0.087521348   39    0
        39
          40           0.081548344   40    0
        40
          41           0.046188649   41    0
        41
          42           0.024591563   42    0
        42
$user-defined bonds
$end
