# Electronic excitation spectrum of , IRREP a   
# singlet excitations
# excitation energy / eV  oscillator strength (length rep.) (veloc. rep.) (mixed rep.) 
 0.35871436977747E+01   0.49455162760999E+00   0.72101799437967E+00   0.59713929391230E+00
 0.37653549797231E+01   0.35430010283656E-08   0.10485609443116E-07   0.60891064384874E-08
 0.45758478421275E+01   0.59878818484107E-03   0.13828348750527E-02   0.90995794409742E-03
 0.45846666444325E+01   0.77989985883655E-02   0.12665341455453E-01   0.99386598448327E-02
 0.52006307609554E+01   0.35326376715836E-01   0.23875504003434E-01   0.29041953007136E-01
 0.57454892305050E+01   0.27287041467577E+00   0.39096504604943E+00   0.32662332050157E+00
 0.57597428203147E+01   0.29182330984905E-03   0.90667563868826E-04   0.23033907309976E-04
 0.59721880025263E+01   0.28869554478825E-01   0.47104482534425E-01   0.36876409410463E-01
 0.64023599216625E+01   0.59197470501036E-02   0.97218604107464E-02   0.75830236097311E-02
 0.66528311630903E+01   0.22172142850016E-05   0.84632814110535E-05   0.43272164587998E-05
 0.67417640964579E+01   0.49150645664054E-01   0.29935250796863E-01   0.38356337363274E-01
 0.69517297314463E+01   0.44369777227775E-02   0.50286939354991E-02   0.46624733595696E-02
 0.69913691375336E+01   0.60788620247275E+00   0.61512092645634E+00   0.61149264531810E+00
 0.72855899555351E+01   0.16085433674537E-01   0.20877296753928E-01   0.18324852960723E-01
 0.73476690436465E+01   0.55074721556353E-05   0.83545194802306E-05   0.67780085166374E-05
# Electronic excitation spectrum of , IRREP a   
# singlet excitations
# excitation energy / eV  oscillator strength (length rep.) (veloc. rep.) (mixed rep.) 
 0.36366334212658E+01   0.49622945626251E+00   0.71429399803129E+00   0.59535566040080E+00
 0.37531373310064E+01   0.44674167992159E-08   0.12250246843341E-07   0.73902254448118E-08
 0.45641251009001E+01   0.58568707781936E-03   0.13385576521354E-02   0.88542333560148E-03
 0.45902460080371E+01   0.99238176868539E-02   0.15183781312115E-01   0.12275221101439E-01
 0.52338026141132E+01   0.29288392499086E-01   0.17779560265966E-01   0.22819611947098E-01
 0.57487913869567E+01   0.28205068195099E+00   0.39863203018220E+00   0.33531243761738E+00
 0.57534329901448E+01   0.26263441583752E-03   0.92058465752181E-04   0.42088475010585E-04
 0.59889764978331E+01   0.27277816565046E-01   0.44871000427094E-01   0.34985220456772E-01
 0.64078272904264E+01   0.59621066894855E-02   0.98110445603538E-02   0.76450603593174E-02
 0.66489996460090E+01   0.14524524358059E-05   0.67676733428217E-05   0.31295134207837E-05
 0.67938541107464E+01   0.50300392724987E-01   0.30712862551812E-01   0.39303289824415E-01
 0.69424596636964E+01   0.27712138417680E-02   0.35149574618870E-02   0.30654355423749E-02
 0.69905856984353E+01   0.60876940256557E+00   0.61597891151649E+00   0.61236320845478E+00
 0.73269749505363E+01   0.16798779529838E-01   0.21524747724686E-01   0.19015092130621E-01
 0.73581830332210E+01   0.21411481094208E-06   0.23819464710314E-06   0.17522086203665E-06
# Electronic excitation spectrum of , IRREP a   
# singlet excitations
# excitation energy / eV  oscillator strength (length rep.) (veloc. rep.) (mixed rep.) 
 0.36481123635869E+01   0.49668149009514E+00   0.71301269110912E+00   0.59509228889137E+00
 0.37497482618629E+01   0.46110325356555E-08   0.12503649758984E-07   0.75854264553737E-08
 0.45601130672299E+01   0.58256363456286E-03   0.13288064283116E-02   0.87983688683895E-03
 0.45913297830800E+01   0.10400782011875E-01   0.15741123043152E-01   0.12795310207571E-01
 0.52415653549869E+01   0.27831357857157E-01   0.16389292744795E-01   0.21357345585592E-01
 0.57497344508775E+01   0.28426304814502E+00   0.40055567575273E+00   0.33743615785183E+00
 0.57523031145257E+01   0.28110867468247E-03   0.11863636262717E-03   0.20146038912050E-04
 0.59926952168135E+01   0.26893768414794E-01   0.44353492024525E-01   0.34537161462878E-01
 0.64105093598492E+01   0.59938404867575E-02   0.98598373946916E-02   0.76844137458725E-02
 0.66492296710423E+01   0.13356549169119E-05   0.64904320919382E-05   0.29381755419512E-05
 0.68053547064341E+01   0.50673593231206E-01   0.30990798806704E-01   0.39627007282388E-01
 0.69418624969199E+01   0.26386436932711E-02   0.34140429968157E-02   0.29474689866832E-02
 0.69906101676292E+01   0.60833165015732E+00   0.61563262019057E+00   0.61197090456187E+00
 0.73374493394004E+01   0.17039606031349E-01   0.21786631520694E-01   0.19267088110418E-01
 0.73608362624796E+01   0.67508559895012E-06   0.38883635558676E-06   0.50018250952352E-06
# Electronic excitation spectrum of , IRREP a   
# singlet excitations
# excitation energy / eV  oscillator strength (length rep.) (veloc. rep.) (mixed rep.) 
 0.36512313031205E+01   0.49683367916310E+00   0.71270649974375E+00   0.59505564037676E+00
 0.37488382436030E+01   0.46297307704596E-08   0.12532904141212E-07   0.76097206848057E-08
 0.45590446710710E+01   0.58179314369395E-03   0.13264402772835E-02   0.87847169861844E-03
 0.45916042114302E+01   0.10513252483978E-01   0.15872892469507E-01   0.12918037764770E-01
 0.52436011902681E+01   0.27453166974419E-01   0.16033488350144E-01   0.20980228055475E-01
 0.57499404222988E+01   0.28484036752872E+00   0.40106577737182E+00   0.33799363215591E+00
 0.57519342738463E+01   0.30037254577793E-03   0.14673708021752E-03   0.30024066442954E-05
 0.59937530922807E+01   0.26775947170552E-01   0.44198375024210E-01   0.34401111609866E-01
 0.64113216798734E+01   0.60088477921244E-02   0.98796031928301E-02   0.77017291157264E-02
 0.66493111414886E+01   0.13088064278000E-05   0.64277436582584E-05   0.28941724645731E-05
 0.68083448165292E+01   0.50853411486675E-01   0.31132338886020E-01   0.39787834388803E-01
 0.69419381536200E+01   0.26331971952530E-02   0.34169816601625E-02   0.29458909740157E-02
 0.69905885330552E+01   0.60808184983325E+00   0.61543892430371E+00   0.61174898762519E+00
 0.73401045756243E+01   0.17101340294783E-01   0.21855324012609E-01   0.19332371377628E-01
 0.73614701268544E+01   0.89520059585280E-06   0.55999758574260E-06   0.70061319009429E-06
# Electronic excitation spectrum of , IRREP a   
# singlet excitations
# excitation energy / eV  oscillator strength (length rep.) (veloc. rep.) (mixed rep.) 
 0.36521628362877E+01   0.49688336857947E+00   0.71261809928102E+00   0.59504848839648E+00
 0.37485872906614E+01   0.46406647544909E-08   0.12551762382827E-07   0.76244654747776E-08
 0.45587673635947E+01   0.58159993432450E-03   0.13258557219757E-02   0.87813226428020E-03
 0.45916954505964E+01   0.10540300882404E-01   0.15904330615725E-01   0.12947447757133E-01
 0.52441853886880E+01   0.27349816409526E-01   0.15936397486190E-01   0.20877200027495E-01
 0.57499963681254E+01   0.28500380953705E+00   0.40120998992214E+00   0.33815135944178E+00
 0.57518211099701E+01   0.30975027200074E-03   0.16084914043746E-03   0.14457686480313E-04
 0.59940987996215E+01   0.26737700498987E-01   0.44148091053015E-01   0.34356973292846E-01
 0.64115712064948E+01   0.60151102242053E-02   0.98873199930214E-02   0.77087466951142E-02
 0.66493453917745E+01   0.13011421061139E-05   0.64106679330184E-05   0.28817576206301E-05
 0.68092066436771E+01   0.50933076224366E-01   0.31196854843969E-01   0.39860235844439E-01
 0.69420320514639E+01   0.26402537530858E-02   0.34265156750567E-02   0.29540901669715E-02
 0.69905766689362E+01   0.60797400898904E+00   0.61535484515210E+00   0.61165295634359E+00
 0.73408332238148E+01   0.17116874332959E-01   0.21872567790283E-01   0.19348781602374E-01
 0.73616397654730E+01   0.10277177605739E-05   0.67922945125794E-06   0.83003808795937E-06
