Header
  1      1(1)a  3.53500  0.49700 0.029250 0.431060 0.116760 0.014310 0.081700 0.202500 0.124410
  2      2(1)a  3.73800  0.00000 0.017510 0.039620 0.172220 0.000010 0.655540 0.011740 0.103360
  3      3(1)a  4.54600  0.00100 0.018530 0.053690 0.172390 0.000000 0.638820 0.017620 0.098930
  4      4(1)a  4.58300  0.01000 0.031510 0.103130 0.209960 0.002970 0.001480 0.548570 0.102390
  5      5(1)a  5.19800  0.02800 0.027230 0.304390 0.129870 0.002000 0.123110 0.295600 0.117780
  6      7(1)a  5.72200  0.00000 0.110340 0.026180 0.272860 0.069960 0.004270 0.435160 0.081230
  7      6(1)a  5.74600  0.28400 0.022950 0.078860 0.187190 0.000630 0.531300 0.067220 0.111860
  8      8(1)a  5.96500  0.02700 0.052340 0.169700 0.238290 0.040710 0.044920 0.350160 0.103880
  9      9(1)a  6.36500  0.00600 0.180310 0.116230 0.181120 0.121940 0.019140 0.295710 0.085550
 10     10(1)a  6.53100  0.00000 0.068270 0.085280 0.265520 0.038040 0.011740 0.444790 0.086350
 11     11(1)a  6.70600  0.05000 0.044130 0.405660 0.109470 0.004040 0.042840 0.246140 0.147730
 12     12(1)a  6.84500  0.00200 0.024370 0.093910 0.279640 0.013490 0.013720 0.486800 0.088070
 13     13(1)a  6.98800  0.60900 0.015140 0.018400 0.046480 0.008260 0.001330 0.827150 0.083240
 14     14(1)a  7.20200  0.01700 0.097690 0.349270 0.122670 0.069830 0.057500 0.212630 0.090430
 15     15(1)a  7.34500  0.00000 0.050780 0.144500 0.050900 0.010270 0.021040 0.640790 0.081730
