$coord
    2.62528313285005      0.00000000000000      0.00000000000000      c
    0.00000000000000      0.00000000000000      0.00000000000000      c
   -1.34389763666295      2.25523696150838      0.00000000000000      c
   -0.06438296934741      4.50958575173431      0.00026456165860      c
    2.58983187059712      4.55815171334947      0.00175744530358      c
    3.90687649891177      2.25319605728487      0.00026456165860      c
    3.63639999751184     -1.77107022900175      0.00183303434890      h
   -3.38296882583055      2.21721567171473      0.00181413708757      h
   -1.10210717796024      6.27111286376499     -0.00145508912232      h
    5.95135230481941      2.26343837292511     -0.00145508912232      h
   -1.34389763666295     -2.36523791970366      0.00332591799388      n
   -3.65178236823353     -2.32379622560948      0.00479990437753      o
   -0.12687621256194     -4.32660357028700      0.00468652080956      o
    3.85549484535860      6.78559080344311     -0.04663844095962      n
    2.92219690284904      8.41213477780177      0.25044540439133      h
    5.73051890893040      6.81652562023845      0.25042650713001      h
    1.96845212358166     12.22777529901782     -0.76762565243948      cl
    0.67525583906403     15.23873263832850      0.16569118733141      c
   -0.17387370148681     15.07213438245330      2.03478151084595      h
    2.17840069694525     16.64591720318179      0.21686497100996      h
   -1.34151658173552     16.05328019064753     -1.73871811760675      c
   -0.49236814392335     16.21985954926140     -3.60780844112128      h
   -2.84462364509409     14.64607672853290     -1.78991079854662      h
   -2.63471286625315     19.06419973543555     -0.80540127783586      cl
   -7.57407903238964     -2.71406246657302      5.64153170533281      cl
   -9.22004939139437     -2.18571393707952      2.70544531540706      c
   -7.86481339793410     -2.14982803781602      1.15486833159040      h
  -10.57776092608872     -3.70335299439998      2.39617273649900      h
  -10.61436492128271      0.34394905344652      2.82404452750696      c
  -11.96960091474298      0.30804425692169      4.37462151132362      h
   -9.25665338658836      1.86156921350565      3.13331710641503      h
  -12.26035417754876      0.87227868567868     -0.11204186241879      cl
   -6.40337479580566     -8.33503395158004     -4.16021318428642      cl
   -5.19610435855034     -8.30466605262456     -0.97419161602521      c
   -3.84238014599638     -6.76622111058103     -0.76707763186094      h
   -6.75219934267502     -8.03318799637421      0.34761512214431      h
   -3.88667532655122    -10.82087419308445     -0.41587203006414      c
   -5.24039953910518    -12.35930023786666     -0.62296711696708      h
   -2.33058034242654    -11.09235224933481     -1.73765987097234      h
   -2.67940488929590    -10.79052519139031      2.77016843545839      cl
    2.61634472824150      7.42792761327227      9.37196447521705      cl
    5.21689134601208      6.57188167507507      7.34374031405221      c
    6.80964701711474      5.95225937336320      8.49326072068655      h
    4.63721785474941      5.04271528834401      6.09166447018617      h
    6.00258278028194      8.86296674132430      5.76530876703682      c
    4.40982710917928      9.48260794029750      4.61578836040249      h
    6.58225627154461     10.39213312805536      7.01740350816419      h
    8.60312939805252      8.00692080312710      3.73708460587199      cl
   -2.56054111553739      8.92925833406593     -4.20193833730053      cl
   -2.20710563690379      6.28432204943386     -6.32052920213995      c
   -0.83760221114023      6.75531739079428     -7.78506695512633      h
   -1.54789357270796      4.64254688244415     -5.26583525285382      h
   -4.75628949838253      5.68238758432580     -7.54408907866075      c
   -6.12579292414609      5.21139224296538     -6.07957022293570      h
   -5.41552045983969      7.32416275131552     -8.59876413068556      h
   -4.40285401974893      3.03741350517108     -9.66269884076150      cl
$user-defined bonds
$end
