$point_charges nocheck
-12.15874   11.20717   3.38342  -0.200000
 -9.77587    8.90070   2.60164  -0.006000
 -7.92368    9.61181   3.15471   0.103000
-10.16478    7.14407   3.60426   0.103000
 -9.80736    8.41032  -0.24723  -0.006000
-11.65953    7.69918  -0.80030   0.103000
 -9.41841   10.16695  -1.24985   0.103000
 -7.42445    6.10385  -1.02901  -0.200000
  2.40239   -2.38260  -5.72963  -0.200000
  0.20360   -4.47317  -7.28006  -0.006000
 -1.63342   -4.34514  -6.35744   0.103000
  0.01812   -3.93072  -9.25834   0.103000
  1.17683   -7.19035  -7.11412  -0.006000
  3.01381   -7.31840  -8.03674   0.103000
  1.36230   -7.73280  -5.13586   0.103000
 -1.02196   -9.28094  -8.66456  -0.200000
 10.50848    9.32616  -3.51049  -0.200000
  8.73233   12.16965  -2.90302  -0.006000
  6.71909   11.77386  -3.08326   0.103000
  9.13341   12.83598  -0.99589   0.103000
  9.48811   14.20437  -4.81251  -0.006000
 11.50135   14.60012  -4.63227   0.103000
  9.08703   13.53800  -6.71964   0.103000
  7.71193   17.04784  -4.20506  -0.200000
  3.05367  -13.04835   3.96958  -0.200000
  3.49365   -9.82418   4.97979  -0.006000
  5.50778   -9.41728   5.12121   0.103000
  2.63006   -8.55116   3.61019   0.103000
  2.25140   -9.44561   7.56263  -0.006000
  0.23727   -9.85250   7.42120   0.103000
  3.11499  -10.71862   8.93223   0.103000
  2.69139   -6.22143   8.57284  -0.200000
  1.95568    0.19417   6.18630  -0.200000
 -0.69485    1.00806   8.16655  -0.006000
 -1.01427    3.04119   8.08555   0.103000
 -2.37665    0.02141   7.50316   0.103000
 -0.13506    0.22949  10.89384  -0.006000
  0.18438   -1.80367  10.97485   0.103000
  1.54672    1.21613  11.55724   0.103000
 -2.78561    1.04337  12.87408  -0.200000
 12.27345  -11.50072  -1.86692  -0.200000
 12.05354   -8.16441  -2.52231  -0.006000
 13.55820   -7.16847  -1.52917   0.103000
 12.24155   -7.84847  -4.54889   0.103000
  9.48937   -7.17357  -1.62739  -0.006000
  7.98472   -8.16949  -2.62050   0.103000
  9.30136   -7.48951   0.39919   0.103000
  9.26947   -3.83724  -2.28279  -0.200000
  4.33286    3.94393 -12.20483  -0.200000
  5.37618    2.70174  -9.20856  -0.006000
  4.19659    3.46241  -7.70120   0.103000
  5.22742    0.64755  -9.22706   0.103000
  8.12781    3.46358  -8.75503  -0.006000
  9.30741    2.70291 -10.26240   0.103000
  8.27658    5.51777  -8.73653   0.103000
  9.17112    2.22139  -5.75875  -0.200000
 14.46478   -4.15173   3.93891  -0.200000
 12.39681   -1.47843   4.37018  -0.006000
 13.49436    0.14334   5.00842   0.103000
 11.47750   -1.02565   2.58350   0.103000
 10.39013   -2.12182   6.34929  -0.006000
  9.29258   -3.74357   5.71105   0.103000
 11.30944   -2.57458   8.13597   0.103000
  8.32216    0.55150   6.78056  -0.200000
 -2.72270    9.76767   6.07503  -0.200000
 -2.73967   11.34473   9.09521  -0.006000
 -4.67316   11.84609   9.59767   0.103000
 -1.96044   10.08942  10.53018   0.103000
 -1.13297   13.74301   8.93903  -0.006000
  0.80054   13.24165   8.43657   0.103000
 -1.91219   14.99832   7.50406   0.103000
 -1.14994   15.32007  11.95921  -0.200000
-10.02076   -2.98216  -4.18259  -0.200000
 -9.11031   -0.67879  -6.52235  -0.006000
 -7.56352    0.46833  -5.79171   0.103000
 -8.49948   -1.64457  -8.23596   0.103000
-11.36742    1.02270  -7.12882  -0.006000
-12.91422   -0.12440  -7.85948   0.103000
-11.97824    1.98850  -5.41526   0.103000
-10.45697    3.32607  -9.46859  -0.200000
 16.87259    6.82522   2.41583  -0.200000
 16.74118    6.86099  -0.98869  -0.006000
 15.67845    8.50925  -1.61796   0.103000
 18.65343    6.94508  -1.74922   0.103000
 15.43645    4.45828  -1.92799  -0.006000
 16.49920    2.81002  -1.29873   0.103000
 13.52420    4.37419  -1.16745   0.103000
 15.30504    4.49405  -5.33250  -0.200000
  8.65793  -18.46066  -3.69392  -0.200000
  6.41658  -16.47868  -2.06386  -0.006000
  4.68002  -17.53500  -1.73112   0.103000
  7.21265  -15.87997  -0.26107   0.103000
  5.83400  -14.15267  -3.67882  -0.006000
  7.57056  -13.09637  -4.01155   0.103000
  5.03792  -14.75139  -5.48164   0.103000
  3.59265  -12.17071  -2.04877  -0.200000
 -5.75667  -12.14128   9.36665  -0.200000
 -8.87453  -11.31228   8.27088  -0.006000
-10.15618  -12.89373   8.58484   0.103000
 -9.55060   -9.66431   9.30495   0.103000
 -8.77273  -10.70171   5.44697  -0.006000
 -7.49110   -9.12027   5.13301   0.103000
 -8.09668  -12.34970   4.41289   0.103000
-11.89061   -9.87270   4.35119  -0.200000
  2.23292   14.54889  -7.39276  -0.200000
  4.11599   14.95816 -10.20263  -0.006000
  6.11119   14.77482  -9.72538   0.103000
  3.60582   13.52095 -11.58695   0.103000
  3.62941   17.58182 -11.31500  -0.006000
  1.63420   17.76515 -11.79227   0.103000
  4.13956   19.01905  -9.93068   0.103000
  5.51248   17.99108 -14.12487  -0.200000
  5.43892   -4.08340 -11.80232  -0.200000
  8.82430   -4.44339 -11.93783  -0.006000
  9.29054   -6.40734 -12.34730   0.103000
  9.58513   -3.23311 -13.42059   0.103000
  9.97588   -3.69054  -9.39532  -0.006000
  9.50965   -1.72657  -8.98586   0.103000
  9.21508   -4.90082  -7.91255   0.103000
 13.36129   -4.05053  -9.53081  -0.200000
-12.15719   -5.97305 -10.47415  -0.200000
 -9.44831   -5.24497 -12.40832  -0.006000
 -9.80252   -5.85377 -14.34383   0.103000
 -9.10863   -3.21376 -12.37825   0.103000
 -7.12754   -6.62453 -11.37473  -0.006000
 -6.77333   -6.01577  -9.43924   0.103000
 -7.46722   -8.65576 -11.40482   0.103000
 -4.41865   -5.89646 -13.30891  -0.200000
 19.07017   12.51911   5.57282  -0.200000
 16.66831   13.00731   7.93963  -0.006000
 17.53235   12.98958   9.80919   0.103000
 15.75160   14.82445   7.62365   0.103000
 14.70247   10.89461   7.76770  -0.006000
 13.83845   10.91234   5.89814   0.103000
 15.61919    9.07743   8.08368   0.103000
 12.30062   11.38278  10.13453  -0.200000
 -7.10732   14.84531   2.37000  -0.200000
 -9.06156   16.79655   0.37432  -0.006000
 -7.88838   18.19398  -0.58126   0.103000
-10.00523   15.61813  -1.02678   0.103000
-11.04350   18.14602   1.98931  -0.006000
-12.21672   16.74860   2.94487   0.103000
-10.09983   19.32445   3.39041   0.103000
-12.99778   20.09726  -0.00637  -0.200000
 12.13295   20.84941   9.28993  -0.200000
 11.43692   19.89846   6.09301  -0.006000
 11.14935   21.57102   4.92585   0.103000
 13.01086   18.80077   5.34460   0.103000
  9.03918   18.28357   6.06838  -0.006000
  9.32674   16.61101   7.23553   0.103000
  7.46525   19.38126   6.81679   0.103000
  8.34316   17.33262   2.87144  -0.200000
-15.15755    7.69767  -5.64327  -0.200000
-12.23375    9.17740  -6.57642  -0.006000
-10.67591    8.35355  -5.51035   0.103000
-11.92332    8.87618  -8.59017   0.103000
-12.37470   12.01429  -6.03794  -0.006000
-13.93255   12.83814  -7.10403   0.103000
-12.68515   12.31552  -4.02419   0.103000
 -9.45092   13.49402  -6.97111  -0.200000
 -3.23417   24.54473   5.36850  -0.200000
 -0.40890   22.70854   4.86315  -0.006000
 -0.23960   22.24446   2.86363   0.103000
  1.23450   23.79885   5.45694   0.103000
 -0.55556   20.26958   6.40833  -0.006000
 -0.72486   20.73366   8.40786   0.103000
 -2.19896   19.17928   5.81454   0.103000
  2.26969   18.43341   5.90298  -0.200000
  5.14128   23.39925  -0.28809  -0.200000
  2.56557   23.36730  -2.51836  -0.006000
  0.78718   23.11415  -1.51059   0.103000
  2.52477   25.15161  -3.54639   0.103000
  2.93325   21.18965  -4.38394  -0.006000
  4.71164   21.44280  -5.39171   0.103000
  2.97407   19.40533  -3.35589   0.103000
  0.35756   21.15770  -6.61423  -0.200000
 15.34350  -10.88792  12.21190  -0.200000
 12.71498  -10.93165  10.04425  -0.006000
 12.26718  -12.87943   9.54665   0.103000
 11.07663  -10.05559  10.93337   0.103000
 13.41292   -9.46348   7.65362  -0.006000
 13.86073   -7.51569   8.15122   0.103000
 15.05129  -10.33954   6.76452   0.103000
 10.78440   -9.50719   5.48599  -0.200000
 -2.13743   13.24717 -12.40853  -0.200000
 -4.58797   14.61818 -10.47866  -0.006000
 -6.31363   14.80255 -11.58786   0.103000
 -4.94250   13.40400  -8.85320   0.103000
 -3.74752   17.22895  -9.56489  -0.006000
 -2.02184   17.04461  -8.45569   0.103000
 -3.39298   18.44316 -11.19035   0.103000
 -6.19804   18.59999  -7.63502  -0.200000
 20.93185   12.27787  -4.83103  -0.200000
 19.26368   13.30847  -2.04457  -0.006000
 19.02289   11.71672  -0.75984   0.103000
 20.34285   14.79111  -1.10674   0.103000
 16.66956   14.33699  -2.79970  -0.006000
 16.91031   15.92875  -4.08442   0.103000
 15.59039   12.85435  -3.73752   0.103000
 15.00135   15.36759  -0.01323  -0.200000
  4.56297    0.68777  15.52480  -0.200000
  5.80633   -2.43104  14.94482  -0.006000
  6.24509   -3.34056  16.73997   0.103000
  4.40639   -3.55127  13.93116   0.103000
  8.21222   -2.22895  13.35475  -0.006000
  7.77348   -1.31941  11.55962   0.103000
  9.61219   -1.10874  14.36844   0.103000
  9.45558   -5.34775  12.77481  -0.200000
  1.02000  -15.34078   9.95957  -0.200000
 -0.88108  -17.70059   8.40189  -0.006000
 -0.15974  -19.57501   8.85834   0.103000
 -2.83293  -17.54140   9.04000   0.103000
 -0.76730  -17.29561   5.54170  -0.006000
 -1.48865  -15.42117   5.08525   0.103000
  1.18454  -17.45478   4.90359   0.103000
 -2.66837  -19.65542   3.98403  -0.200000
 -8.85467   -5.49961  14.50686  -0.200000
 -8.98130   -2.41889  13.05685  -0.006000
 -8.81941   -0.96835  14.51015   0.103000
 -7.42872   -2.22568  11.71732   0.103000
-11.49683   -2.11132  11.66577  -0.006000
-11.65872   -3.56185  10.21250   0.103000
-13.04943   -2.30454  13.00532   0.103000
-11.62348    0.96941  10.21578  -0.200000
  4.59965    7.78076  18.07359  -0.200000
  4.25192   10.31093  15.81814  -0.006000
  2.38793   10.20469  14.94841   0.103000
  4.45973   12.12097  16.77876   0.103000
  6.28277   10.06655  13.77522  -0.006000
  8.14676   10.17277  14.64494   0.103000
  6.07496    8.25650  12.81459   0.103000
  5.93506   12.59671  11.51977  -0.200000
-12.86412   14.54592  11.76302  -0.200000
-10.51825   12.30990  10.71119  -0.006000
-10.15231   12.59113   8.70391   0.103000
 -8.77606   12.59125  11.77316   0.103000
-11.48695    9.62095  11.14557  -0.006000
-11.85289    9.33973  13.15285   0.103000
-13.22914    9.33961  10.08358   0.103000
 -9.14108    7.38494  10.09375  -0.200000
-16.08573   -8.05834  -1.23838  -0.200000
-16.43623   -7.11380  -4.49324  -0.006000
-14.57567   -6.88777  -5.34723   0.103000
-17.49165   -8.55587  -5.51728   0.103000
-17.86477   -4.60364  -4.61968  -0.006000
-19.72536   -4.82969  -3.76568   0.103000
-16.80938   -3.16157  -3.59564   0.103000
-18.21530   -3.65913  -7.87455  -0.200000
  7.12550    9.32440 -19.23076  -0.200000
  8.60646   10.92377 -16.61200  -0.006000
 10.59299   11.25462 -17.04355   0.103000
  7.66465   12.72634 -16.28640   0.103000
  8.39671    9.28568 -14.23920  -0.006000
  6.41016    8.95483 -13.80762   0.103000
  9.33850    7.48311 -14.56480   0.103000
  9.87766   10.88505 -11.62044  -0.200000
-12.08366  -12.50921  -6.80092  -0.200000
 -9.42539  -13.90674  -8.41013  -0.006000
 -7.71847  -12.84133  -7.97043   0.103000
 -9.19594  -15.85783  -7.79142   0.103000
 -9.88750  -13.84973 -11.26335  -0.006000
-11.59441  -14.91514 -11.70306   0.103000
-10.11693  -11.89862 -11.88209   0.103000
 -7.22924  -15.24726 -12.87257  -0.200000
-18.82606    6.20325   1.76523  -0.200000
-20.46075    5.12237  -1.02202  -0.006000
-22.24143    4.24278  -0.47644   0.103000
-20.83680    6.72331  -2.26217   0.103000
-18.81984    3.19135  -2.41352  -0.006000
-17.03913    4.07094  -2.95912   0.103000
-18.44378    1.59041  -1.17337   0.103000
-20.45453    2.11048  -5.20077  -0.200000
-20.69384   -7.69054   6.72261  -0.200000
-18.96497   -5.29520   5.02474  -0.006000
-16.94344   -5.59648   5.27933   0.103000
-19.42873   -5.40348   3.02094   0.103000
-19.68467   -2.68566   6.03972  -0.006000
-21.70623   -2.38438   5.78513   0.103000
-19.22090   -2.57736   8.04352   0.103000
-17.95580   -0.29030   4.34185  -0.200000
 21.36379    6.35747  10.63101  -0.200000
 22.31355    3.28648   9.50130  -0.006000
 24.35802    3.24712   9.25499   0.103000
 21.75844    1.84955  10.86851   0.103000
 21.02823    2.75191   6.96755  -0.006000
 18.98374    2.79128   7.21386   0.103000
 21.58332    4.18882   5.60032   0.103000
 21.97797   -0.31910   5.83784  -0.200000
 24.75498   -8.82922  -2.56424  -0.200000
 22.19338   -6.64131  -3.07472  -0.006000
 22.05900   -6.19688  -5.08136   0.103000
 20.42769   -7.49038  -2.43933   0.103000
 22.68658   -4.21496  -1.58234  -0.006000
 22.82096   -4.65938   0.42430   0.103000
 24.45226   -3.36589  -2.21773   0.103000
 20.12498   -2.02705  -2.09282  -0.200000
 -5.71818    6.99006 -14.46880  -0.200000
 -8.95766    7.25759 -15.49031  -0.006000
-10.15975    6.11487 -14.26911   0.103000
 -9.54977    9.22768 -15.38832   0.103000
 -9.18889    6.32278 -18.21613  -0.006000
 -7.98680    7.46550 -19.43733   0.103000
 -8.59678    4.35266 -18.31810   0.103000
-12.42835    6.59031 -19.23762  -0.200000
  2.51479   -0.70451 -17.05873  -0.200000
 -0.74221    0.28886 -16.93777  -0.006000
 -1.56509   -0.27206 -15.13491   0.103000
 -0.84354    2.33684 -17.13169   0.103000
 -2.21009   -0.95611 -19.09487  -0.006000
 -1.38721   -0.39516 -20.89774   0.103000
 -2.10876   -3.00408 -18.90095   0.103000
 -5.46709    0.03727 -18.97395  -0.200000
 -3.78900    8.53946  14.83958  -0.200000
 -3.17958    6.51236  17.50954  -0.006000
 -4.84845    5.37017  17.90000   0.103000
 -1.58614    5.27810  17.08554   0.103000
 -2.55614    8.12854  19.82402  -0.006000
 -0.88726    9.27073  19.43355   0.103000
 -4.14959    9.36280  20.24802   0.103000
 -1.94672    6.10143  22.49398  -0.200000
  0.59734  -14.86663 -13.69581  -0.200000
 -0.42247  -11.95051 -15.13313  -0.006000
 -2.47650  -11.82405 -15.04791   0.103000
  0.40644  -10.35931 -14.12164   0.103000
  0.43218  -11.88668 -17.89416  -0.006000
  2.48624  -12.01316 -17.97938   0.103000
 -0.39673  -13.47789 -18.90567   0.103000
 -0.58761   -8.97059 -19.33148  -0.200000
 23.46099   -1.14916  -8.72400  -0.200000
 20.18912   -1.06843  -9.67118  -0.006000
 19.89729   -2.36456 -11.24508   0.103000
 19.00095   -1.63350  -8.08652   0.103000
 19.48907    1.61407 -10.49072  -0.006000
 19.78090    2.91018  -8.91681   0.103000
 20.67723    2.17914 -12.07539   0.103000
 16.21718    1.69480 -11.43789  -0.200000
  9.57976    4.56065  15.16305  -0.200000
 12.32782    5.62811  16.87129  -0.006000
 14.02525    5.16428  15.80083   0.103000
 12.22069    7.66741  17.13972   0.103000
 12.42799    4.32192  19.44842  -0.006000
 10.73055    4.78575  20.51885   0.103000
 12.53510    2.28262  19.17998   0.103000
 15.17605    5.38939  21.15666  -0.200000
  9.34507  -17.21849 -16.15378  -0.200000
 10.59184  -15.61022 -13.42097  -0.006000
 11.98315  -16.81170 -12.49202   0.103000
 11.48655  -13.85048 -14.00822   0.103000
  8.44001  -15.02856 -11.58013  -0.006000
  7.04874  -13.82705 -12.50906   0.103000
  7.54530  -16.78831 -10.99288   0.103000
  9.68679  -13.42029  -8.84732  -0.200000
 11.29442    2.55674 -15.01163  -0.200000
  9.11417    2.30246 -17.61761  -0.006000
  7.42798    1.28972 -17.00642   0.103000
  8.58837    4.18744 -18.25995   0.103000
 10.36919    0.86151 -19.78696  -0.006000
 12.05538    1.87427 -20.39818   0.103000
 10.89501   -1.02348 -19.14465   0.103000
  8.18896    0.60723 -22.39297  -0.200000
-16.68666    0.90903 -12.47694  -0.200000
-15.86831    3.86156 -13.96753  -0.006000
-13.91855    3.78134 -14.62646   0.103000
-17.12133    4.19368 -15.56807   0.103000
-16.15189    6.01523 -12.05995  -0.006000
-18.10167    6.09544 -11.40102   0.103000
-14.89887    5.68312 -10.45941   0.103000
-15.33352    8.96775 -13.55055  -0.200000
 20.64817   -6.81722  14.77760  -0.200000
 19.54910   -3.63665  14.24377  -0.006000
 19.28467   -2.68836  16.05292   0.103000
 20.93956   -2.60784  13.12557   0.103000
 17.03424   -3.71240  12.81996  -0.006000
 17.29867   -4.66069  11.01081   0.103000
 15.64376   -4.74119  13.93815   0.103000
 15.93517   -0.53181  12.28609  -0.200000
 12.61388   25.99925   1.95863  -0.200000
 14.55463   24.39043  -0.33371  -0.006000
 15.83855   25.73890  -1.21428   0.103000
 15.64455   22.91516   0.60326   0.103000
 12.86881   23.20234  -2.35949  -0.006000
 11.58489   21.85385  -1.47890   0.103000
 11.77891   24.67761  -3.29644   0.103000
 14.80956   21.59352  -4.65181  -0.200000
 13.97649   15.46293 -11.01716  -0.200000
 16.91197   14.79298 -12.61186  -0.006000
 17.07791   12.76353 -12.92176   0.103000
 16.94759   15.76999 -14.42471   0.103000
 19.12187   15.70217 -10.98479  -0.006000
 18.95592   17.73162 -10.67489   0.103000
 19.08623   14.72516  -9.17196   0.103000
 22.05736   15.03220 -12.57951  -0.200000
-15.00618   -7.76626  10.57466  -0.200000
-16.36331  -10.87927  10.85168  -0.006000
-17.18492  -11.43377   9.04625   0.103000
-14.89565  -12.22403  11.38055   0.103000
-18.42320  -10.85542  12.87992  -0.006000
-17.60161  -10.30092  14.68535   0.103000
-19.89088   -9.51065  12.35104   0.103000
-19.78035  -13.96842  13.15693  -0.200000
 10.65690  -15.91826   4.95586  -0.200000
 13.78251  -16.65236   3.81530  -0.006000
 14.72781  -14.91650   3.23600   0.103000
 14.86617  -17.55720   5.31501   0.103000
 13.58726  -18.44288   1.55398  -0.006000
 12.64195  -20.17872   2.13327   0.103000
 12.50358  -17.53800   0.05427   0.103000
 16.71285  -19.17696   0.41342  -0.200000
  5.83328  -10.47791  14.37031  -0.200000
  7.48362  -10.24377  17.34198  -0.006000
  8.64353   -8.54175  17.35150   0.103000
  6.11786  -10.15304  18.88112   0.103000
  9.17426  -12.56277  17.69061  -0.006000
  8.01435  -14.26479  17.68111   0.103000
 10.54000  -12.65349  16.15149   0.103000
 10.82462  -12.32863  20.66228  -0.200000
 14.70020  -10.22436  -9.52044  -0.200000
 16.84192  -12.84847  -9.88990  -0.006000
 15.80531  -14.48965 -10.57859   0.103000
 18.31388  -12.34891 -11.24119   0.103000
 18.04923  -13.47352  -7.33856  -0.006000
 19.08584  -11.83235  -6.64989   0.103000
 16.57723  -13.97309  -5.98729   0.103000
 20.19093  -16.09763  -7.70802  -0.200000
 -9.37308  -12.47355  14.70364  -0.200000
 -7.23899  -12.05322  17.32626  -0.006000
 -8.10547  -10.81494  18.72550   0.103000
 -6.83525  -13.88200  18.18344   0.103000
 -4.77660  -10.86700  16.38432  -0.006000
 -3.91013  -12.10530  14.98509   0.103000
 -5.18036   -9.03822  15.52714   0.103000
 -2.64252  -10.44669  19.00694  -0.200000
 -7.32673   19.83011   8.24578  -0.200000
 -6.38421   20.95128  11.32212  -0.006000
 -4.73926   19.89167  11.96529   0.103000
 -5.91093   22.95263  11.20868   0.103000
 -8.55880   20.58074  13.19067  -0.006000
-10.20375   21.64035  12.54754   0.103000
 -9.03208   18.57939  13.30411   0.103000
 -7.61628   21.70190  16.26703  -0.200000
 -2.69726    7.81130 -20.40050  -0.200000
 -1.59480   10.51544 -18.64515  -0.006000
 -2.09346   10.29515 -16.65896   0.103000
  0.45130   10.66516 -18.82725   0.103000
 -2.83192   12.91108 -19.68823  -0.006000
 -2.33324   13.13139 -21.67442   0.103000
 -4.87803   12.76138 -19.50613   0.103000
 -1.72946   15.61522 -17.93288  -0.200000
-16.07779   14.50949  -1.61511  -0.200000
-18.80903   14.98303   0.36612  -0.006000
-18.42647   16.49243   1.71432   0.103000
-20.42456   15.49897  -0.80268   0.103000
-19.39681   12.54062   1.79677  -0.006000
-19.77939   11.03122   0.44855   0.103000
-17.78126   12.02469   2.96557   0.103000
-22.12805   13.01417   3.77800  -0.200000
 21.04503   20.57262   0.77726  -0.200000
 20.21580   18.78346   3.55580  -0.006000
 18.26445   18.14222   3.40302   0.103000
 21.46374   17.15325   3.72104   0.103000
 20.49945   20.45424   5.89795  -0.006000
 22.45080   21.09550   6.05070   0.103000
 19.25151   22.08445   5.73269   0.103000
 19.67023   18.66511   8.67649  -0.200000
 -0.80797  -20.06655  -7.35410  -0.200000
  0.50682  -23.07063  -6.42906  -0.006000
 -0.93111  -24.18016  -5.45781   0.103000
  1.14389  -24.08666  -8.10356   0.103000
  2.74838  -22.63639  -4.65576  -0.006000
  4.18631  -21.52683  -5.62700   0.103000
  2.11133  -21.62034  -2.98127   0.103000
  4.06319  -25.64045  -3.73074  -0.200000
-17.04346    6.98894  14.89741  -0.200000
-16.50406    3.73769  14.03279  -0.006000
-16.29465    3.59600  11.98871   0.103000
-14.78822    3.05896  14.94785   0.103000
-18.74999    2.12881  14.88418  -0.006000
-18.95940    2.27051  16.92826   0.103000
-20.46581    2.80755  13.96910   0.103000
-18.21059   -1.12244  14.01956  -0.200000
 -5.32311   -0.37522  19.24416  -0.200000
 -2.00046   -1.10683  19.42886  -0.006000
 -1.06070   -0.47256  17.70938   0.103000
 -1.17564   -0.14995  21.05557   0.103000
 -1.65716   -3.96291  19.71599  -0.006000
 -2.59690   -4.59717  21.43548   0.103000
 -2.48197   -4.91977  18.08929   0.103000
  1.66549   -4.69451  19.90069  -0.200000
  6.15098   -9.87002 -15.76685  -0.200000
  6.74487   -7.62119 -18.25657  -0.006000
  4.95399   -6.88711 -18.96095   0.103000
  7.88284   -6.06895 -17.52332   0.103000
  8.16621   -8.92240 -20.41159  -0.006000
  9.95708   -9.65648 -19.70722   0.103000
  7.02823  -10.47466 -21.14484   0.103000
  8.76009   -6.67359 -22.90131  -0.200000
 -6.98983  -20.41972  -3.65465  -0.200000
 -7.93488  -23.35633  -5.10128  -0.006000
 -7.87243  -23.16388  -7.15095   0.103000
 -6.65206  -24.85634  -4.51263   0.103000
-10.62699  -24.01373  -4.27775  -0.006000
-10.68944  -24.20616  -2.22810   0.103000
-11.90979  -22.51371  -4.86644   0.103000
-11.57202  -26.95031  -5.72442  -0.200000
 15.74095   21.46188 -13.84774  -0.200000
 13.53469   23.12738 -11.85580  -0.006000
 14.38735   23.45441 -10.00961   0.103000
 13.05606   24.93407 -12.72130   0.103000
 11.13576   21.54499 -11.54152  -0.006000
 10.28311   21.21796 -13.38773   0.103000
 11.61441   19.73830 -10.67605   0.103000
  8.92952   23.21047  -9.54960  -0.200000
-14.12638   -8.72676 -15.84125  -0.200000
-17.12230   -8.69248 -14.21868  -0.006000
-17.36309   -6.88622 -13.25862   0.103000
-18.64457   -8.95466 -15.58109   0.103000
-17.19037  -10.83200 -12.27559  -0.006000
-16.94960  -12.63824 -13.23564   0.103000
-15.66812  -10.56981 -10.91319   0.103000
-20.18628  -10.79771 -10.65301  -0.200000
  7.73157   16.78912  16.44784  -0.200000
  8.78683   14.98256  19.13707  -0.006000
  9.03799   16.23670  20.75148   0.103000
  7.38240   13.54697  19.59431   0.103000
 11.30264   13.70327  18.51134  -0.006000
 11.05146   12.44914  16.89695   0.103000
 12.70707   15.13888  18.05414   0.103000
 12.35792   11.89670  21.20061  -0.200000
 30.68494    0.87079  -3.58339  -0.200000
 27.73916    2.57938  -3.69496  -0.006000
 27.94072    4.21645  -4.92850   0.103000
 26.25784    1.34802  -4.42408   0.103000
 27.03493    3.46064  -1.03315  -0.006000
 26.83337    1.82357   0.20037   0.103000
 28.51625    4.69202  -0.30408   0.103000
 24.08915    5.16921  -1.14476  -0.200000
 -5.88482   24.05701  -4.23384  -0.200000
 -7.03074   26.41378  -6.41143  -0.006000
 -9.04340   26.12482  -6.74005   0.103000
 -6.72674   28.28937  -5.61647   0.103000
 -5.60415   26.18679  -8.91556  -0.006000
 -3.59150   26.47571  -8.58693   0.103000
 -5.90815   24.31118  -9.71051   0.103000
 -6.75008   28.54354 -11.09313  -0.200000
 25.67722   14.87536  -0.82078  -0.200000
 25.25005   12.14950   1.17828  -0.006000
 24.68836   12.76102   3.06319   0.103000
 23.78589   10.93789   0.38437   0.103000
 27.73256   10.67731   1.34378  -0.006000
 28.29423   10.06580  -0.54110   0.103000
 29.19672   11.88895   2.13771   0.103000
 27.30539    7.95146   3.34287  -0.200000
  6.28937   25.96418   5.55030  -0.200000
  8.63408   27.45713   7.52066  -0.006000
 10.28880   26.23889   7.66278   0.103000
  9.17912   29.26239   6.69230   0.103000
  7.53585   27.90060  10.15786  -0.006000
  5.88113   29.11885  10.01576   0.103000
  6.99082   26.09536  10.98623   0.103000
  9.88057   29.39356  12.12824  -0.200000
-13.43667   16.32720 -11.08200  -0.200000
-14.24353   19.58098 -10.47281  -0.006000
-13.43905   20.77561 -11.94515   0.103000
-16.29252   19.79019 -10.46149   0.103000
-13.18088   20.37249  -7.90338  -0.006000
-13.98535   19.17785  -6.43102   0.103000
-11.13190   20.16326  -7.91468   0.103000
-13.98775   23.62624  -7.29419  -0.200000
-15.07006  -18.00535  -8.73891  -0.200000
-17.05370  -17.20943  -6.08547  -0.006000
-17.11406  -15.16278  -5.86229   0.103000
-18.95838  -17.92126  -6.41354   0.103000
-15.97831  -18.40824  -3.68459  -0.006000
-15.91794  -20.45489  -3.90778   0.103000
-14.07364  -17.69642  -3.35651   0.103000
-17.96194  -17.61232  -1.03117  -0.200000
 21.15902   14.46999  19.89375  -0.200000
 19.66797   11.60893  18.79809  -0.006000
 20.96902   10.02772  19.01996   0.103000
 17.96413   11.25655  19.90037   0.103000
 18.96745   11.89494  16.00795  -0.006000
 17.66641   13.47613  15.78605   0.103000
 20.67132   12.24732  14.90565   0.103000
 17.47643    9.03387  14.91226  -0.200000
-13.90891  -17.11334   8.57013  -0.200000
-14.72301  -19.92261   6.82236  -0.006000
-13.46683  -21.46035   7.36963   0.103000
-16.67158  -20.44754   7.23440   0.103000
-14.44193  -19.41129   3.99097  -0.006000
-15.69807  -17.87354   3.44372   0.103000
-12.49332  -18.88638   3.57895   0.103000
-15.25600  -22.22055   2.24324  -0.200000
 22.36183    7.25447 -16.40870  -0.200000
 19.10882    8.07805 -15.81824  -0.006000
 18.61802    7.59103 -13.87811   0.103000
 18.84922   10.10100 -16.10544   0.103000
 17.40011    6.62030 -17.63834  -0.006000
 17.89089    7.10730 -19.57847   0.103000
 17.65970    4.59734 -17.35114   0.103000
 14.14708    7.44388 -17.04788  -0.200000
 13.17030   -6.94157 -16.27659  -0.200000
 16.57488   -7.04273 -16.18926  -0.006000
 17.19233   -7.86090 -14.40274   0.103000
 17.26826   -8.19550 -17.74895   0.103000
 17.62521   -4.36043 -16.43366  -0.006000
 17.00776   -3.54223 -18.22019   0.103000
 16.93185   -3.20766 -14.87400   0.103000
 21.02980   -4.46157 -16.34634  -0.200000
-11.32033   -2.01893 -17.75560  -0.200000
-13.74337   -2.10187 -20.14966  -0.006000
-12.87591   -2.38894 -21.99552   0.103000
-15.04649   -3.64736 -19.75510   0.103000
-15.18932    0.40151 -20.14440  -0.006000
-16.05678    0.68858 -18.29858   0.103000
-13.88620    1.94698 -20.53900   0.103000
-17.61236    0.31857 -22.53848  -0.200000
-14.85191   17.80213 -20.50445  -0.200000
-12.98438   17.04567 -17.75683  -0.006000
-12.00243   18.73558 -17.10701   0.103000
-14.21545   16.34812 -16.26011   0.103000
-11.04851   15.00953 -18.43821  -0.006000
-12.03045   13.31964 -19.08799   0.103000
 -9.81745   15.70708 -19.93491   0.103000
 -9.18097   14.25307 -15.69057  -0.200000
 26.44606  -10.76579  11.45503  -0.200000
 23.38304  -10.01455  10.16573  -0.006000
 21.94862  -11.17427  11.08207   0.103000
 22.96919   -8.02370  10.49329   0.103000
 23.37758  -10.54390   7.32365  -0.006000
 24.81199   -9.38417   6.40731   0.103000
 23.79143  -12.53476   6.99609   0.103000
 20.31456   -9.79267   6.03435  -0.200000
-26.64661   -6.93752   0.10496  -0.200000
-23.77841   -8.21719  -1.21619  -0.006000
-23.17657   -7.05537  -2.80681   0.103000
-22.30465   -8.22872   0.22261   0.103000
-24.25785  -10.91939  -2.12485  -0.006000
-24.85967  -12.08121  -0.53423   0.103000
-25.73161  -10.90786  -3.56365   0.103000
-21.38964  -12.19905  -3.44599  -0.200000
  6.85778  -19.59090  16.86274  -0.200000
  3.86262  -18.60335  15.57321  -0.006000
  4.16845  -17.10053  14.19836   0.103000
  2.95066  -20.20323  14.65076   0.103000
  2.17027  -17.62829  17.70462  -0.006000
  1.86444  -19.13110  19.07945   0.103000
  3.08224  -16.02839  18.62703   0.103000
 -0.82487  -16.64070  16.41505  -0.200000
 -9.17228  -23.12373   8.76343  -0.200000
 -7.67705  -22.07965  11.64153  -0.006000
 -7.88571  -23.52964  13.08932   0.103000
 -5.67575  -21.74056  11.29215   0.103000
 -8.92495  -19.63263  12.54292  -0.006000
 -8.71627  -18.18264  11.09511   0.103000
-10.92623  -19.97172  12.89228   0.103000
 -7.42972  -18.58856  15.42102  -0.200000
 -5.07932   26.07289 -19.45367  -0.200000
 -3.05297   25.77411 -16.73086  -0.006000
 -1.09840   25.57155 -17.34793   0.103000
 -3.23119   27.45502 -15.55401   0.103000
 -3.82700   23.44398 -15.20466  -0.006000
 -5.78154   23.64654 -14.58761   0.103000
 -3.64876   21.76309 -16.38153   0.103000
 -1.80063   23.14521 -12.48187  -0.200000
  8.43502   -3.09171  21.57003  -0.200000
  8.57097   -0.13122  23.25113  -0.006000
  8.17456   -0.45518  25.24616   0.103000
 10.44958    0.68847  23.04821   0.103000
  6.60469    1.68666  22.16184  -0.006000
  7.00108    2.01061  20.16682   0.103000
  4.72609    0.86695  22.36478   0.103000
  6.74062    4.64712  23.84296  -0.200000
 21.24341   18.35141  -5.96190  -0.200000
 22.88428   20.69035  -7.81823  -0.006000
 24.36248   21.55960  -6.67742   0.103000
 23.72882   19.79012  -9.46704   0.103000
 21.01542   22.72022  -8.68129  -0.006000
 19.53722   21.85094  -9.82210   0.103000
 20.17086   23.62042  -7.03250   0.103000
 22.65629   25.05915 -10.53764  -0.200000
 -7.97929   31.41184  -0.59713  -0.200000
 -5.32428   29.43505   0.21035  -0.006000
 -5.04978   29.45337   2.25155   0.103000
 -5.68736   27.50706  -0.41676   0.103000
 -2.94519   30.43839  -1.08994  -0.006000
 -3.21972   30.42007  -3.13114   0.103000
 -2.58212   32.36642  -0.46283   0.103000
 -0.29019   28.46162  -0.28244  -0.200000
  6.43754  -22.47009  10.67795  -0.200000
  9.59620  -22.02778   9.47940  -0.006000
 10.61667  -23.81525   9.55587   0.103000
  9.50542  -21.37140   7.52925   0.103000
 10.97292  -20.06354  11.09307  -0.006000
  9.95243  -18.27607  11.01659   0.103000
 11.06370  -20.71992  13.04321   0.103000
 14.13156  -19.62125   9.89451  -0.200000
  1.60296   34.38786 -11.26921  -0.200000
  1.58741   31.04217 -10.62461  -0.006000
 -0.25782   30.49192  -9.89340   0.103000
  1.97482   30.00596 -12.36195   0.103000
  3.62162   30.42905  -8.66413  -0.006000
  5.46683   30.97930  -9.39534   0.103000
  3.23423   31.46528  -6.92677   0.103000
  3.60605   27.08337  -8.01951  -0.200000
 -7.47702  -11.77864 -17.80156  -0.200000
 -8.79061  -10.39561 -20.62483  -0.006000
 -8.58890  -11.71451 -22.19391   0.103000
-10.78656   -9.98535 -20.32440   0.103000
 -7.38616   -7.94492 -21.24069  -0.006000
 -7.58786   -6.62604 -19.67163   0.103000
 -5.39022   -8.35520 -21.54114   0.103000
 -8.69977   -6.56189 -24.06396  -0.200000
  1.20111   26.34943  10.54460  -0.200000
 -2.12469   26.87988  11.06117  -0.006000
 -3.19581   26.12482   9.47218   0.103000
 -2.70992   25.93492  12.79520   0.103000
 -2.62281   29.71785  11.29614  -0.006000
 -1.55167   30.47291  12.88514   0.103000
 -2.03758   30.66281   9.56209   0.103000
 -5.94859   30.24828  11.81272  -0.200000
-12.98852   26.50694   0.23334  -0.200000
-10.97079   26.55545   2.97845  -0.006000
 -9.59860   25.02487   2.84965   0.103000
 -9.98112   28.35937   3.07188   0.103000
-12.57445   26.21286   5.35930  -0.006000
-13.94663   27.74345   5.48810   0.103000
-13.56411   24.40893   5.26587   0.103000
-10.55671   26.26135   8.10441  -0.200000
-21.26291   17.44121 -10.14293  -0.200000
-20.31970   14.65420  -8.42474  -0.006000
-18.96008   13.58498  -9.54297   0.103000
-19.45622   15.20765  -6.63861   0.103000
-22.64102   13.01178  -7.90365  -0.006000
-24.00066   14.08103  -6.78540   0.103000
-23.50449   12.45836  -9.68978   0.103000
-21.69780   10.22480  -6.18543  -0.200000
  1.95107  -22.26067 -18.71657  -0.200000
  4.38428  -22.96970 -16.43935  -0.006000
  4.52223  -25.01003 -16.19405   0.103000
  6.18783  -22.23482 -17.10969   0.103000
  3.72386  -21.73835 -13.90850  -0.006000
  3.58591  -19.69799 -14.15382   0.103000
  1.92032  -22.47323 -13.23817   0.103000
  6.15707  -22.44736 -11.63128  -0.200000
-29.59273    7.94118   5.89776  -0.200000
-27.69063    5.57690   7.44747  -0.006000
-27.28205    6.17857   9.37446   0.103000
-28.71411    3.78996   7.48804   0.103000
-25.21174    5.23380   6.00011  -0.006000
-25.62034    4.63215   4.07310   0.103000
-24.18827    7.02075   5.95950   0.103000
-23.30964    2.86955   7.54980  -0.200000
  8.89299   28.62739  -3.78038  -0.200000
  6.58609   30.73577  -2.42304  -0.006000
  6.44143   32.43307  -3.58079   0.103000
  4.75495   29.79563  -2.35023   0.103000
  7.40210   31.46279   0.25334  -0.006000
  7.54675   29.76547   1.41108   0.103000
  9.23324   32.40293   0.18053   0.103000
  5.09521   33.57117   1.61067  -0.200000
-18.18408   17.14426   7.17623  -0.200000
-18.17922   20.47479   7.89503  -0.006000
-19.68981   20.89143   9.23175   0.103000
-16.36658   20.99650   8.72228   0.103000
-18.59936   21.98541   5.46622  -0.006000
-17.08877   21.56877   4.12951   0.103000
-20.41201   21.46370   4.63899   0.103000
-18.59451   25.31592   6.18502  -0.200000
 16.51842   19.00345  14.31615  -0.200000
 15.31687   21.35173  16.47278  -0.006000
 14.27569   20.42391  17.98847   0.103000
 16.88724   22.41888  17.27117   0.103000
 13.55327   23.15035  15.05416  -0.006000
 14.59445   24.07819  13.53849   0.103000
 11.98290   22.08321  14.25579   0.103000
 12.35174   25.49864  17.21079  -0.200000
-24.17544   -3.52664 -15.79832  -0.200000
-24.58415   -5.51082 -13.05873  -0.006000
-26.42387   -6.43272 -13.14641   0.103000
-23.10103   -6.93938 -13.01768   0.103000
-24.43034   -3.89457 -10.66673  -0.006000
-22.59064   -2.97267 -10.57905   0.103000
-25.91347   -2.46600 -10.70779   0.103000
-24.83907   -5.87875  -7.92714  -0.200000
 28.04902   20.43661  12.79354  -0.200000
 25.89743   17.83191  12.35099  -0.006000
 26.09602   16.50377  13.91269   0.103000
 23.96415   18.53999  12.29288   0.103000
 26.50662   16.49083   9.86343  -0.006000
 26.30805   17.81898   8.30174   0.103000
 28.43992   15.78275   9.92153   0.103000
 24.35505   13.88612   9.42087  -0.200000
  8.34526   17.75075 -22.71407  -0.200000
  5.48610   15.92215 -22.41279  -0.006000
  5.47159   14.96514 -20.58900   0.103000
  3.85415   17.17166 -22.54600   0.103000
  5.37043   13.95842 -24.53125  -0.006000
  5.38494   14.91546 -26.35505   0.103000
  7.00236   12.70892 -24.39805   0.103000
  2.51128   12.12981 -24.22999  -0.200000
 -9.13505  -21.77486 -16.98635  -0.200000
 -6.50791  -23.77610 -16.14828  -0.006000
 -7.11435  -25.74449 -16.15430   0.103000
 -4.98723  -23.52153 -17.51393   0.103000
 -5.56090  -23.06872 -13.51005  -0.006000
 -4.95447  -21.10034 -13.50400   0.103000
 -7.08158  -23.32328 -12.14440   0.103000
 -2.93374  -25.06994 -12.67196  -0.200000
-24.65416   -1.50324  15.75618  -0.200000
-26.14678   -1.66443  12.69756  -0.006000
-28.13763   -2.13909  12.92873   0.103000
-25.98026    0.15927  11.75485   0.103000
-24.85205   -3.69595  11.09936  -0.006000
-22.86119   -3.22130  10.86821   0.103000
-25.01856   -5.51964  12.04209   0.103000
-26.34465   -3.85714   8.04075  -0.200000
-11.46571   -5.56273  20.56816  -0.200000
 -9.40432   -5.63796  23.27999  -0.006000
 -8.14814   -4.00641  23.23360   0.103000
-10.53267   -5.58745  25.00232   0.103000
 -7.83329   -8.06420  23.22921  -0.006000
 -9.08949   -9.69575  23.27559   0.103000
 -6.70496   -8.11471  21.50688   0.103000
 -5.77192   -8.13943  25.94105  -0.200000
 -4.95607  -30.16088  10.43127  -0.200000
 -4.19372  -27.61483   8.29922  -0.006000
 -5.90339  -26.55577   7.85463   0.103000
 -2.82119  -26.36228   9.18775   0.103000
 -3.07283  -28.69929   5.86503  -0.006000
 -1.36317  -29.75837   6.30964   0.103000
 -4.44537  -29.95182   4.97652   0.103000
 -2.31045  -26.15326   3.73300  -0.200000
  4.45042   23.16149  19.11341  -0.200000
  3.13415   25.60690  17.13944  -0.006000
  2.69651   24.82994  15.28280   0.103000
  1.41164   26.33434  18.00321   0.103000
  5.05022   27.75325  16.85747  -0.006000
  5.48788   28.53022  18.71411   0.103000
  6.77274   27.02582  15.99370   0.103000
  3.73397   30.19867  14.88350  -0.200000
 14.42984  -27.58203  -4.10101  -0.200000
 14.23595  -25.03275  -6.35332  -0.006000
 15.73881  -25.23194  -7.74752   0.103000
 12.40796  -25.09040  -7.30058   0.103000
 14.52787  -22.50700  -4.97741  -0.006000
 13.02503  -22.30778  -3.58319   0.103000
 16.35586  -22.44934  -4.03014   0.103000
 14.33399  -19.95770  -7.22970  -0.200000
  2.80987   12.73774  22.30208  -0.200000
  3.72355   10.52498  24.72648  -0.006000
  2.46621    8.89439  24.67771   0.103000
  5.66126    9.90840  24.39907   0.103000
  3.54392   11.80196  27.31391  -0.006000
  4.80126   13.43259  27.36271   0.103000
  1.60621   12.41856  27.64136   0.103000
  4.45760    9.58923  29.73834  -0.200000
  1.60818   20.17466  26.71506  -0.200000
  0.75835   18.73429  23.74653  -0.006000
  2.34165   18.87428  22.43672   0.103000
  0.29364   16.75129  24.05319   0.103000
 -1.53451   20.09951  22.63453  -0.006000
 -3.11784   19.95951  23.94430   0.103000
 -1.06981   22.08251  22.32785   0.103000
 -2.38432   18.65914  19.66598  -0.200000
-19.48610   16.53594  15.78910  -0.200000
-19.68537   13.92358  13.61079  -0.006000
-18.72923   14.41865  11.85495   0.103000
-18.78482   12.26723  14.44013   0.103000
-22.46234   13.33608  13.06215  -0.006000
-23.41849   12.84103  14.81800   0.103000
-23.36291   14.99243  12.23284   0.103000
-22.66161   10.72372  10.88386  -0.200000
 27.16808  -20.58055  -3.83505  -0.200000
 24.22839  -19.39500  -2.58558  -0.006000
 22.86550  -19.18722  -4.11579   0.103000
 23.49413  -20.71593  -1.18620   0.103000
 24.67722  -16.82472  -1.34072  -0.006000
 26.04010  -17.03250   0.18950   0.103000
 25.41149  -15.50380  -2.74010   0.103000
 21.73752  -15.63917  -0.09125  -0.200000
 13.75256   13.46313 -20.04610  -0.200000
 15.16934   16.48939 -20.71221  -0.006000
 13.88729   17.99178 -20.12787   0.103000
 16.94334   16.65971 -19.67959   0.103000
 15.68161   16.71013 -23.54884  -0.006000
 16.96366   15.20774 -24.13318   0.103000
 13.90763   16.53981 -24.58144   0.103000
 17.09841   19.73639 -24.21493  -0.200000
-17.12759   -0.93713  21.44062  -0.200000
-18.60479   -4.00187  21.62676  -0.006000
-17.22852   -5.38959  22.27662   0.103000
-20.18103   -3.92558  22.95044   0.103000
-19.57851   -4.76268  19.01323  -0.006000
-20.95478   -3.37494  18.36339   0.103000
-18.00227   -4.83897  17.68959   0.103000
-21.05571   -7.82742  19.19941  -0.200000
 23.95190   -8.39715  -9.54639  -0.200000
 27.19017   -7.68143 -10.32788  -0.006000
 27.29808   -7.02850 -12.27831   0.103000
 27.89102   -6.20836  -9.07044   0.103000
 28.80447  -10.05969 -10.01823  -0.006000
 28.69657  -10.71263  -8.06781   0.103000
 28.10363  -11.53277 -11.27567   0.103000
 32.04276   -9.34398 -10.79973  -0.200000
-15.68269  -11.02547  22.34809  -0.200000
-14.43891  -13.97804  21.18867  -0.006000
-12.38043  -13.91844  21.22605   0.103000
-15.10339  -15.51951  22.38228   0.103000
-15.34049  -14.40429  18.47515  -0.006000
-17.39897  -14.46389  18.43779   0.103000
-14.67603  -12.86284  17.28156   0.103000
-14.09671  -17.35689  17.31573  -0.200000
  9.86301  -31.61264   0.23610  -0.200000
  8.15738  -28.82448   1.19862  -0.006000
  9.41537  -27.19471   1.13907   0.103000
  6.57088  -28.51472  -0.07784   0.103000
  7.17024  -29.18068   3.89234  -0.006000
  5.91225  -30.81047   3.95187   0.103000
  8.75673  -29.49044   5.16878   0.103000
  5.46460  -26.39254   4.85486  -0.200000
 16.62150   -1.40263  20.37208  -0.200000
 16.17530   -3.86812  22.68104  -0.006000
 17.45527   -3.56489  24.26595   0.103000
 14.22888   -3.83529  23.35382   0.103000
 16.73243   -6.43384  21.47099  -0.006000
 15.45246   -6.73708  19.88608   0.103000
 18.67885   -6.46668  20.79819   0.103000
 16.28625   -8.89933  23.77997  -0.200000
 28.02933    9.61306  -6.75477  -0.200000
 27.78464   11.73803  -9.40698  -0.006000
 29.29499   11.33841 -10.74914   0.103000
 25.96070   11.47982 -10.32828   0.103000
 28.01734   14.46651  -8.48030  -0.006000
 26.50700   14.86612  -7.13810   0.103000
 29.84127   14.72473  -7.55900   0.103000
 27.77266   16.59147 -11.13251  -0.200000
-14.86719   12.33296  19.24263  -0.200000
-14.78514   15.53680  20.39939  -0.006000
-16.69906   16.29566  20.45715   0.103000
-13.97834   15.56265  22.29433   0.103000
-13.16056   17.15556  18.63928  -0.006000
-11.24663   16.39672  18.58153   0.103000
-13.96736   17.12971  16.74435   0.103000
-13.07853   20.35940  19.79607  -0.200000
  5.32013   24.36023 -16.83510  -0.200000
  4.74881   22.75892 -19.78785  -0.006000
  6.52315   22.00979 -20.51772   0.103000
  3.42279   21.21218 -19.48525   0.103000
  3.63396   24.62343 -21.69519  -0.006000
  1.85960   25.37256 -20.96532   0.103000
  4.95998   26.17017 -21.99779   0.103000
  3.06262   23.02212 -24.64794  -0.200000
 -8.83349    6.54752  22.56080  -0.200000
 -9.85352    4.61481  25.17478  -0.006000
 -8.21071    3.98407  26.24508   0.103000
-11.09120    5.71421  26.40027   0.103000
-11.28892    2.31512  24.17035  -0.006000
-12.93174    2.94584  23.10007   0.103000
-10.05123    1.21570  22.94485   0.103000
-12.30894    0.38239  26.78434  -0.200000
-18.40743   13.68731 -17.51094  -0.200000
-20.63150   11.88156 -15.66655  -0.006000
-20.70556    9.94998 -16.37771   0.103000
-20.03590   11.86538 -13.69496   0.103000
-23.25280   13.08361 -15.87045  -0.006000
-23.17876   15.01520 -15.15929   0.103000
-23.84838   13.09977 -17.84204   0.103000
-25.47685   11.27787 -14.02604  -0.200000
-22.56658    5.57371 -17.97305  -0.200000
-23.32306    4.83296 -14.73448  -0.006000
-22.32532    3.12177 -14.17002   0.103000
-22.74958    6.39478 -13.52046   0.103000
-26.17231    4.41357 -14.48214  -0.006000
-27.17001    6.12473 -15.04664   0.103000
-26.74577    2.85173 -15.69620   0.103000
-26.92875    3.67280 -11.24361  -0.200000
-26.38630  -19.02716  12.12692  -0.200000
-25.25135  -17.24530   9.45373  -0.006000
-26.74276  -17.10174   8.04052   0.103000
-24.70377  -15.35746  10.06886   0.103000
-22.96195  -18.58515   8.30440  -0.006000
-21.47054  -18.72872   9.71763   0.103000
-23.50953  -20.47299   7.68926   0.103000
-21.82700  -16.80329   5.63121  -0.200000
-32.14679    2.29418  -7.32777  -0.200000
-31.12755    3.78805  -4.44012  -0.006000
-31.76989    5.74481  -4.41500   0.103000
-31.92379    2.78287  -2.82837   0.103000
-28.24148    3.72023  -4.28673  -0.006000
-27.59913    1.76345  -4.31184   0.103000
-27.44523    4.72539  -5.89848   0.103000
-27.22222    5.21408  -1.39910  -0.200000
 25.74555    0.21985  13.66504  -0.200000
 28.44879   -1.33384  15.03891  -0.006000
 30.14691   -0.80404  14.00068   0.103000
 28.64171   -0.76332  17.00854   0.103000
 28.08861   -4.19878  14.89745  -0.006000
 26.39048   -4.72859  15.93566   0.103000
 27.89570   -4.76931  12.92784   0.103000
 30.79184   -5.75248  16.27132  -0.200000
 -0.62276    2.14582 -25.79539  -0.200000
  1.75930    4.56775 -26.05887  -0.006000
  0.86633    6.36019 -26.54050   0.103000
  2.75065    4.75466 -24.26318   0.103000
  3.64402    3.84453 -28.12825  -0.006000
  4.53699    2.05209 -27.64662   0.103000
  2.65268    3.65762 -29.92393   0.103000
  6.02607    6.26645 -28.39172  -0.200000
 30.41044    9.78657  10.82543  -0.200000
 27.95030    8.64431  12.88752  -0.006000
 26.33099    9.91373  12.79409   0.103000
 27.37841    6.75647  12.29475   0.103000
 28.93847    8.54270  15.60245  -0.006000
 30.55778    7.27327  15.69590   0.103000
 29.51036   10.43053  16.19524   0.103000
 26.47831    7.40043  17.66456  -0.200000
 16.17386   28.16695   6.29814  -0.200000
 16.93990   30.50250   3.93857  -0.006000
 18.43840   31.72656   4.64455   0.103000
 17.57440   29.56072   2.22024   0.103000
 14.59464   32.08955   3.35661  -0.006000
 13.09614   30.86552   2.65064   0.103000
 13.96014   33.03135   5.07495   0.103000
 15.36064   34.42510   0.99704  -0.200000
 -2.83090  -30.05228  -6.08437  -0.200000
 -0.85109  -31.94539  -4.05811  -0.006000
 -1.63817  -33.84267  -3.90644   0.103000
  1.04574  -32.05008  -4.85397   0.103000
 -0.72838  -30.74137  -1.43271  -0.006000
  0.05869  -28.84404  -1.58442   0.103000
 -2.62523  -30.63666  -0.63688   0.103000
  1.25141  -32.63446   0.59354  -0.200000
 33.02491   -6.06003   7.13298  -0.200000
 31.53957   -8.90900   5.99899  -0.006000
 32.98659  -10.24651   5.39953   0.103000
 30.41439   -9.74477   7.50817   0.103000
 29.82606   -8.27615   3.75819  -0.006000
 28.37904   -6.93866   4.35765   0.103000
 30.95124   -7.44040   2.24900   0.103000
 28.34071  -11.12512   2.62421  -0.200000
 28.12973   19.37623   2.83056  -0.200000
 29.85711   19.48895  -0.10416  -0.006000
 31.62716   20.50328   0.17894   0.103000
 30.25826   17.57118  -0.73937   0.103000
 28.27459   20.85354  -2.10200  -0.006000
 26.50452   19.83921  -2.38508   0.103000
 27.87342   22.77129  -1.46677   0.103000
 30.00197   20.96625  -5.03672  -0.200000
 23.57605    4.42954 -24.83221  -0.200000
 21.74060    2.35199 -22.85132  -0.006000
 22.58661    0.47411 -22.85516   0.103000
 21.70895    3.08734 -20.92764   0.103000
 19.03803    2.19235 -23.86541  -0.006000
 18.19202    4.07024 -23.86155   0.103000
 19.06968    1.45700 -25.78909   0.103000
 17.20257    0.11480 -21.88450  -0.200000
  9.20503  -21.48989 -22.60173  -0.200000
  6.52468  -19.45176 -22.08086  -0.006000
  4.95889  -20.05746 -23.27398   0.103000
  5.95974  -19.55167 -20.10270   0.103000
  7.24115  -16.72988 -22.74110  -0.006000
  8.80696  -16.12418 -21.54796   0.103000
  7.80610  -16.62995 -24.71922   0.103000
  4.56078  -14.69175 -22.22023  -0.200000
 15.43763  -26.48965   9.51052  -0.200000
 14.57943  -26.91153   6.24022  -0.006000
 15.05481  -28.82564   5.64658   0.103000
 12.55496  -26.60559   6.01621   0.103000
 16.02626  -25.01122   4.61140  -0.006000
 15.55088  -23.09712   5.20506   0.103000
 18.05070  -25.31719   4.83545   0.103000
 15.16806  -25.43309   1.34112  -0.200000
 -3.32955    8.78723 -29.28269  -0.200000
 -4.64880   10.69736 -26.78870  -0.006000
 -3.30084   10.82779 -25.23691   0.103000
 -5.05222   12.58444 -27.50878   0.103000
 -7.09586    9.48605 -25.83892  -0.006000
 -8.44383    9.35562 -27.39071   0.103000
 -6.69245    7.59897 -25.11883   0.103000
 -8.41514   11.39618 -23.34496  -0.200000
-16.06354   -5.70344 -24.99444  -0.200000
-18.45607   -7.83445 -23.83536  -0.006000
-19.95874   -8.00632 -25.23344   0.103000
-17.62020   -9.68572 -23.49398   0.103000
-19.55133   -6.80279 -21.36681  -0.006000
-18.04868   -6.63092 -19.96874   0.103000
-20.38720   -4.95152 -21.70817   0.103000
-21.94388   -8.93379 -20.20773  -0.200000
 -1.44734   -9.67094 -27.10740  -0.200000
  0.95323   -7.58449 -28.32919  -0.006000
  2.51014   -8.69858 -29.08871   0.103000
  0.15175   -6.41553 -29.82364   0.103000
  1.93088   -5.88956 -26.20105  -0.006000
  0.37398   -4.77547 -25.44153   0.103000
  2.73237   -7.05851 -24.70660   0.103000
  4.33146   -3.80309 -27.42282  -0.200000
 -7.44442    8.95929  29.57905  -0.200000
 -6.82374   11.51573  27.41371  -0.006000
 -8.34261   11.62552  26.02686   0.103000
 -6.71616   13.28863  28.45655   0.103000
 -4.31466   11.04260  26.05798  -0.006000
 -2.79579   10.93280  27.44483   0.103000
 -4.42226    9.26969  25.01512   0.103000
 -3.69400   13.59904  23.89264  -0.200000
-23.60102   26.46180  -9.56657  -0.200000
-22.43812   25.87850  -6.41747  -0.006000
-21.28331   27.47044  -5.80565   0.103000
-24.02872   25.64840  -5.12932   0.103000
-20.83848   23.47040  -6.41160  -0.006000
-21.99329   21.87846  -7.02343   0.103000
-19.24786   23.70047  -7.69975   0.103000
-19.67556   22.88710  -3.26250  -0.200000
  8.78993  -29.36045  10.18734  -0.200000
  5.70357  -30.50018  11.07308  -0.006000
  4.99725  -31.77353   9.61644   0.103000
  5.83158  -31.50888  12.86424   0.103000
  3.89459  -28.26280  11.35548  -0.006000
  4.60090  -26.98945  12.81212   0.103000
  3.76658  -27.25410   9.56432   0.103000
  0.80822  -29.40255  12.24119  -0.200000
 33.19586    2.37249  11.13255  -0.200000
 31.24282    1.77135   8.40618  -0.006000
 30.29605   -0.04458   8.62613   0.103000
 29.83420    3.26335   8.22760   0.103000
 32.89227    1.71572   6.03257  -0.006000
 33.83902    3.53163   5.81261   0.103000
 34.30087    0.22372   6.21111   0.103000
 30.93922    1.11456   3.30619  -0.200000
-33.85382   12.76999   1.20704  -0.200000
-30.95179   13.80400  -0.24839  -0.006000
-31.37418   14.74126  -2.03314   0.103000
-29.98461   15.12002   1.00662   0.103000
-29.25245   11.51758  -0.74034  -0.006000
-28.83006   10.58033   1.04441   0.103000
-30.21963   10.20155  -1.99534   0.103000
-26.35042   12.55158  -2.19579  -0.200000
 22.64007   -1.10934  20.57309  -0.200000
 22.96701    2.24773  21.05508  -0.006000
 24.94456    2.70161  21.40931   0.103000
 22.32265    3.24908  19.37447   0.103000
 21.37220    3.05487  23.32725  -0.006000
 19.39466    2.60100  22.97300   0.103000
 22.01654    2.05351  25.00786   0.103000
 21.69912    6.41194  23.80925  -0.200000
  1.55031  -10.93836  32.79393  -0.200000
  1.39959  -11.98181  29.55390  -0.006000
  3.11406  -13.02344  29.08706   0.103000
 -0.23788  -13.20544  29.30164   0.103000
  1.16343   -9.68643  27.81229  -0.006000
 -0.55103   -8.64480  28.27911   0.103000
  2.80090   -8.46282  28.06455   0.103000
  1.01272  -10.72990  24.57224  -0.200000
 13.62220  -17.28264  18.17389  -0.200000
 16.84723  -16.23785  18.51557  -0.006000
 18.12304  -17.73822  17.91273   0.103000
 17.15469  -14.56603  17.35256   0.103000
 17.36235  -15.59139  21.28580  -0.006000
 16.08656  -14.09103  21.88862   0.103000
 17.05487  -17.26322  22.44881   0.103000
 20.58738  -14.54660  21.62748  -0.200000
-15.78862  -18.44959 -17.02736  -0.200000
-14.05401  -17.57311 -19.82595  -0.006000
-12.41248  -16.44908 -19.29291   0.103000
-13.43283  -19.27267 -20.80970   0.103000
-15.75888  -16.02038 -21.56954  -0.006000
-17.40041  -17.14441 -22.10258   0.103000
-16.38003  -14.32080 -20.58577   0.103000
-14.02426  -15.14389 -24.36813  -0.200000
 20.31344  -19.43948  10.73835  -0.200000
 20.73391  -21.28219   7.90344  -0.006000
 20.76510  -23.28479   8.38400   0.103000
 19.17806  -20.91116   6.60578   0.103000
 23.23237  -20.55551   6.64352  -0.006000
 23.20119  -18.55293   6.16296   0.103000
 24.78822  -20.92652   7.94118   0.103000
 23.65283  -22.39824   3.80859  -0.200000
 -0.30181  -20.22489  24.87382  -0.200000
 -2.10062  -17.60176  23.65215  -0.006000
 -1.14115  -15.83783  24.11069   0.103000
 -2.27202  -17.77920  21.60734   0.103000
 -4.73509  -17.60225  24.84262  -0.006000
 -5.69456  -19.36616  24.38410   0.103000
 -4.56369  -17.42481  26.88744   0.103000
 -6.53390  -14.97910  23.62095  -0.200000
 -0.10688  -19.65846 -24.68126  -0.200000
 -3.35880  -18.80750 -25.23775  -0.006000
 -3.45391  -16.86679 -25.92096   0.103000
 -4.16849  -20.07246 -26.64716   0.103000
 -4.84976  -19.03391 -22.77131  -0.006000
 -4.75466  -20.97462 -22.08810   0.103000
 -4.04008  -17.76894 -21.36190   0.103000
 -8.10169  -18.18294 -23.32780  -0.200000
 19.64574   27.78030  -4.73720  -0.200000
 21.75252   28.94446  -2.32570  -0.006000
 21.71358   31.00372  -2.31507   0.103000
 21.15087   28.23644  -0.48753   0.103000
 24.44138   28.03533  -2.87439  -0.006000
 24.48029   25.97608  -2.88503   0.103000
 25.04301   28.74336  -4.71256   0.103000
 26.54816   29.19950  -0.46291  -0.200000
 19.94067  -23.63388 -11.95182  -0.200000
 18.52219  -21.57115 -14.26310  -0.006000
 18.83842  -22.33329 -16.15024   0.103000
 16.49803  -21.43135 -13.90895   0.103000
 19.71633  -18.94518 -14.07296  -0.006000
 19.40008  -18.18300 -12.18580   0.103000
 21.74047  -19.08497 -14.42710   0.103000
 18.29784  -16.88244 -16.38423  -0.200000
-34.41860   -8.26859   7.28459  -0.200000
-31.21070   -9.03385   8.14068  -0.006000
-30.12059   -7.29797   8.34204   0.103000
-31.20238  -10.06132   9.92573   0.103000
-30.02909  -10.67875   6.07772  -0.006000
-31.11920  -12.41465   5.87637   0.103000
-30.03739   -9.65130   4.29266   0.103000
-26.82120  -11.44399   6.93380  -0.200000
 22.16866  -11.62397 -15.18860  -0.200000
 25.24712  -11.25714 -16.60198  -0.006000
 26.69327  -11.38127 -15.14064   0.103000
 25.54640  -12.74630 -17.99299   0.103000
 25.41015   -8.67963 -17.90104  -0.006000
 23.96401   -8.55551 -19.36236   0.103000
 25.11089   -7.19046 -16.51001   0.103000
 28.48862   -8.31281 -19.31440  -0.200000
-14.57846   25.09473  12.44404  -0.200000
-12.11271   26.87572  13.97932  -0.006000
-11.69126   26.02930  15.80911   0.103000
-10.41933   26.85633  12.80700   0.103000
-12.98892   29.60430  14.35980  -0.006000
-13.41038   30.45074  12.53002   0.103000
-14.68230   29.62371  15.53213   0.103000
-10.52319   31.38531  15.89509  -0.200000
  9.83429  -31.79319 -12.85052  -0.200000
  9.73217  -28.40523 -13.19760  -0.006000
  9.74248  -27.91904 -15.19903   0.103000
  8.01616  -27.67629 -12.32236   0.103000
 12.04118  -27.23471 -11.91074  -0.006000
 12.03085  -27.72090  -9.90933   0.103000
 13.75719  -27.96364 -12.78598   0.103000
 11.93906  -23.84676 -12.25784  -0.200000
 -1.44942    4.54218  30.84840  -0.200000
 -0.06181    2.84309  28.24131  -0.006000
 -0.89787    3.49318  26.47476   0.103000
  1.96972    3.18024  28.20496   0.103000
 -0.56255    0.01366  28.55945  -0.006000
  0.27350   -0.63642  30.32602   0.103000
 -2.59408   -0.32348  28.59581   0.103000
  0.82505   -1.68541  25.95238  -0.200000
 -8.09929  -31.10431   0.04927  -0.200000
 -9.86097  -30.38740   2.87620  -0.006000
 -9.29774  -31.67504   4.38190   0.103000
 -9.47679  -28.44745   3.45174   0.103000
-12.68768  -30.69469   2.35398  -0.006000
-13.25095  -29.40703   0.84830   0.103000
-13.07188  -32.63463   1.77844   0.103000
-14.44939  -29.97776   5.18089  -0.200000
-16.35896    7.32513  26.85545  -0.200000
-18.72265    5.87941  24.87254  -0.006000
-18.12041    3.97746  24.36078   0.103000
-20.50963    5.78320  25.89220   0.103000
-19.06613    7.45811  22.47514  -0.006000
-19.66836    9.36006  22.98691   0.103000
-17.27915    7.55429  21.45552   0.103000
-21.42982    6.01239  20.49227  -0.200000
-26.61555   18.90278   9.26518  -0.200000
-25.06964   18.61588   6.24245  -0.006000
-23.04604   18.92187   6.47390   0.103000
-25.39662   16.73080   5.47968   0.103000
-26.13966   20.59002   4.42166  -0.006000
-28.16321   20.28404   4.19018   0.103000
-25.81264   22.47510   5.18441   0.103000
-24.59373   20.30312   1.39893  -0.200000
 30.29320   -6.59125  -3.98509  -0.200000
 33.61471   -6.92073  -4.66919  -0.006000
 34.18976   -8.87395  -4.35858   0.103000
 33.96643   -6.40481  -6.63192   0.103000
 35.13394   -5.18182  -2.92972  -0.006000
 34.55890   -3.22858  -3.24031   0.103000
 34.78220   -5.69773  -0.96697   0.103000
 38.45545   -5.51127  -3.61380  -0.200000
-15.99793  -25.94505 -13.23028  -0.200000
-12.72955  -26.10177 -12.28042  -0.006000
-11.55904  -25.15756 -13.68778   0.103000
-12.49829  -25.17053 -10.45788   0.103000
-11.92262  -28.86878 -12.05691  -0.006000
-13.09312  -29.81298 -10.64955   0.103000
-12.15387  -29.80002 -13.87945   0.103000
 -8.65425  -29.02549 -11.10705  -0.200000
-36.94651   -3.35120   3.31500  -0.200000
-34.35040   -1.51628   2.08930  -0.006000
-35.08301    0.03201   0.94551   0.103000
-33.24930   -0.75334   3.65384   0.103000
-32.66324   -3.20394   0.45756  -0.006000
-31.93061   -4.75223   1.60135   0.103000
-33.76432   -3.96686  -1.10698   0.103000
-30.06713   -1.36899  -0.76814  -0.200000
-25.74281  -17.50174   0.65307  -0.200000
-24.08753  -20.47747   0.53396  -0.006000
-23.07420  -20.62897  -1.25283   0.103000
-22.74746  -20.58125   2.09467   0.103000
-25.98700  -22.64608   0.75026  -0.006000
-27.00029  -22.49458   2.53705   0.103000
-27.32703  -22.54230  -0.81047   0.103000
-24.33170  -25.62183   0.63113  -0.200000
  0.29933  -24.81876  16.87765  -0.200000
 -2.65839  -25.98184  18.10569  -0.006000
 -3.68275  -24.43858  19.00645   0.103000
 -3.78837  -26.74890  16.56392   0.103000
 -2.14457  -28.05971  20.04888  -0.006000
 -1.12021  -29.60296  19.14810   0.103000
 -1.01461  -27.29262  21.59063   0.103000
 -5.10232  -29.22276  21.27692  -0.200000
-20.96436    4.14596 -26.11301  -0.200000
-20.19208    7.30744 -25.10416  -0.006000
-20.37208    8.60031 -26.69739   0.103000
-21.47950    7.88343 -23.60317   0.103000
-17.47522    7.36753 -24.11789  -0.006000
-17.29523    6.07468 -22.52467   0.103000
-16.18779    6.79156 -25.61885   0.103000
-16.70293   10.52901 -23.10903  -0.200000
-11.33104   25.73159 -15.31196  -0.200000
-13.56406   26.44401 -17.78482  -0.006000
-15.29259   27.19535 -16.95415   0.103000
-12.75212   27.84086 -19.06223   0.103000
-14.17313   24.03197 -19.25741  -0.006000
-12.44460   23.28061 -20.08809   0.103000
-14.98509   22.63510 -17.98001   0.103000
-16.40619   24.74438 -21.73030  -0.200000
 14.74676   34.60640  11.15607  -0.200000
 17.41146   32.60715  11.87118  -0.006000
 18.39862   32.12846  10.12801   0.103000
 18.69610   33.60141  13.13743   0.103000
 16.48376   30.18520  13.14830  -0.006000
 15.49660   30.66391  14.89148   0.103000
 15.19912   29.19094  11.88207   0.103000
 19.14846   28.18596  13.86341  -0.200000
 26.56658   15.22940 -20.33219  -0.200000
 23.81114   13.23016 -20.47180  -0.006000
 23.81015   11.94806 -18.85990   0.103000
 22.11356   14.39557 -20.42373   0.103000
 23.85664   11.69627 -22.92185  -0.006000
 23.85764   12.97841 -24.53377   0.103000
 25.55422   10.53090 -22.96994   0.103000
 21.10119    9.69705 -23.06146  -0.200000
-31.90725   -9.17515  -4.18981  -0.200000
-31.59688   -6.22922  -5.87329  -0.006000
-33.05838   -4.92124  -5.24452   0.103000
-29.74128   -5.41692  -5.50035   0.103000
-31.88682   -6.70526  -8.71001  -0.006000
-30.42529   -8.01325  -9.33880   0.103000
-33.74240   -7.51756  -9.08295   0.103000
-31.57644   -3.75933 -10.39351  -0.200000
 28.13800   27.17417  11.63474  -0.200000
 25.92213   26.04700   9.30480  -0.006000
 26.92669   24.96719   7.86706   0.103000
 24.52133   24.84221  10.21512   0.103000
 24.59683   28.29837   8.06690  -0.006000
 23.59225   29.37819   9.50464   0.103000
 25.99762   29.50318   7.15658   0.103000
 22.38093   27.17120   5.73694  -0.200000
-10.90495   33.24896  -9.38410  -0.200000
-13.03875   30.60958  -9.08457  -0.006000
-12.05526   28.87065  -9.58564   0.103000
-13.70832   30.48455  -7.14078   0.103000
-15.29178   30.98605 -10.85646  -0.006000
-16.27530   32.72499 -10.35540   0.103000
-14.62221   31.11107 -12.80025   0.103000
-17.42560   28.34667 -10.55692  -0.200000
 -1.55385   34.37404  -5.27258  -0.200000
 -3.76570   36.94711  -5.58267  -0.006000
 -5.41902   36.57682  -4.41158   0.103000
 -2.87091   38.69946  -4.97366   0.103000
 -4.57864   37.19123  -8.34622  -0.006000
 -2.92531   37.56154  -9.51730   0.103000
 -5.47342   35.43888  -8.95522   0.103000
 -6.79049   39.76430  -8.65631  -0.200000
  5.53072   33.28414 -16.63721  -0.200000
  8.16384   31.13055 -16.83206  -0.006000
  7.48536   29.19599 -16.63367   0.103000
  9.09586   31.34812 -18.65585   0.103000
 10.04397   31.71319 -14.71464  -0.006000
 10.72246   33.64776 -14.91302   0.103000
  9.11196   31.49563 -12.89082   0.103000
 12.67710   29.55963 -14.90947  -0.200000
 -5.97645   17.81953 -24.10578  -0.200000
 -5.02911   18.92576 -27.18603  -0.006000
 -4.62616   17.31250 -28.40145   0.103000
 -6.54835   20.04516 -28.01124   0.103000
 -2.65671   20.55875 -26.93584  -0.006000
 -3.05964   22.17202 -25.72040   0.103000
 -1.13746   19.43937 -26.11063   0.103000
 -1.70937   21.66499 -30.01607  -0.200000
  9.80095   33.59667  -7.57143  -0.200000
 12.62881   35.31840  -6.76650  -0.006000
 13.65737   34.30278  -5.29928   0.103000
 13.81923   35.50385  -8.43708   0.103000
 11.91384   37.94653  -5.79736  -0.006000
 10.88529   38.96215  -7.26458   0.103000
 10.72344   37.76106  -4.12680   0.103000
 14.74172   39.66828  -4.99243  -0.200000
-17.19887  -22.72229  12.25134  -0.200000
-20.17696  -22.57125  13.89971  -0.006000
-21.48675  -21.38252  12.84449   0.103000
-20.96088  -24.46757  14.07736   0.103000
-19.76551  -21.44917  16.53202  -0.006000
-18.45573  -22.63788  17.58723   0.103000
-18.98162  -19.55285  16.35435   0.103000
-22.74361  -21.29810  18.18037  -0.200000
  0.34731   36.91784   9.19284  -0.200000
 -1.82425   38.20803   6.90619  -0.006000
 -3.73310   37.56080   7.33006   0.103000
 -1.76300   40.26528   6.98503   0.103000
 -1.07355   37.32340   4.25831  -0.006000
  0.83528   37.97061   3.83446   0.103000
 -1.13482   35.26613   4.17947   0.103000
 -3.24513   38.61357   1.97166  -0.200000
-17.79927   31.39370   1.74769  -0.200000
-19.78267   28.91190   0.51644  -0.006000
-19.86155   29.05042  -1.53703   0.103000
-19.00515   27.08144   1.05220   0.103000
-22.44840   29.18060   1.60245  -0.006000
-22.36952   29.04210   3.65594   0.103000
-23.22591   31.01109   1.06667   0.103000
-24.43180   26.69884   0.37122  -0.200000
 11.45063  -21.64868  22.94143  -0.200000
  9.89372  -18.66225  23.45785  -0.006000
 10.65239  -17.77641  25.15547   0.103000
 10.21474  -17.43097  21.83830   0.103000
  7.05503  -19.09963  23.78678  -0.006000
  6.29638  -19.98550  22.08918   0.103000
  6.73398  -20.33092  25.40633   0.103000
  5.49812  -16.11320  24.30320  -0.200000
  7.65477  -28.52576  17.11756  -0.200000
  9.80099  -25.91376  16.69240  -0.006000
  9.78122  -25.32237  14.71959   0.103000
  9.21485  -24.34152  17.88690   0.103000
 12.47455  -26.73441  17.42462  -0.006000
 12.49432  -27.32580  19.39743   0.103000
 13.06069  -28.30666  16.23012   0.103000
 14.62077  -24.12241  16.99948  -0.200000
 12.54447   13.28528 -30.23550  -0.200000
 11.83216   10.63910 -28.21081  -0.006000
 11.86531   11.25028 -26.24414   0.103000
  9.96337    9.90549 -28.67081   0.103000
 13.80541    8.56384 -28.60728  -0.006000
 13.77227    7.95269 -30.57392   0.103000
 15.67420    9.29745 -28.14724   0.103000
 13.09308    5.91766 -26.58259  -0.200000
-27.39532  -13.92705  -8.14028  -0.200000
-28.92360  -16.63985  -6.75679  -0.006000
-30.04617  -17.60178  -8.19096   0.103000
-27.49752  -17.93070  -6.02057   0.103000
-30.64786  -15.77967  -4.60165  -0.006000
-29.52529  -14.81774  -3.16748   0.103000
-32.07394  -14.48879  -5.33789   0.103000
-32.17616  -18.49246  -3.21817  -0.200000
-27.52554  -11.24763 -17.00893  -0.200000
-26.31733  -14.20029 -18.20526  -0.006000
-27.76898  -15.65249 -18.04399   0.103000
-25.78754  -13.97509 -20.18282   0.103000
-23.99648  -14.98449 -16.67022  -0.006000
-22.54483  -13.53229 -16.83147   0.103000
-24.52626  -15.20969 -14.69266   0.103000
-22.78826  -17.93715 -17.86651  -0.200000
  8.00059   -5.96237  27.28156  -0.200000
  9.88100   -8.78864  27.57337  -0.006000
 10.80974   -9.18439  25.77809   0.103000
 11.30368   -8.51915  29.03812   0.103000
  8.17539  -11.01159  28.28542  -0.006000
  7.24667  -10.61586  30.08072   0.103000
  6.75273  -11.28110  26.82068   0.103000
 10.05582  -13.83786  28.57723  -0.200000
 30.20933    7.88027 -21.21760  -0.200000
 28.00449    5.76839 -19.70502  -0.006000
 27.85386    6.24777 -17.70762   0.103000
 26.15670    5.95048 -20.59652   0.103000
 28.93885    3.04584 -19.97374  -0.006000
 29.08950    2.56646 -21.97117   0.103000
 30.78664    2.86373 -19.08223   0.103000
 26.73403    0.93396 -18.46119  -0.200000
 12.16466   23.29337 -21.46547  -0.200000
 14.62555   25.46808 -22.37296  -0.006000
 15.60562   26.13788 -20.68980   0.103000
 15.96409   24.51245 -23.61279   0.103000
 13.45895   27.71646 -23.76631  -0.006000
 12.47888   27.04669 -25.44949   0.103000
 12.12040   28.67213 -22.52650   0.103000
 15.91983   29.89118 -24.67380  -0.200000
 14.46387   19.71445  30.49122  -0.200000
 12.39245   17.77435  28.60594  -0.006000
 13.28481   17.37705  26.79259   0.103000
 12.02261   16.00434  29.59205   0.103000
  9.89946   19.17067  28.16661  -0.006000
  9.00710   19.56794  29.97996   0.103000
 10.26930   20.94066  27.18046   0.103000
  7.82806   17.23054  26.28133  -0.200000
 31.70730   -3.12067 -17.90281  -0.200000
 31.57593   -3.22327 -14.49970  -0.006000
 29.63376   -2.93355 -13.87807   0.103000
 32.24154   -5.05785 -13.84143   0.103000
 33.25714   -1.14058 -13.40721  -0.006000
 35.19931   -1.43030 -14.02885   0.103000
 32.59150    0.69398 -14.06548   0.103000
 33.12577   -1.24321 -10.00410  -0.200000
  3.55029  -34.38086  -9.28502  -0.200000
  3.37038  -33.62821 -12.60317  -0.006000
  5.24752  -33.14769 -13.30146   0.103000
  2.64790  -35.25549 -13.63866   0.103000
  1.59580  -31.37835 -12.98614  -0.006000
 -0.28132  -31.85884 -12.28785   0.103000
  2.31830  -29.75105 -11.95065   0.103000
  1.41590  -30.62570 -16.30429  -0.200000
-19.03172  -29.25247  -7.88479  -0.200000
-20.78160  -26.71808  -6.42745  -0.006000
-22.00246  -27.48357  -4.95581   0.103000
-19.46896  -25.36579  -5.59663   0.103000
-22.39675  -25.38993  -8.42374  -0.006000
-21.17587  -24.62442  -9.89538   0.103000
-23.70939  -26.74219  -9.25456   0.103000
-24.14664  -22.85552  -6.96640  -0.200000
 22.80304   21.64071  17.73104  -0.200000
 24.35800   24.64554  18.13406  -0.006000
 24.57152   25.56000  16.30095   0.103000
 23.22846   25.84318  19.37187   0.103000
 26.96513   24.23094  19.31251  -0.006000
 26.75161   23.31650  21.14564   0.103000
 28.09469   23.03334  18.07472   0.103000
 28.52009   27.23579  19.71555  -0.200000
  7.54944   35.42176   8.45195  -0.200000
  7.90331   37.11783  11.38573  -0.006000
  9.88204   37.09670  11.95717   0.103000
  7.28197   39.06519  11.13283   0.103000
  6.29744   35.85281  13.42989  -0.006000
  4.31872   35.87392  12.85843   0.103000
  6.91878   33.90545  13.68277   0.103000
  6.65133   37.54888  16.36363  -0.200000
-19.26211   23.21602 -14.33941  -0.200000
-22.33002   22.02544 -15.22258  -0.006000
-22.71232   20.28196 -14.19477   0.103000
-23.76909   23.42480 -14.76080   0.103000
-22.37734   21.49768 -18.06450  -0.006000
-21.99507   23.24117 -19.09228   0.103000
-20.93832   20.09833 -18.52625   0.103000
-25.44529   20.30711 -18.94764  -0.200000
-11.88657  -26.14646  14.44473  -0.200000
-12.28347  -29.46822  15.09071  -0.006000
-13.34271  -29.70600  16.84103   0.103000
-13.31163  -30.35167  13.54004   0.103000
 -9.68881  -30.71449  15.35890  -0.006000
 -8.62957  -30.47671  13.60858   0.103000
 -8.66063  -29.83105  16.90959   0.103000
-10.08570  -34.03627  16.00488  -0.200000
-11.96860   20.77442 -27.08250  -0.200000
-11.82891   17.63955 -28.41001  -0.006000
-12.83315   17.60945 -30.20803   0.103000
 -9.86199   17.10862 -28.71267   0.103000
-13.06235   15.76529 -26.58695  -0.006000
-12.05810   15.79541 -24.78894   0.103000
-15.02929   16.29626 -26.28430   0.103000
-12.92267   12.63046 -27.91447  -0.200000
 -4.20192   27.34851  20.65183  -0.200000
 -6.83372   26.68108  22.71028  -0.006000
 -6.81605   24.68644  23.22335   0.103000
 -6.68266   27.82986  24.41309   0.103000
 -9.30575   27.30231  21.34616  -0.006000
 -9.32340   29.29695  20.83306   0.103000
 -9.45679   26.15353  19.64333   0.103000
-11.93753   26.63488  23.40458  -0.200000
 12.28500   11.28159  31.83712  -0.200000
 11.43538    8.00397  32.21751  -0.006000
 13.01194    6.97855  33.05722   0.103000
  9.78901    7.85918  33.44653   0.103000
 10.81194    6.86415  29.63491  -0.006000
  9.23539    7.88959  28.79521   0.103000
 12.45832    7.00896  28.40589   0.103000
  9.96233    3.58653  30.01529  -0.200000
-11.12125   17.08976  26.76028  -0.200000
 -8.99663   19.74123  26.50596  -0.006000
 -7.94169   19.60963  24.74190   0.103000
-10.07878   21.49357  26.53022   0.103000
 -7.15411   19.71680  28.73355  -0.006000
 -8.20903   19.84838  30.49761   0.103000
 -6.07194   17.96445  28.70929   0.103000
 -5.02949   22.36827  28.47923  -0.200000
 32.33977   24.06850 -13.83225  -0.200000
 29.08767   23.05865 -13.71798  -0.006000
 28.86993   21.60497 -12.27513   0.103000
 27.88461   24.66658 -13.26025   0.103000
 28.32131   21.98437 -16.29014  -0.006000
 28.53904   23.43805 -17.73302   0.103000
 29.52436   20.37644 -16.74791   0.103000
 25.06918   20.97452 -16.17589  -0.200000
 29.33042  -13.13637  19.80873  -0.200000
 27.28668  -10.94420  21.42946  -0.006000
 25.94979  -11.98716  22.59867   0.103000
 28.41823   -9.70225  22.62087   0.103000
 25.83955   -9.36195  19.49041  -0.006000
 27.17645   -8.31901  18.32122   0.103000
 24.70802  -10.60390  18.29901   0.103000
 23.79583   -7.16977  21.11113  -0.200000
 21.40561   25.52508 -18.42842  -0.200000
 20.78429   28.86111 -18.12176  -0.006000
 22.52501   29.91599 -18.43687   0.103000
 19.37568   29.42838 -19.51327   0.103000
 19.79016   29.41584 -15.46442  -0.006000
 18.04945   28.36097 -15.14931   0.103000
 21.19878   28.84858 -14.07290   0.103000
 19.16883   32.75186 -15.15776  -0.200000
 39.24014    5.81637 -16.74581  -0.200000
 35.87309    5.48909 -16.33995  -0.006000
 34.89748    6.71157 -17.68005   0.103000
 35.32800    3.53105 -16.67339   0.103000
 35.14944    6.24418 -13.64482  -0.006000
 36.12503    5.02170 -12.30472   0.103000
 35.69453    8.20224 -13.31138   0.103000
 31.78236    5.91688 -13.23895  -0.200000
-27.15034   12.34456  19.12875  -0.200000
-24.22559   12.43963  20.87407  -0.006000
-24.09883   10.78435  22.09311   0.103000
-22.64056   12.44729  19.55884   0.103000
-24.14599   14.83452  22.49139  -0.006000
-24.27276   16.48981  21.27233   0.103000
-25.73102   14.82687  23.80660   0.103000
-21.22127   14.92959  24.23668  -0.200000
 37.11416  -14.67516   1.37523  -0.200000
 34.50247  -13.00891  -0.04316  -0.006000
 33.04776  -12.67564   1.37638   0.103000
 35.16142  -11.20530  -0.78811   0.103000
 33.40212  -14.59500  -2.19514  -0.006000
 34.85681  -14.92827  -3.61471   0.103000
 32.74317  -16.39863  -1.45019   0.103000
 30.79042  -12.92877  -3.61355  -0.200000
 -0.32537   28.63549  25.50790  -0.200000
  2.66015   27.99996  27.02184  -0.006000
  3.57154   29.77923  27.51772   0.103000
  2.34283   26.89152  28.72854   0.103000
  4.36120   26.51815  25.21401  -0.006000
  3.44979   24.73888  24.71813   0.103000
  4.67853   27.62657  23.50730   0.103000
  7.34673   25.88260  26.72797  -0.200000
-31.70446   -6.58265  14.89951  -0.200000
-29.64391   -5.60491  17.43081  -0.006000
-27.68364   -5.74836  16.81526   0.103000
-30.06229   -3.65422  17.94274   0.103000
-30.05961   -7.31281  19.72598  -0.006000
-32.01992   -7.16938  20.34154   0.103000
-29.64126   -9.26348  19.21406   0.103000
-27.99909   -6.33508  22.25729  -0.200000
 37.78275    5.85320  -6.96502  -0.200000
 37.06913    8.61122  -5.09608  -0.006000
 38.61720    9.96156  -5.24524   0.103000
 35.33259    9.47794  -5.78559   0.103000
 36.72789    7.83962  -2.33101  -0.006000
 35.17984    6.48924  -2.18186   0.103000
 38.46445    6.97288  -1.64151   0.103000
 36.01429   10.59762  -0.46209  -0.200000
-21.68209   22.35015  13.88771  -0.200000
-24.19660   22.34480  16.18696  -0.006000
-25.88447   21.50508  15.35729   0.103000
-23.62093   21.24740  17.83210   0.103000
-24.76994   25.06092  16.99419  -0.006000
-23.08208   25.90062  17.82386   0.103000
-25.34561   26.15831  15.34905   0.103000
-27.28445   25.05558  19.29344  -0.200000
-17.04312   36.13527   7.36063  -0.200000
-13.79882   36.78420   6.54658  -0.006000
-13.73657   37.96475   4.85996   0.103000
-12.88221   37.76708   8.10734   0.103000
-12.41835   34.29679   6.03199  -0.006000
-12.48064   33.11624   7.71861   0.103000
-13.33498   33.31393   4.47122   0.103000
 -9.17405   34.94574   5.21793  -0.200000
-27.96107  -11.92994  14.14570  -0.200000
-28.88384  -14.19747  16.51564  -0.006000
-30.25839  -13.34067  17.78799   0.103000
-29.72399  -15.84174  15.60307   0.103000
-26.55706  -15.01709  18.02289  -0.006000
-25.18253  -15.87389  16.75053   0.103000
-25.71690  -13.37280  18.93543   0.103000
-27.47987  -17.28459  20.39285  -0.200000
-31.14463    7.34134  20.31354  -0.200000
-30.61455    6.90980  16.97560  -0.006000
-32.10216    7.86077  15.91507   0.103000
-28.78667    7.70774  16.46146   0.103000
-30.64217    4.08693  16.35258  -0.006000
-29.15456    3.13594  17.41311   0.103000
-32.47005    3.28899  16.86671   0.103000
-30.11207    3.65539  13.01466  -0.200000
 33.61050  -17.82186  -8.56913  -0.200000
 31.28258  -17.21724 -10.98254  -0.006000
 31.61935  -15.36260 -11.81275   0.103000
 31.41934  -18.66014 -12.44596   0.103000
 28.64054  -17.28200  -9.81076  -0.006000
 28.30377  -19.13661  -8.98053   0.103000
 28.50378  -15.83910  -8.34734   0.103000
 26.31262  -16.67736 -12.22417  -0.200000
 13.87809  -14.90178 -25.15651  -0.200000
 17.02226  -16.01853 -24.46649  -0.006000
 18.36237  -15.14221 -25.76203   0.103000
 17.51685  -15.52510 -22.52892   0.103000
 17.11565  -18.89067 -24.78217  -0.006000
 15.77553  -19.76697 -23.48661   0.103000
 16.62107  -19.38409 -26.71974   0.103000
 20.25981  -20.00742 -24.09216  -0.200000
 -4.03955  -10.10580 -33.57255  -0.200000
 -6.46018   -7.73688 -33.20107  -0.006000
 -6.08698   -6.16667 -34.48072   0.103000
 -8.29783   -8.55783 -33.63852   0.103000
 -6.45912   -6.77739 -30.47399  -0.006000
 -6.83232   -8.34760 -29.19434   0.103000
 -4.62148   -5.95645 -30.03655   0.103000
 -8.87977   -4.40847 -30.10251  -0.200000
 21.96837  -27.19025  -4.60411  -0.200000
 23.38608  -26.72186  -1.54147  -0.006000
 25.25530  -25.88757  -1.76997   0.103000
 22.20303  -25.46088  -0.42232   0.103000
 23.62638  -29.26694  -0.19143  -0.006000
 21.75715  -30.10124   0.03711   0.103000
 24.80942  -30.52792  -1.31056   0.103000
 25.04409  -28.79856   2.87123  -0.200000
-22.82574    0.27824  26.80159  -0.200000
-25.81557   -0.64710  25.45476  -0.006000
-25.90427   -2.70074  25.32452   0.103000
-27.34795    0.03220  26.65160   0.103000
-26.07784    0.49724  22.81293  -0.006000
-25.98914    2.55087  22.94316   0.103000
-24.54546   -0.18206  21.61607   0.103000
-29.06767   -0.42812  21.46610  -0.200000
-31.49648   11.12795  12.34014  -0.200000
-31.50510   13.44041   9.83778  -0.006000
-30.67095   15.19529  10.52107   0.103000
-30.40796   12.73286   8.24471   0.103000
-34.22479   13.93323   8.99043  -0.006000
-35.05894   12.17836   8.30714   0.103000
-35.32193   14.64077  10.58351   0.103000
-34.23343   16.24567   6.48807  -0.200000
 -8.69074    4.41030 -30.01199  -0.200000
 -6.41061    2.17171 -31.19447  -0.006000
 -4.54636    3.04641 -31.23528   0.103000
 -6.36779    0.52005 -29.96476   0.103000
 -7.15265    1.36183 -33.86864  -0.006000
 -9.01690    0.48713 -33.82782   0.103000
 -7.19545    3.01349 -35.09832   0.103000
 -4.87253   -0.87674 -35.05109  -0.200000
-10.72202  -10.13615  29.19128  -0.200000
-12.03302  -13.25121  28.75876  -0.006000
-11.83639  -13.81163  26.78657   0.103000
-11.02874  -14.59182  29.95734   0.103000
-14.83299  -13.22670  29.47803  -0.006000
-15.02960  -12.66631  31.45020   0.103000
-15.83727  -11.88611  28.27945   0.103000
-16.14399  -16.34177  29.04549  -0.200000
 32.37369   21.93192   8.24215  -0.200000
 34.92518   20.15599   9.63689  -0.006000
 36.15320   19.43389   8.14935   0.103000
 36.00966   21.37961  10.88941   0.103000
 33.84420   17.94350  11.15143  -0.006000
 32.61618   18.66562  12.63896   0.103000
 32.75973   16.71990   9.89890   0.103000
 36.39569   16.16759  12.54616  -0.200000
  3.75385   34.10631  23.09931  -0.200000
  1.16366   32.88738  21.25160  -0.006000
  1.71408   31.09758  20.39381   0.103000
 -0.47026   32.59148  22.47026   0.103000
  0.48566   34.78158  19.17556  -0.006000
 -0.06476   36.57142  20.03335   0.103000
  2.11955   35.07749  17.95690   0.103000
 -2.10455   33.56265  17.32784  -0.200000
-12.20818   34.95118 -15.40019  -0.200000
 -9.74039   32.89305 -16.53282  -0.006000
 -8.85012   31.94444 -14.93606   0.103000
-10.54728   31.48771 -17.80404   0.103000
 -7.76169   34.45135 -17.95193  -0.006000
 -8.65196   35.39998 -19.54869   0.103000
 -6.95478   35.85670 -16.68071   0.103000
 -5.29390   32.39323 -19.08457  -0.200000
 24.26234  -17.08014  16.23828  -0.200000
 27.42881  -18.22907  15.72573  -0.006000
 28.72185  -16.63345  15.56993   0.103000
 27.99297  -19.41839  17.30980   0.103000
 27.50946  -19.77534  13.28442  -0.006000
 26.21642  -21.37099  13.44024   0.103000
 26.94532  -18.58604  11.70035   0.103000
 30.67594  -20.92429  12.77187  -0.200000
 36.02969   16.85639  20.69462  -0.200000
 32.79308   16.72908  19.63760  -0.006000
 31.72185   18.25107  20.51978   0.103000
 32.73017   16.94194  17.58995   0.103000
 31.63732   14.18445  20.37684  -0.006000
 32.70859   12.66247  19.49466   0.103000
 31.70025   13.97161  22.42449   0.103000
 28.40073   14.05716  19.31982  -0.200000
-17.41505  -24.57929  23.91579  -0.200000
-14.18784  -25.44832  23.25338  -0.006000
-13.42363  -26.51448  24.84130   0.103000
-14.12389  -26.60833  21.55263   0.103000
-12.61018  -23.05970  22.84932  -0.006000
-13.37440  -21.99354  21.26140   0.103000
-12.67413  -21.89971  24.55007   0.103000
 -9.38298  -23.92873  22.18692  -0.200000
 15.80756   24.01596  23.42055  -0.200000
 19.19436   23.75329  23.15652  -0.006000
 19.71491   21.77250  22.93818   0.103000
 19.84027   24.81825  21.51610   0.103000
 20.43229   24.81653  25.54284  -0.006000
 19.91174   26.79732  25.76118   0.103000
 19.78640   23.75157  27.18326   0.103000
 23.81911   24.55385  25.27881  -0.200000
 12.71304  -34.92427  -5.90135  -0.200000
  9.31939  -35.00778  -5.60931  -0.006000
  8.66908  -33.29860  -4.66167   0.103000
  8.47109  -35.11965  -7.48286   0.103000
  8.54207  -37.32207  -4.06089  -0.006000
  9.19238  -39.03125  -5.00851   0.103000
  9.39037  -37.21022  -2.18734   0.103000
  5.14843  -37.40558  -3.76883  -0.200000
-16.24142   -6.21204  27.71514  -0.200000
-18.05301   -4.13434  29.71778  -0.006000
-16.78585   -3.14018  31.00154   0.103000
-19.06365   -2.76764  28.55461   0.103000
-19.95182   -5.68583  31.24917  -0.006000
-21.21896   -6.68001  29.96539   0.103000
-18.94116   -7.05255  32.41232   0.103000
-21.76341   -3.60815  33.25179  -0.200000
 13.85099   -2.05846  29.45216  -0.200000
 15.08644   -0.55630  32.24976  -0.006000
 16.80787    0.47020  31.77514   0.103000
 13.68782    0.75702  32.99898   0.103000
 15.68218   -2.56685  34.23982  -0.006000
 13.96075   -3.59335  34.71440   0.103000
 17.08078   -3.88019  33.49058   0.103000
 16.91762   -1.06469  37.03740  -0.200000
 29.74221   -0.98984 -26.05791  -0.200000
 26.56367   -2.08063 -26.62016  -0.006000
 25.25989   -0.49089 -26.49723   0.103000
 26.44753   -2.92091 -28.49703   0.103000
 25.85856   -4.05957 -24.63415  -0.006000
 27.16234   -5.64930 -24.75706   0.103000
 25.97470   -3.21928 -22.75723   0.103000
 22.68000   -5.15035 -25.19638  -0.200000
 34.20291   15.08549 -19.04307  -0.200000
 35.55157   14.96211 -15.91648  -0.006000
 37.46909   14.21785 -16.02422   0.103000
 35.59450   16.85747 -15.11144   0.103000
 33.94354   13.24065 -14.24064  -0.006000
 32.02604   13.98490 -14.13286   0.103000
 33.90061   11.34529 -15.04566   0.103000
 35.29220   13.11723 -11.11403  -0.200000
 14.71482   -4.52903 -30.81268  -0.200000
 13.89381   -7.82811 -30.58635  -0.006000
 15.57805   -8.97694 -30.87886   0.103000
 13.11358   -8.21549 -28.71996   0.103000
 11.92678   -8.47230 -32.60464  -0.006000
 10.24252   -7.32348 -32.31212   0.103000
 12.70699   -8.08493 -34.47102   0.103000
 11.10575  -11.77139 -32.37830  -0.200000
 12.20102   39.02252   5.20406  -0.200000
 10.14881   40.28280   2.79381  -0.006000
  9.14353   38.73971   1.87164   0.103000
  8.79078   41.57131   3.65261   0.103000
 11.72535   41.71072   0.83586  -0.006000
 12.73061   43.25379   1.75805   0.103000
 13.08339   40.42219  -0.02292   0.103000
  9.67315   42.97095  -1.57439  -0.200000
-38.35798   11.69009 -10.62024  -0.200000
-35.49518   13.42004  -9.97137  -0.006000
-34.20865   13.24384 -11.57008   0.103000
-35.94656   15.40665  -9.66844   0.103000
-34.23691   12.34637  -7.60033  -0.006000
-35.52341   12.52257  -6.00162   0.103000
-33.78553   10.35978  -7.90325   0.103000
-31.37408   14.07632  -6.95145  -0.200000
-14.75889  -33.45237  -4.63240  -0.200000
-11.92576  -34.60363  -6.13475  -0.006000
-10.58347  -33.05602  -6.34755   0.103000
-11.08738  -36.08581  -4.97605   0.103000
-12.58246  -35.67319  -8.73900  -0.006000
-13.92475  -37.22082  -8.52620   0.103000
-13.42083  -34.19102  -9.89771   0.103000
 -9.74932  -36.82447 -10.24137  -0.200000
-31.28835    8.09326 -12.79830  -0.200000
-34.36085    7.51017 -14.15065  -0.006000
-35.81968    8.07760 -12.81197   0.103000
-34.56370    8.59612 -15.88903   0.103000
-34.63639    4.69298 -14.73786  -0.006000
-33.17758    4.12556 -16.07656   0.103000
-34.43357    3.60703 -12.99948   0.103000
-37.70890    4.10989 -16.09022  -0.200000
 14.60806  -24.88410 -18.61809  -0.200000
 15.45775  -26.51751 -21.48501  -0.006000
 15.14447  -25.27855 -23.10026   0.103000
 17.44452  -27.05493 -21.40652   0.103000
 13.82896  -28.88989 -21.76135  -0.006000
 14.14224  -30.12887 -20.14609   0.103000
 11.84220  -28.35247 -21.83985   0.103000
 14.67864  -30.52329 -24.62827  -0.200000
 23.11787  -10.66429  29.04760  -0.200000
 22.47219   -7.39981  29.77931  -0.006000
 21.72726   -7.25931  31.69437   0.103000
 24.21206   -6.30668  29.63693   0.103000
 20.52647   -6.36010  27.91088  -0.006000
 21.27140   -6.50062  25.99579   0.103000
 18.78662   -7.45325  28.05323   0.103000
 19.88077   -3.09562  28.64256  -0.200000
-30.82436   -0.16584 -20.17424  -0.200000
-32.01980   -2.16563 -17.68810  -0.006000
-30.49251   -2.63207 -16.38727   0.103000
-33.51229   -1.17737 -16.66920   0.103000
-33.08395   -4.59678 -18.83471  -0.006000
-34.61122   -4.13034 -20.13554   0.103000
-31.59144   -5.58503 -19.85361   0.103000
-34.27939   -6.59654 -16.34857  -0.200000
 33.00813  -24.57825   5.50254  -0.200000
 31.86817  -21.38202   5.80892  -0.006000
 29.87683  -21.41022   6.33427   0.103000
 32.94879  -20.40368   7.26399   0.103000
 32.17916  -20.00222   3.28765  -0.006000
 34.17052  -19.97405   2.76231   0.103000
 31.09854  -20.98057   1.83256   0.103000
 31.03919  -16.80601   3.59401  -0.200000
$end
