3
     2(1)a  0.87698  0.07835  0.03633  0.00398  0.32306  0.20870  0.02550  0.10335  0.08298  0.01472
     1(1)a  0.89684  0.65832  0.17029  0.01581  0.03946  0.01160  0.00109  0.00017  0.00007  0.00001
     3(1)a  0.90119  0.64107  0.17081  0.01623  0.05370  0.01753  0.00172  0.00009  0.00004  0.00000
     4(1)a  0.89789  0.00129  0.07059  0.00092  0.09060  0.55807  0.02978  0.00147  0.14201  0.00315
     5(1)a  0.88339  0.14936  0.06392  0.00490  0.28860  0.28470  0.02303  0.00133  0.06559  0.00196
     6(1)a  0.91944  0.00292  0.06328  0.01566  0.01402  0.41317  0.12008  0.00472  0.19804  0.08756
     7(1)a  0.88829  0.50514  0.16115  0.01558  0.09219  0.08309  0.00781  0.00028  0.02226  0.00079
     8(1)a  0.89646  0.04546  0.04190  0.00461  0.15786  0.34674  0.04659  0.02036  0.19252  0.04043
     9(1)a  0.91477  0.01649  0.05519  0.01960  0.07715  0.31583  0.15352  0.02639  0.13108  0.11953
    10(1)a  0.91444  0.00878  0.06609  0.00957  0.04830  0.44580  0.07156  0.01865  0.19959  0.04610
    11(1)a  0.85322  0.04102  0.05542  0.00917  0.26251  0.26371  0.03574  0.12708  0.05487  0.00371
    12(1)a  0.91216  0.01084  0.07900  0.00281  0.05714  0.50715  0.02075  0.02219  0.19933  0.01295
    14(1)a  0.83409  0.01708  0.73694  0.00724  0.00164  0.06899  0.00068  0.00007  0.00143  0.00004
    13(1)a  0.91729  0.00172  0.02237  0.00046  0.01650  0.81085  0.01533  0.00566  0.03549  0.00892
    15(1)a  0.92046  0.00900  0.01759  0.00058  0.07151  0.75462  0.05108  0.00732  0.00786  0.00089
