Header
  1      1(1)a  3.34600  0.44400 0.040360 0.466820 0.108950 0.009810 0.067800 0.232580 0.048560
  2      2(1)a  3.79300  0.00000 0.023230 0.049110 0.222760 0.000040 0.587380 0.017930 0.059480
  3      3(1)a  4.39400  0.00100 0.043430 0.417830 0.063080 0.000970 0.002440 0.393750 0.043170
  4      4(1)a  4.59900  0.00100 0.028180 0.062630 0.228780 0.000010 0.539800 0.023970 0.062900
  5      5(1)a  5.05800  0.04600 0.016890 0.181200 0.225110 0.003490 0.023210 0.472340 0.041960
  6      6(1)a  5.83400  0.19700 0.024490 0.018990 0.229160 0.000190 0.595670 0.017900 0.063450
  7      7(1)a  5.90800  0.00400 0.051500 0.200400 0.165320 0.028180 0.055870 0.302280 0.067400
  8      8(1)a  6.11800  0.05700 0.053230 0.236990 0.090030 0.002840 0.008340 0.226010 0.048650
  9      9(1)a  6.36400  0.00300 0.086050 0.063040 0.126760 0.026650 0.009330 0.258700 0.055960
 10     10(1)a  6.59000  0.00700 0.008180 0.124960 0.032580 0.003800 0.010970 0.049300 0.046150
