3
     1(1)a  0.95144  0.06780  0.04284  0.00636  0.36222  0.23258  0.03400  0.10460  0.06611  0.00981
     2(1)a  0.94052  0.58738  0.22229  0.02155  0.04783  0.01793  0.00168  0.00128  0.00047  0.00004
     3(1)a  0.95683  0.00244  0.02536  0.00073  0.41560  0.39375  0.04270  0.00223  0.03772  0.00097
     4(1)a  0.93710  0.53980  0.22865  0.02581  0.06231  0.02397  0.00237  0.00032  0.00013  0.00001
     5(1)a  0.95804  0.02321  0.08333  0.00350  0.17834  0.47234  0.01339  0.00286  0.14178  0.00349
     6(1)a  0.93655  0.59567  0.22394  0.02296  0.01840  0.01790  0.00153  0.00059  0.00522  0.00019
     7(1)a  0.93260  0.05587  0.03037  0.00342  0.19044  0.30228  0.04808  0.00996  0.13495  0.02818
     8(1)a  0.95135  0.00834  0.05703  0.01195  0.14888  0.22601  0.04128  0.08811  0.03300  0.00284
     9(1)a  0.94404  0.00933  0.04519  0.01189  0.04967  0.25870  0.07416  0.01337  0.08157  0.02665
    10(1)a  0.95385  0.01097  0.00661  0.00097  0.08184  0.04930  0.00721  0.04312  0.02597  0.00380
