3
     1(1)a  0.87559  0.08170  0.03691  0.00410  0.32608  0.20250  0.02515  0.10498  0.07985  0.01431
     2(1)a  0.89664  0.65554  0.17214  0.01638  0.03944  0.01174  0.00113  0.00018  0.00008  0.00001
     3(1)a  0.90107  0.63882  0.17235  0.01676  0.05360  0.01762  0.00177  0.00009  0.00004  0.00000
     4(1)a  0.89761  0.00148  0.07141  0.00092  0.10165  0.54857  0.03059  0.00148  0.13855  0.00297
     5(1)a  0.88222  0.12311  0.05809  0.00416  0.30297  0.29560  0.02307  0.00142  0.07178  0.00200
     7(1)a  0.91877  0.00427  0.07048  0.01322  0.01958  0.43516  0.09712  0.00660  0.20238  0.06996
     6(1)a  0.88814  0.53130  0.16863  0.01668  0.07862  0.06722  0.00627  0.00024  0.01856  0.00063
     8(1)a  0.89612  0.04492  0.04421  0.00489  0.15053  0.35016  0.04745  0.01917  0.19408  0.04071
     9(1)a  0.91445  0.01914  0.05338  0.02124  0.08636  0.29571  0.15907  0.02987  0.12774  0.12194
    10(1)a  0.91365  0.01174  0.06925  0.00837  0.06154  0.44479  0.05990  0.02374  0.19627  0.03804
    11(1)a  0.85227  0.04284  0.05446  0.00914  0.27218  0.24614  0.03499  0.13348  0.05501  0.00404
    12(1)a  0.91193  0.01372  0.08146  0.00304  0.06822  0.48680  0.02133  0.02569  0.19818  0.01349
    13(1)a  0.91676  0.00133  0.01837  0.00047  0.01485  0.82715  0.01467  0.00355  0.02811  0.00826
    14(1)a  0.90957  0.05750  0.03675  0.01129  0.25758  0.21263  0.08640  0.09169  0.08592  0.06983
    15(1)a  0.91827  0.02104  0.02356  0.00211  0.11797  0.64079  0.04867  0.02653  0.02734  0.01027
