$coord
    2.62715396172161      0.00000000000000      0.00000000000000      c
    0.00000000000000      0.00000000000000      0.00000000000000      c
   -1.34248034206329      2.25824162605967      0.00000000000000      c
   -0.06302236653174      4.51094635454999      0.00056691783987      c
    2.59336565846561      4.55873752845067      0.00249443849541      c
    3.90971108811109      2.25090948866408      0.00056691783987      c
    3.63910230588187     -1.77057890020720      0.00147398638365      h
   -3.38155153123089      2.22333838438527      0.00147398638365      h
   -1.09938597232888      6.27304038442054     -0.00066140414651      h
    5.95399792140545      2.26052819468046     -0.00058581510119      h
   -1.34232916397266     -2.35962543308899      0.00300466455129      n
   -3.65236818333473     -2.32113171176211      0.00430857558298      o
   -0.12880373321749     -4.32558311817524      0.00430857558298      o
    3.85736567423016      6.78060192645229     -0.03705752946589      n
    2.92680783461328      8.41653783969139      0.21238632007502      h
    5.73909826557370      6.81669569559041      0.21240521733635      h
   -8.00981208411042     -1.24376104888134      2.17821172433197      o
   -8.85249765854811      0.21463509417315      1.32127761485231      h
   -6.38400510294358     -1.63712644070282      1.29880877113230      h
    4.03586920474254     -7.21302795744051      1.49690876164270      o
    2.37113386523826     -6.44937072988010      1.03122355071570      h
    5.18459592640106     -7.18224431873581     -0.00332591799388      h
    2.28955438808159     11.17517894573918      2.40955199751983      o
    3.84202109803113     11.88350499212871      3.22152952229813      h
    1.08099893705590     12.57779037335090      2.03102095584150      h
   -3.85606176319847     -8.41277728468695      1.59165962994559      o
   -2.94014930111146     -9.27294282585384      0.18007200320267      h
   -3.88363286747727     -6.54890260529918      1.28113983178982      h
   -3.30023661573282      8.05072465488739     -4.29277747250834      o
   -3.37253753757702      9.90057756636915     -3.91316928693427      h
   -4.30974721318166      7.10383958148238     -3.00604405136518      h
   -5.60766781303150      4.94242752247177      4.01047128551656      o
   -3.86537811303360      4.22195053704779      4.13931281325670      h
   -5.66522887103920      6.61285093763603      4.89229308816631      h
   -6.98618523244892      5.96100880535846     -0.92910275049456      o
   -8.45217807455762      7.15350158425462     -0.93140821637668      h
   -6.41074472772391      5.67380822768250      0.84788232130313      h
    7.12850050751654     13.01212502773333      0.06343810628097      o
    7.50096552830830     11.33879143432442      0.85867265752191      h
    7.16370610537220     14.36031234271794      1.38722905689002      h
   -6.11519156054060     -4.34342213286968     -5.08213497547600      o
   -4.81917958408497     -3.00029928392121     -4.78595819866884      h
   -7.59938246530898     -3.59851098854749     -5.98410125870232      h
    7.26340805614324      3.71306618672301      5.03235958913580      o
    6.89717913159001      3.85487123573475      6.88088969232453      h
    8.01595369404230      5.33224022916342      4.41337979430910      h
    8.81349371116535      8.85913059727454      3.61655787311654      o
   10.54007978699898      9.06941932134206      2.87767495515826      h
    8.75973100268475      9.65702966236285      5.32880092760157      h
   10.51982192285444      0.01156512393326      3.36955177028706      o
   10.50574346316445     -1.74293220688309      4.07154723413142      h
    8.94664381448847      0.91458965379399      3.89952546425484      h
    6.13809504127117      5.88857560268495     -6.26302483591624      o
    6.84283060800822      7.19373385362375     -7.43395583963617      h
    4.75018568297331      6.65121237813361     -5.23182018246188      h
    3.53594215628764     -3.64651003232278      5.41977234363868      o
    3.49688151712090     -5.12348218326354      4.24150920252316      h
    1.79610910026249     -2.92805505386099      5.58695641461508      h
   10.40980206739784      6.70758290867759     -3.00169768125954      o
   11.11440535330558      8.46104089012085     -2.98493581046085      h
    9.00550878352786      6.60517864953652     -4.26218280641692      h
    2.11963021421251      9.45343056880574     -5.40444666470098      o
    0.30704270207126      8.94501865001419     -5.23900114176684      h
    2.35340823411179     11.19071249455151     -4.69835049514826      h
    0.46530726570043      8.46676676030349      6.79847873566939      o
    1.11508959649316      9.64440629179517      5.47100281910121      h
   -1.37657100150055      8.78558245618263      7.07628737446491      h
$user-defined bonds
$end
