Header
  1      2(1)a  3.65200  0.49600 0.029480 0.426410 0.119310 0.014720 0.078350 0.208700 0.123020
  2      1(1)a  3.73400  0.00000 0.016900 0.039630 0.170360 0.000010 0.658320 0.011600 0.103160
  3      3(1)a  4.52500  0.00100 0.017950 0.053790 0.170850 0.000000 0.641070 0.017530 0.098810
  4      4(1)a  4.60100  0.01100 0.030700 0.092070 0.212600 0.003150 0.001290 0.558070 0.102110
  5      5(1)a  5.26600  0.02200 0.027930 0.289930 0.129510 0.001960 0.149360 0.284700 0.116610
  6      6(1)a  5.72000  0.00000 0.135740 0.018740 0.261320 0.087560 0.002920 0.413170 0.080560
  7      7(1)a  5.77500  0.29900 0.023390 0.092470 0.183410 0.000790 0.505140 0.083090 0.111710
  8      8(1)a  6.01500  0.02200 0.051200 0.178220 0.234420 0.040430 0.045460 0.346740 0.103540
  9      9(1)a  6.37900  0.00700 0.173120 0.103540 0.186270 0.119530 0.016490 0.315830 0.085230
 10     10(1)a  6.52200  0.00000 0.081130 0.066950 0.265680 0.046100 0.008780 0.445800 0.085560
 11     11(1)a  6.81300  0.07400 0.044910 0.389590 0.110290 0.003710 0.041020 0.263710 0.146780
 12     12(1)a  6.86800  0.01400 0.023560 0.079330 0.278330 0.012950 0.010840 0.507150 0.087840
 13     14(1)a  6.88500  0.00000 0.007920 0.001710 0.738370 0.000040 0.017080 0.068990 0.165910
 14     13(1)a  6.97700  0.57600 0.015790 0.022160 0.057860 0.008920 0.001720 0.810850 0.082710
 15     15(1)a  7.35400  0.00000 0.051660 0.078830 0.025450 0.000890 0.009000 0.754620 0.079540
