Header
  1      1(1)a  3.68600  0.00000 0.023740 0.060010 0.205590 0.000050 0.658540 0.018240 0.033850
  2      2(1)a  4.03400  0.46300 0.050600 0.418920 0.127670 0.012730 0.051270 0.290360 0.048450
  3      3(1)a  4.48100  0.00100 0.025030 0.092030 0.199750 0.000050 0.613290 0.029240 0.040610
  4      4(1)a  4.64100  0.01000 0.038400 0.126240 0.204490 0.004500 0.001850 0.575170 0.049350
  5      5(1)a  5.45300  0.00800 0.036810 0.293710 0.153420 0.001870 0.199320 0.268020 0.046840
  6      6(1)a  5.77100  0.00000 0.194870 0.007030 0.238220 0.078480 0.000950 0.432470 0.047970
  7      7(1)a  5.91400  0.27500 0.038570 0.138210 0.206920 0.001400 0.435870 0.131670 0.047370
  8      8(1)a  6.18800  0.01100 0.068560 0.223120 0.214640 0.037430 0.042180 0.365470 0.048610
  9      9(1)a  6.47100  0.00700 0.167220 0.135460 0.187020 0.081380 0.016810 0.364910 0.047200
 10     10(1)a  6.64700  0.00000 0.099440 0.054020 0.259150 0.033810 0.005660 0.502890 0.045030
