3
     1(1)a  0.96615  0.65854  0.20513  0.02180  0.05855  0.01824  0.00194  0.00146  0.00046  0.00005
     2(1)a  0.95155  0.05127  0.04476  0.00687  0.32386  0.29036  0.04373  0.09506  0.08291  0.01273
     3(1)a  0.95939  0.61329  0.19937  0.02196  0.09153  0.02924  0.00307  0.00050  0.00038  0.00005
     4(1)a  0.95065  0.00185  0.07211  0.00255  0.12404  0.57517  0.03585  0.00220  0.13238  0.00450
     5(1)a  0.95316  0.19932  0.10684  0.01139  0.29090  0.26802  0.02542  0.00281  0.04658  0.00187
     6(1)a  0.95203  0.00095  0.05149  0.01997  0.00553  0.43247  0.17490  0.00150  0.18673  0.07848
     7(1)a  0.95263  0.43587  0.17486  0.02457  0.13715  0.13167  0.01400  0.00106  0.03206  0.00140
     8(1)a  0.95139  0.04218  0.03804  0.00639  0.19355  0.36547  0.06217  0.02957  0.17660  0.03743
     9(1)a  0.95280  0.01681  0.05745  0.01791  0.09841  0.36491  0.14931  0.03705  0.12957  0.08138
    10(1)a  0.95497  0.00566  0.06406  0.01136  0.04056  0.50289  0.08808  0.01346  0.19509  0.03381
