$coord
    2.61980292706468      0.00000000000000      0.00000000000000      c
    0.00000000000000      0.00000000000000      0.00000000000000      c
   -1.34720465739550      2.24684657747837      0.00000000000000      c
   -0.06734983937604      4.50578740220721      0.00024566439728      c
    2.58047772623933      4.55601632281931      0.00156847269030      c
    3.89895854641497      2.25931876995542      0.00024566439728      c
    3.62632775722356     -1.77388592093975      0.00160626721295      h
   -3.38618136025646      2.19784597885265      0.00158736995162      h
   -1.10855114407338      6.26582163059291     -0.00398732214039      h
    5.94392568111717      2.27145081172854     -0.00394952761773      h
   -1.34909438352839     -2.38186750967305      0.00328812347122      n
   -3.65049735446317     -2.32950319853079      0.00481880163886      o
   -0.12067791084608     -4.32872006355583      0.00476210985487      o
    3.85103509168499      6.79931021516786     -0.06266331856649      n
    2.91080185426774      8.40134444158299      0.33024853898310      h
    5.70852249674361      6.81673349011307      0.33021074446044      h
   -0.25191939077499     12.54351074130035      0.87307237065450      c
   -3.12018350979147     12.22422261388799      1.04828777769565      c
   -4.24693271652454     13.74019871221151      3.23738432455304      c
   -2.93680448585625     13.15534737134473      5.74769651947833      c
   -0.06854036683976     13.47463549875709      5.57248111243717      c
    1.05818994263197     11.95865940043357      3.38336566831846      c
    0.16208181041760     14.48919166498074      0.35362445124689      h
    0.46638440959618     11.25490649128563     -0.55873532571030      h
   -3.96294467327448     12.88109141767904     -0.70815597103757      h
   -3.54304752654729     10.23367959181290      1.34138430090622      h
   -4.02553240279565     15.74353518020624      2.83179240465179      h
   -6.23953554008447     13.26353419245244      3.40961396430424      h
   -3.35080568704884     11.20966644766435      6.26714443888593      h
   -3.65510828622741     14.44395162135945      7.17950421584312      h
    0.35430475265473     15.46517852083219      5.27938458922661      h
    0.77420189938192     12.81776669496604      7.32892486117039      h
    0.83680852616442      9.95532293243885      3.78895758821970      h
    3.05081166345324     12.43532392019265      3.21117382308992      h
   -6.14183669901429      4.47494707171852      3.75934557971738      c
   -8.10786997314585      6.42418068052873      4.59269590705862      c
   -8.61599843301747      6.30229334495761      7.43643138087025      c
   -9.30605082770199      3.63065523006787      8.30013070990564      c
   -7.33999865630910      1.68142162125766      7.46678038256440      c
   -6.83188909369881      1.80332785409011      4.62304490875277      c
   -4.32565870722055      4.98179051781978      4.57888200902723      h
   -6.02777282963331      4.49291836724226      1.70674395143833      h
   -7.40901145468208      8.30143462093733      4.13009094972822      h
   -9.86633572884126      6.05190463235026      3.59458035819108      h
   -6.91915664651547      6.89729251515798      8.43314853239946      h
  -10.18082395187609      7.56035962066490      7.87870288501081      h
  -11.12219102497307      3.12381178396661      7.48057538333446      h
   -9.42009579982164      3.61268393454413     10.35275123544602      h
   -5.58155179787502      2.05371656669746      8.46489593143194      h
   -8.03887607203420     -0.19581342188961      7.92938533989480      h
   -8.52871198293949      1.20830978662841      3.62632775722356      h
   -5.26702578031754      0.54526157838282      4.18077340461221      h
    9.67615369082765     -2.55577900568252     -0.31059538720108      c
    9.76899593573632     -5.41725900788195      0.09295562847664      c
    9.34424219284761     -6.13482581506128      2.86146110493810      c
   11.14783460859633     -4.73210100388160      4.63321163534769      c
   11.05501126094899     -1.87060210442084      4.22964172240863      c
   11.47976500383769     -1.15305419450283      1.46111734868585      c
    7.76036823456951     -1.90306759938382      0.05079583845197      h
   10.21379967289494     -2.14833515417104     -2.25262913944500      h
    8.29580323706133     -6.28951879629930     -1.04528311314436      h
   11.61837641568485     -6.10296503246083     -0.48713360253526      h
    7.41245075624394     -5.65468419921770      3.37569338021894      h
    9.65663281987494     -8.15607688679577      3.07159865091498      h
   13.06363896211579     -5.38481241018030      4.27180151243331      h
   10.61018862652904     -5.13954485539307      6.57524538759161      h
    9.20563078100045     -1.18491497710328      4.80973095342054      h
   12.52820395962398     -0.99838011052614      5.36786156676831      h
   13.41155644044137     -1.63319581034642      0.94692286792767      h
   11.16737437681037      0.86817797997032      1.25101759723162      h
   12.66810038524150      6.97907986218927     -7.34409936201746      c
   12.39182242461362      8.63725785201244     -4.99171158001743      c
   11.87430202586156      7.07075047689555     -2.61721400226263      c
    9.61885719447856      5.29465357638032     -2.96129533653845      c
    9.89513515510644      3.63649448381849     -5.31370201579981      c
   10.41265555385850      5.20300185893537     -7.68818069629328      c
   14.37316248042156      5.84630242909230     -7.15295356367608      h
   12.80268668042562      8.19740519732197     -8.99460506374111      h
   14.13845849471716      9.68660387634251     -4.71872174286077      h
   10.82032617250592      9.93102105436994     -5.28065070573564      h
   13.54113496137334      5.94247059199485     -2.19824282134055      h
   11.47042975674124      8.35149346619747     -1.06041981946878      h
    7.91379509929850      6.42743100947729     -3.15244113487983      h
    9.48427089929444      4.07632824124762     -1.31078963481480      h
   11.46663140721414      2.34271238419966     -5.02474399282027      h
    8.14848018774156      2.58712956222709     -5.58669185295647      h
    8.74582261834672      6.33128174383607     -8.10715187721536      h
   10.81652782297882      3.92223997237213     -9.24499377634846      h
   -7.61060743853832     -6.27606394623315      3.78317502625307      c
   -7.00585728149226     -7.73457347285562      1.36105634994956      c
   -5.38280930047944    -10.07040725393158      1.88010742686926      c
   -2.99633085904215     -9.42045484778689      3.37743192826120      c
   -3.60108101608821     -7.96196421842575      5.79951281004205      c
   -5.22409120257838     -5.62609264282714      5.28048063038368      c
   -8.83012330113474     -7.43756521654999      4.96243972221903      h
   -8.56474906029361     -4.52699012941819      3.27602922397055      h
   -8.77203311980984     -8.33983385595756      0.50021050737483      h
   -5.97950922419941     -6.49185177334737      0.08464083349195      h
   -6.49496982146663    -11.41481511665041      2.96758812456096      h
   -4.82545347484615    -10.89597190960533      0.08150388811136      h
   -1.77681499644573     -8.25893468020873      2.19816723229524      h
   -2.04217034002553    -11.16952866460186      3.88453993602106      h
   -4.62741017611973     -9.20464812341135      7.07594722376099      h
   -1.83488628050930     -7.35666604080115      6.66039644713944      h
   -4.11193068159119     -4.28170367736963      4.19299993269198      h
   -5.78146592547299     -4.80054688441472      7.07906527188025      h
   -0.98672050028624     -1.16756729120339      8.98101793284567      c
    0.32779189501034     -2.29488341577632     11.29634818537981      c
    3.10285472115291     -1.49981893988735     11.46033861919163      c
    4.53889540405537     -2.06804069078473      9.01599676356538      c
    3.22440190602012     -0.94072456621180      6.70062871650857      c
    0.44932018261622     -1.73578904210078      6.53665717995808      c
   -1.09987730112343      0.87159838427085      9.21757385016029      h
   -2.87213805758890     -1.97455593899088      8.83802235637021      h
   -0.64369741264484     -1.64175626972839     12.98636806054210      h
    0.23814328726625     -4.34497170829864     11.16956645912451      h
    3.18675856145303      0.52324626893471     11.81647640619525      h
    3.99214094202757     -2.53238419615739     12.99987960239223      h
    4.65205220489256     -4.10722526352030      8.77942194898942      h
    6.42433185861936     -1.26107094025858      9.15897344277951      h
    3.31405051376421      1.10936372631052      6.82741044276387      h
    4.19587231641397     -1.59385171225974      5.01062773860761      h
    0.36543523957743     -3.75885425092283      6.18050049569313      h
   -0.43996603825844     -0.70322378583073      4.99711619675748      h
$user-defined bonds
$end
