Header
  1      1(1)a  3.57900  0.49600 0.029320 0.429460 0.117680 0.014460 0.080420 0.204760 0.123890
  2      2(1)a  3.73600  0.00000 0.017280 0.039620 0.171470 0.000010 0.656660 0.011680 0.103280
  3      3(1)a  4.53800  0.00100 0.018300 0.053720 0.171760 0.000000 0.639750 0.017580 0.098880
  4      4(1)a  4.59000  0.01100 0.031180 0.098710 0.211120 0.003040 0.001400 0.552280 0.102280
  5      5(1)a  5.22400  0.02600 0.027530 0.299520 0.129460 0.001990 0.132520 0.291640 0.117350
  6      6(1)a  5.72300  0.00000 0.119740 0.023110 0.268760 0.076450 0.003700 0.427290 0.080960
  7      7(1)a  5.75700  0.28900 0.023080 0.083780 0.185800 0.000680 0.522040 0.072820 0.111790
  8      8(1)a  5.98400  0.02500 0.051920 0.172900 0.236870 0.040630 0.045120 0.348810 0.103750
  9      9(1)a  6.37000  0.00600 0.178150 0.111030 0.182910 0.121460 0.018050 0.302990 0.085420
 10     10(1)a  6.52900  0.00000 0.073090 0.077800 0.265860 0.041040 0.010520 0.445650 0.086040
 11     11(1)a  6.74600  0.05400 0.044450 0.401340 0.109930 0.003980 0.042270 0.250650 0.147390
 12     12(1)a  6.85200  0.00400 0.023820 0.087540 0.281260 0.013140 0.012550 0.493760 0.087930
 13     13(1)a  6.98400  0.60400 0.015330 0.018770 0.048600 0.008420 0.001370 0.824470 0.083040
 14     14(1)a  7.23100  0.01800 0.097760 0.347480 0.123000 0.070430 0.056540 0.214520 0.090280
 15     15(1)a  7.35200  0.00000 0.048730 0.112100 0.037450 0.004870 0.015050 0.701200 0.080580
