Header
  1      1(1)a  3.72300  0.00000 0.023240 0.053710 0.221730 0.000020 0.613920 0.019110 0.049030
  2      2(1)a  3.77700  0.37100 0.044040 0.451780 0.117210 0.011490 0.056100 0.256650 0.048770
  3      3(1)a  4.48300  0.00000 0.024800 0.066640 0.223990 0.000010 0.593720 0.022170 0.049000
  4      4(1)a  4.57900  0.00900 0.031550 0.147780 0.208810 0.002910 0.002210 0.530360 0.045740
  5      5(1)a  5.26000  0.03500 0.038280 0.328480 0.127840 0.001620 0.061110 0.352040 0.051850
  6      6(1)a  5.85700  0.25100 0.043010 0.050740 0.273760 0.000560 0.432000 0.046270 0.109790
  7      7(1)a  5.93700  0.00900 0.166560 0.055630 0.192440 0.071010 0.009270 0.314740 0.089330
  8      8(1)a  6.06000  0.02000 0.115270 0.135330 0.165060 0.041640 0.024620 0.334430 0.128380
  9      9(1)a  6.45700  0.00600 0.129120 0.098400 0.149630 0.055820 0.012470 0.283860 0.057320
 10     10(1)a  6.72300  0.01700 0.076570 0.249190 0.115890 0.016750 0.029070 0.263720 0.101010
