3
     1(1)a  0.95097  0.61392  0.22140  0.02140  0.05265  0.01911  0.00184  0.00106  0.00033  0.00002
     2(1)a  0.95123  0.05610  0.04072  0.00612  0.34635  0.25665  0.03792  0.10543  0.07649  0.01149
     3(1)a  0.95100  0.59372  0.22389  0.02290  0.06641  0.02217  0.00190  0.00023  0.00010  0.00001
     4(1)a  0.95426  0.00221  0.07176  0.00161  0.14467  0.53036  0.02994  0.00311  0.13705  0.00291
     5(1)a  0.94815  0.06111  0.06229  0.00667  0.32627  0.35204  0.03161  0.00221  0.06555  0.00162
     6(1)a  0.89021  0.43200  0.26466  0.03681  0.04967  0.04627  0.00620  0.00107  0.00910  0.00056
     7(1)a  0.91067  0.00927  0.04653  0.02193  0.04668  0.31474  0.14463  0.00895  0.14591  0.07101
     8(1)a  0.87162  0.02462  0.04318  0.01342  0.11907  0.33443  0.10185  0.01626  0.12188  0.04164
     9(1)a  0.94268  0.01247  0.04720  0.01646  0.07592  0.28386  0.11266  0.02248  0.10243  0.05582
    10(1)a  0.89899  0.02907  0.05026  0.01201  0.18071  0.26372  0.06456  0.06848  0.06563  0.01675
