3
     1(1)a  0.89723  0.66375  0.16695  0.01447  0.03947  0.01138  0.00100  0.00015  0.00007  0.00001
     2(1)a  0.88133  0.06803  0.03541  0.00374  0.30708  0.23228  0.02724  0.09647  0.09468  0.01640
     3(1)a  0.90140  0.64433  0.16848  0.01499  0.05420  0.01765  0.00161  0.00009  0.00004  0.00000
     4(1)a  0.89843  0.00095  0.06716  0.00093  0.06539  0.58190  0.02803  0.00141  0.14896  0.00371
     5(1)a  0.88727  0.25435  0.09495  0.00802  0.21968  0.23953  0.02083  0.00102  0.04711  0.00176
     6(1)a  0.92052  0.00098  0.04331  0.02228  0.00526  0.33268  0.19310  0.00173  0.17552  0.14565
     7(1)a  0.88862  0.39444  0.13198  0.01197  0.14150  0.15431  0.01498  0.00049  0.03728  0.00167
     8(1)a  0.89746  0.04687  0.03665  0.00381  0.18082  0.33914  0.04320  0.02490  0.18368  0.03838
    10(1)a  0.91617  0.00369  0.05535  0.01303  0.02344  0.42765  0.11027  0.00900  0.19985  0.07389
     9(1)a  0.91498  0.01165  0.05934  0.01366  0.05972  0.38277  0.12209  0.01923  0.14663  0.09989
    11(1)a  0.83486  0.01577  0.74196  0.00795  0.00132  0.06614  0.00069  0.00002  0.00097  0.00002
    13(1)a  0.91407  0.00574  0.07485  0.00321  0.03240  0.52687  0.02662  0.01165  0.21569  0.01704
    12(1)a  0.91581  0.00148  0.02945  0.00082  0.01310  0.81491  0.01714  0.00096  0.02938  0.00857
    14(1)a  0.85745  0.03680  0.06088  0.00890  0.23928  0.28317  0.03886  0.12010  0.06419  0.00527
    15(1)a  0.91990  0.00293  0.01717  0.00157  0.03529  0.75457  0.10248  0.00031  0.00357  0.00201
