$coord
    2.62528313285005      0.00000000000000      0.00000000000000      c
    0.00000000000000      0.00000000000000      0.00000000000000      c
   -1.34389763666295      2.25523696150838      0.00000000000000      c
   -0.06438296934741      4.50958575173431      0.00026456165860      c
    2.58983187059712      4.55815171334947      0.00175744530358      c
    3.90687649891177      2.25319605728487      0.00026456165860      c
    3.63639999751184     -1.77107022900175      0.00183303434890      h
   -3.38296882583055      2.21721567171473      0.00181413708757      h
   -1.10210717796024      6.27111286376499     -0.00145508912232      h
    5.95135230481941      2.26343837292511     -0.00145508912232      h
   -1.34389763666295     -2.36523791970366      0.00332591799388      n
   -3.65178236823353     -2.32379622560948      0.00479990437753      o
   -0.12687621256194     -4.32660357028700      0.00468652080956      o
    3.85549484535860      6.78559080344311     -0.04663844095962      n
    2.92219690284904      8.41213477780177      0.25044540439133      h
    5.73051890893040      6.81652562023845      0.25042650713001      h
    1.38875973505766     11.89661969149094      1.36823730925452      cl
   -2.01412680421351     11.96933635308438      1.52361059190038      c
   -2.79522620398046     11.60635775747970     -0.34727497144039      h
   -2.67301761496674     10.52458403270932      2.83536398704295      h
   -2.88147330468536     14.57007194346824      2.44090255406440      c
   -2.10037390491841     14.93303164181159      4.31176922014384      h
   -2.22258249393212     16.01482426384330      1.12914915892183      h
   -6.28435984395652     14.64278860506168      2.59627583671026      cl
   10.20905646030140      7.43416370951079      0.10516325929509      cl
   10.21625631686769      7.85870958252488      3.48582661924352      c
   11.66798172667310      9.22490598755589      4.00363047691551      h
    8.37407569348545      8.54936668957193      4.09549006423508      h
   10.77073975877900      5.33040719481452      4.77335372536249      c
    9.31901434897359      3.96419189252219      4.25554986769049      h
   12.61290148489991      4.63975008776748      4.16369028037092      h
   10.77793961534529      5.75493417056728      8.15399818804959      cl
   -5.78736187100760      6.67171590667542     -0.26138691870074      cl
   -7.32501312807532      5.39002805430706      2.49574240644074      c
   -9.36374416653899      5.62049905347380      2.31495230730757      h
   -6.87242371924921      3.38801439460535      2.66655475159227      h
   -6.40314802866971      6.78972930367413      4.85130492834402      c
   -4.36443588746737      6.55923940724607      5.03209502747719      h
   -6.85573743749582      8.79176186063717      4.68053037771515      h
   -7.94079928573743      5.50804145130577      7.60847204800816      cl
   -0.13369812390166     -3.76845405967789     -7.23086697213495      cl
   -3.37172495533988     -4.81462534410471     -7.40364463246469      c
   -4.62455668965907     -3.18012562272660     -7.37055552787786      h
   -3.66141997151125     -5.86708941655404     -9.15028070256823      h
   -3.95512120708434     -6.52057561056723     -5.14375894466941      c
   -2.70230837002647     -8.15507533194534     -5.17684804925623      h
   -3.66542619091297     -5.46811153811790     -3.39712287456586      h
   -7.19316693578389     -7.56674689499405     -5.31655550226047      cl
    3.21926185093867    -10.29709880083254     -2.97531710444446      cl
    5.02548098601209     -7.97077034220500     -1.26216698141565      c
    6.99890308932324     -8.06837469696854     -1.84376799333386      h
    4.28296979387867     -6.09209910719674     -1.66394165452847      h
    4.83063132445025     -8.49664333046442      1.57387730703514      c
    2.85719032387778     -8.39902007843954      2.15547831895335      h
    5.57314251658368    -10.37531456547268      1.97565198014795      h
    6.63683156226235     -6.17031487183687      3.28702743006395      cl
$user-defined bonds
$end
