$point_charges nocheck
 -3.59447    3.29398  -7.01888  -0.200000
 -0.43277    4.56388  -7.00739  -0.006000
 -0.22342    5.90016  -8.56069   0.103000
 -0.08600    5.52771  -5.22054   0.103000
  1.47119    2.41188  -7.32569  -0.006000
  1.26186    1.07558  -5.77236   0.103000
  1.12442    1.44806  -9.11254   0.103000
  4.63289    3.68179  -7.31418  -0.200000
-11.77655   -5.93376   0.25664  -0.200000
-10.64490   -2.72550   0.06814  -0.006000
-12.18953   -1.42678   0.48005   0.103000
 -9.13136   -2.44924   1.43751   0.103000
 -9.64014   -2.21291  -2.59367  -0.006000
 -8.09553   -3.51162  -3.00557   0.103000
-11.15367   -2.48917  -3.96304   0.103000
 -8.50851    0.99536  -2.78217  -0.200000
  1.79407    5.94752   6.40528  -0.200000
  2.83342    3.46234   8.49169  -0.006000
  4.58325    4.02990   9.41805   0.103000
  1.38625    3.10924   9.91407   0.103000
  3.29100    1.05057   6.96470  -0.006000
  1.54117    0.48300   6.03834   0.103000
  4.73817    1.40365   5.54232   0.103000
  4.33035   -1.43460   9.05113  -0.200000
 10.55348   12.04867  -6.34829  -0.200000
  7.43067   12.96798  -5.34205  -0.006000
  7.44306   13.33903  -3.31611   0.103000
  6.85797   14.67104  -6.34893   0.103000
  5.56570   10.83567  -5.91875  -0.006000
  5.55326   10.46464  -7.94471   0.103000
  6.13838    9.13259  -4.91187   0.103000
  2.44289   11.75498  -4.91253  -0.200000
 -2.34596   -2.25771   9.57466  -0.200000
 -4.50826   -1.45114   7.06801  -0.006000
 -3.90230    0.30370   6.17604   0.103000
 -4.53098   -2.96137   5.66776   0.103000
 -7.16371   -1.10967   8.15868  -0.006000
 -7.76967   -2.86450   9.05065   0.103000
 -7.14099    0.40057   9.55892   0.103000
 -9.32599   -0.30309   5.65204  -0.200000
  8.60649   -2.48474  -4.02980  -0.200000
  7.44737   -3.08279  -7.17748  -0.006000
  6.55006   -4.93572  -7.23871   0.103000
  6.07316   -1.63673  -7.68990   0.103000
  9.65331   -3.01935  -9.04495  -0.006000
 10.55061   -1.16643  -8.98372   0.103000
 11.02750   -4.46542  -8.53255   0.103000
  8.49417   -3.61741 -12.19263  -0.200000
 -0.28890  -16.15907   3.68578  -0.200000
 -1.63560  -14.02373   1.39762  -0.006000
 -0.13483  -13.23230   0.22985   0.103000
 -2.96766  -15.04585   0.20470   0.103000
 -3.01615  -11.88636   2.76987  -0.006000
 -4.51692  -12.67779   3.93760   0.103000
 -1.68411  -10.86422   3.96277   0.103000
 -4.36285   -9.75101   0.48169  -0.200000
 12.89347    0.47196   0.08882  -0.200000
 15.28624   -1.94870   0.24408  -0.006000
 17.14709   -1.08931   0.04220   0.103000
 15.16908   -2.91519   2.05914   0.103000
 14.86925   -3.85412  -1.88975  -0.006000
 13.00840   -4.71351  -1.68787   0.103000
 14.98642   -2.88761  -3.70481   0.103000
 17.26201   -6.27476  -1.73449  -0.200000
 18.71887    6.31503  -7.47655  -0.200000
 15.51374    6.01220  -6.36082  -0.006000
 15.51202    5.87036  -4.30606   0.103000
 14.42691    7.66446  -6.93630   0.103000
 14.32065    3.63377  -7.49091  -0.006000
 14.32235    3.77562  -9.54567   0.103000
 15.40749    1.98151  -6.91543   0.103000
 11.11552    3.33094  -6.37516  -0.200000
  6.91131   13.35341   6.63424  -0.200000
  4.73681   15.96488   6.38809  -0.006000
  5.75027   17.73319   6.68519   0.103000
  3.87929   15.97076   4.51543   0.103000
  2.67107   15.69089   8.39191  -0.006000
  1.65759   13.92258   8.09481   0.103000
  3.52857   15.68499  10.26460   0.103000
  0.49654   18.30236   8.14576  -0.200000
-13.29284    5.61519  -1.62140  -0.200000
-11.95441    7.02373  -4.42026  -0.006000
-10.17582    6.09027  -4.87589   0.103000
-13.26654    6.80727  -5.99306   0.103000
-11.47283    9.83497  -3.94828  -0.006000
-13.25142   10.76840  -3.49265   0.103000
-10.16070   10.05140  -2.37548   0.103000
-10.13437   11.24349  -6.74717  -0.200000
 -2.69530   10.11158   8.59865  -0.200000
 -4.72494   10.44471  11.31502  -0.006000
 -6.65713    9.95865  10.79272   0.103000
 -4.08071    9.18588  12.81255   0.103000
 -4.63975   13.17823  12.25217  -0.006000
 -2.70756   13.66429  12.77447   0.103000
 -5.28398   14.43707  10.75464   0.103000
 -6.66939   13.51137  14.96854  -0.200000
 11.04908   -2.00935   6.90774  -0.200000
 11.53166   -1.63675  10.26000  -0.006000
 10.10506   -0.36147  11.02192   0.103000
 11.37768   -3.47090  11.18434   0.103000
 14.16148   -0.53547  10.73846  -0.006000
 15.58807   -1.81075   9.97653   0.103000
 14.31547    1.29866   9.81410   0.103000
 14.64405   -0.16289  14.09071  -0.200000
-13.97371  -12.16267   3.40640  -0.200000
-11.27528  -12.24860   5.48499  -0.006000
-11.84337  -12.99729   7.31776   0.103000
 -9.81907  -13.45642   4.67084   0.103000
-10.23113   -9.57364   5.81956  -0.006000
 -9.66302   -8.82495   3.98679   0.103000
-11.68733   -8.36582   6.63371   0.103000
 -7.53269   -9.65956   7.89815  -0.200000
  9.82654  -15.70591   5.56054  -0.200000
  7.69268  -13.36543   6.81675  -0.006000
  7.82917  -13.34377   8.87179   0.103000
  8.19387  -11.51036   6.07536   0.103000
  4.98495  -14.01366   6.03862  -0.006000
  4.84845  -14.03532   3.98358   0.103000
  4.48375  -15.86871   6.78002   0.103000
  2.85109  -11.67320   7.29483  -0.200000
 15.94162   16.42189  -5.06898  -0.200000
 15.25122   14.22051  -2.56173  -0.006000
 13.31006   14.48842  -1.92731   0.103000
 15.48844   12.29499  -3.25330   0.103000
 17.05805   14.67909  -0.35204  -0.006000
 18.99919   14.41118  -0.98646   0.103000
 16.82083   16.60459   0.33955   0.103000
 16.36766   12.47771   2.15521  -0.200000
  2.99580   19.09457  -3.22633  -0.200000
  4.98139   21.46891  -4.65079  -0.006000
  6.95952   20.99227  -4.33131   0.103000
  4.61229   21.54877  -6.67553   0.103000
  4.40779   24.04253  -3.46547  -0.006000
  2.42968   24.51918  -3.78497   0.103000
  4.77689   23.96265  -1.44073   0.103000
  6.39338   26.41686  -4.88993  -0.200000
 -1.68737  -11.19217  -9.34245  -0.200000
 -4.37417  -12.96577  -8.22690  -0.006000
 -4.49747  -12.80949  -6.17685   0.103000
 -6.09357  -12.21612  -9.07775   0.103000
 -4.06786  -15.74437  -8.96376  -0.006000
 -3.94456  -15.90068 -11.01380   0.103000
 -2.34846  -16.49404  -8.11293   0.103000
 -6.75466  -17.51799  -7.84822  -0.200000
 20.12298    8.14789  -0.34210  -0.200000
 18.32672    5.96280   1.55744  -0.006000
 16.90060    6.99399   2.62749   0.103000
 17.40525    4.58557   0.33420   0.103000
 20.09841    4.59311   3.38575  -0.006000
 21.52453    3.56193   2.31569   0.103000
 21.01990    5.97036   4.60897   0.103000
 18.30217    2.40802   5.28526  -0.200000
  0.37059   10.86921 -11.10906  -0.200000
 -1.27608   13.80454 -10.57821  -0.006000
 -1.76366   13.96787  -8.58374   0.103000
 -0.06482   15.37965 -11.12060   0.103000
 -3.69090   13.85570 -12.16681  -0.006000
 -3.20331   13.69235 -14.16129   0.103000
 -4.90216   12.28059 -11.62440   0.103000
 -5.33757   16.79101 -11.63597  -0.200000
 -7.86975  -15.32710  -1.34618  -0.200000
-10.13876  -13.16234  -2.67844  -0.006000
-10.51504  -11.64795  -1.33409   0.103000
 -9.38497  -12.36295  -4.42052   0.103000
-12.59595  -14.57368  -3.25120  -0.006000
-12.21967  -16.08809  -4.59555   0.103000
-13.34974  -15.37307  -1.50912   0.103000
-14.86496  -12.40892  -4.58346  -0.200000
 -7.69052    2.13403 -14.87827  -0.200000
 -5.12061    4.05892 -13.73825  -0.006000
 -5.32946    5.97847 -14.45520   0.103000
 -5.14512    4.08821 -11.67896   0.103000
 -2.61045    2.95657 -14.65553  -0.006000
 -2.40162    1.03704 -13.93858   0.103000
 -2.58594    2.92728 -16.71482   0.103000
 -0.04053    4.88146 -13.51553  -0.200000
 15.63968   24.30207   0.48840  -0.200000
 13.14902   22.24922  -0.60328  -0.006000
 11.54063   23.38332  -1.21080   0.103000
 13.83193   21.12207  -2.18619   0.103000
 12.33369   20.49606   1.54597  -0.006000
 13.94210   19.36196   2.15349   0.103000
 11.65079   21.62321   3.12888   0.103000
  9.84305   18.44324   0.45429  -0.200000
-13.28774    1.82149  -7.29659  -0.200000
-13.47184    3.77509 -10.08205  -0.006000
-12.17188    5.36178  -9.89557   0.103000
-12.96269    2.66070 -11.73771   0.103000
-16.16899    4.77082 -10.38416  -0.006000
-17.46897    3.18415 -10.57064   0.103000
-16.67816    5.88519  -8.72849   0.103000
-16.35309    6.72442 -13.16961  -0.200000
 -3.56926    3.66393  12.36066  -0.200000
 -2.75875    1.23894  14.61278  -0.006000
 -1.47869   -0.11450  13.73423   0.103000
 -1.83846    2.09608  16.24393   0.103000
 -5.16082   -0.12330  15.46830  -0.006000
 -6.44089    1.23014  16.34685   0.103000
 -6.08112   -0.98043  13.83718   0.103000
 -4.35032   -2.54830  17.72043  -0.200000
  4.48640    8.46909  12.73003  -0.200000
  2.27196   10.85941  13.72603  -0.006000
  2.87023   12.69352  13.00476   0.103000
  0.40026   10.41016  12.99306   0.103000
  2.17989   10.94420  16.61425  -0.006000
  1.58163    9.11009  17.33552   0.103000
  4.05159   11.39342  17.34719   0.103000
 -0.03454   13.33451  17.61024  -0.200000
 10.34746  -15.67388 -10.03428  -0.200000
 11.60796  -12.83502  -8.63393  -0.006000
 13.65845  -12.82529  -8.82763   0.103000
 10.81978  -11.18924  -9.58921   0.103000
 10.90542  -12.74919  -5.83098  -0.006000
  8.85490  -12.75894  -5.63726   0.103000
 11.69359  -14.39495  -4.87568   0.103000
 12.16589   -9.91031  -4.43063  -0.200000
 15.39469   -8.41705  11.68134  -0.200000
 15.29291   -7.85531   8.32233  -0.006000
 14.75396   -5.89908   7.96886   0.103000
 17.15098   -8.21368   7.50920   0.103000
 13.35369   -9.62243   7.10809  -0.006000
 13.89262  -11.57865   7.46155   0.103000
 11.49560   -9.26406   7.92122   0.103000
 13.25189   -9.06069   3.74910  -0.200000
  5.29373  -10.64237  -9.87217  -0.200000
  3.95308  -10.68049 -13.00438  -0.006000
  2.13257   -9.71741 -12.98427   0.103000
  5.22488   -9.71848 -14.30785   0.103000
  3.58515  -13.41675 -13.86182  -0.006000
  5.40564  -14.37983 -13.88191   0.103000
  2.31331  -14.37876 -12.55835   0.103000
  2.24448  -13.45489 -16.99400  -0.200000
-12.60067   11.28012   6.52409  -0.200000
-14.99248   12.31312   4.32834  -0.006000
-16.75641   11.32377   4.71817   0.103000
-15.28293   14.34191   4.53309   0.103000
-14.13836   11.73055   1.62860  -0.006000
-12.37442   12.71990   1.23877   0.103000
-13.84791    9.70174   1.42387   0.103000
-16.53017   12.76355  -0.56714  -0.200000
-16.41711   -2.25291 -15.34800  -0.200000
-14.58341   -4.72775 -13.89138  -0.006000
-15.77434   -6.38193 -13.59556   0.103000
-13.00623   -5.22721 -15.11826   0.103000
-13.56861   -3.80470 -11.34660  -0.006000
-12.37769   -2.15053 -11.64239   0.103000
-15.14580   -3.30524 -10.11969   0.103000
-11.73493   -6.27954  -9.88998  -0.200000
  9.26489    3.34277 -12.94521  -0.200000
  8.95192    6.24592 -14.70094  -0.006000
  8.83165    7.83121 -13.39153   0.103000
 10.59054    6.48864 -15.92497   0.103000
  6.55363    6.14397 -16.31198  -0.006000
  6.67389    4.55868 -17.62139   0.103000
  4.91501    5.90127 -15.08795   0.103000
  6.24067    9.04714 -18.06771  -0.200000
 16.38298    9.15975  11.77475  -0.200000
 14.71751    8.29820  14.61964  -0.006000
 15.85204    6.96296  15.70234   0.103000
 14.37392    9.98412  15.75193   0.103000
 12.19231    7.07419  13.92484  -0.006000
 11.05777    8.40945  12.84214   0.103000
 12.53590    5.38831  12.79256   0.103000
 10.52687    6.21266  16.76973  -0.200000
 -0.96127   26.29552   5.73878  -0.200000
 -1.05347   25.24733   2.49812  -0.006000
 -2.17492   26.56545   1.38130   0.103000
  0.86270   25.16764   1.74703   0.103000
 -2.24792   22.61783   2.36947  -0.006000
 -1.12645   21.29973   3.48628   0.103000
 -4.16407   22.69752   3.12054   0.103000
 -2.34012   21.56964  -0.87120  -0.200000
-20.16194   -3.29258   1.18265  -0.200000
-18.69432   -5.39534   3.42624  -0.006000
-19.98744   -6.93518   3.87231   0.103000
-16.96360   -6.16434   2.61672   0.103000
-18.06270   -3.93842   5.84201  -0.006000
-16.76960   -2.39859   5.39592   0.103000
-19.79345   -3.16941   6.65151   0.103000
-16.59510   -6.04117   8.08559  -0.200000
  5.48446  -19.08281  -2.53049  -0.200000
  5.26498  -19.86476  -5.83950  -0.006000
  7.08636  -19.53964  -6.74456   0.103000
  4.74008  -21.84591  -6.04397   0.103000
  3.25772  -18.20298  -7.09129  -0.006000
  1.43634  -18.52810  -6.18623   0.103000
  3.78261  -16.22182  -6.88682   0.103000
  3.03824  -18.98491 -10.40032  -0.200000
-16.91441   -4.39592  -5.05825  -0.200000
-18.86291   -6.77575  -6.52418  -0.006000
-20.08297   -5.89438  -7.93022   0.103000
-17.66338   -8.17868  -7.43804   0.103000
-20.48888   -8.06424  -4.51083  -0.006000
-19.26882   -8.94560  -3.10480   0.103000
-21.68842   -6.66130  -3.59698   0.103000
-22.43740  -10.44406  -5.97677  -0.200000
 12.53710   17.15115  15.42878  -0.200000
 12.79156   18.42884  12.28040  -0.006000
 11.78103   20.22092  12.18242   0.103000
 14.77613   18.73312  11.82075   0.103000
 11.63964   16.56959  10.38992  -0.006000
 12.65017   14.77753  10.48790   0.103000
  9.65508   16.26533  10.84958   0.103000
 11.89409   17.84725   7.24153  -0.200000
  0.69189   -7.16435 -17.38533  -0.200000
 -2.42064   -7.46200 -16.03151  -0.006000
 -3.06304   -9.41097 -16.20777   0.103000
 -2.35711   -6.93694 -14.04089   0.103000
 -4.25084   -5.71500 -17.42996  -0.006000
 -3.60847   -3.76604 -17.25371   0.103000
 -4.31438   -6.24006 -19.42058   0.103000
 -7.36337   -6.01264 -16.07615  -0.200000
  5.36331   22.36519   3.99309  -0.200000
  5.12055   23.07310   7.31711  -0.006000
  3.92477   24.72913   7.58135   0.103000
  4.29453   21.46474   8.30359   0.103000
  7.75408   23.60733   8.38339  -0.006000
  8.94988   21.95129   8.11913   0.103000
  8.58011   25.21567   7.39692   0.103000
  7.51136   24.31524  11.70740  -0.200000
 -8.78031   -8.14772  14.32399  -0.200000
 -6.28918   -9.33245  16.32395  -0.006000
 -5.28265   -7.75113  17.17748   0.103000
 -7.09970  -10.51120  17.80581   0.103000
 -4.44891  -10.90397  14.74245  -0.006000
 -5.45545  -12.48529  13.88892   0.103000
 -3.63838   -9.72521  13.26061   0.103000
 -1.95778  -12.08867  16.74241  -0.200000
-11.91416   -0.70744  13.88244  -0.200000
-14.59109   -0.10514  11.86236  -0.006000
-14.66692    1.90101  11.40221   0.103000
-14.40383   -1.20111  10.12857   0.103000
-17.02088   -0.87201  13.22825  -0.006000
-16.94504   -2.87817  13.68840   0.103000
-17.20813    0.22397  14.96204   0.103000
-19.69777   -0.26970  11.20819  -0.200000
 13.93085   10.48482 -11.55743  -0.200000
 12.81875   13.40562 -12.91429  -0.006000
 11.80682   13.00904 -14.66386   0.103000
 11.55365   14.34245 -11.58612   0.103000
 15.07240   15.12739 -13.47486  -0.006000
 16.08433   15.52399 -11.72530   0.103000
 16.33750   14.19058 -14.80304   0.103000
 13.96030   18.04821 -14.83172  -0.200000
  1.86044   -5.57554  17.17478  -0.200000
  3.39816   -8.31973  15.86563  -0.006000
  3.04945   -9.94706  17.07906   0.103000
  2.65061   -8.69363  13.98318   0.103000
  6.24371   -7.83951  15.69350  -0.006000
  6.59244   -6.21217  14.48006   0.103000
  6.99129   -7.46561  17.57593   0.103000
  7.78144  -10.58369  14.38433  -0.200000
 20.99788   -9.27411 -12.08402  -0.200000
 20.41981   -6.19554 -10.74345  -0.006000
 22.05743   -5.60754  -9.64138   0.103000
 20.08700   -4.83864 -12.25682   0.103000
 18.09626   -6.31265  -9.02734  -0.006000
 16.45865   -6.90066 -10.12940   0.103000
 18.42912   -7.66955  -7.51397   0.103000
 17.51820   -3.23410  -7.68674  -0.200000
-15.71576   19.27706  -6.05361  -0.200000
-12.56549   18.11680  -5.47187  -0.006000
-12.49727   17.21147  -3.62310   0.103000
-12.05764   16.74913  -6.92575   0.103000
-10.69927   20.32385  -5.53238  -0.006000
-10.76749   21.22918  -7.38114   0.103000
-11.20712   21.69152  -4.07848   0.103000
 -7.54898   19.16360  -4.95065  -0.200000
  0.02974   20.61733  -9.80341  -0.200000
 -1.61479   22.30181  -7.34023  -0.006000
 -3.51321   21.53107  -7.13028   0.103000
 -0.58993   22.09685  -5.56543   0.103000
 -1.78451   25.10263  -8.03598  -0.006000
  0.11393   25.87337  -8.24591   0.103000
 -2.80936   25.30759  -9.81078   0.103000
 -3.42904   26.78711  -5.57278  -0.200000
  6.31499   -1.22530  16.00961  -0.200000
  4.55375    1.47053  17.12311  -0.006000
  5.84831    2.84425  17.94726   0.103000
  3.54868    2.33368  15.54606   0.103000
  2.65140    0.61821  19.12620  -0.006000
  1.35682   -0.75553  18.30205   0.103000
  3.65645   -0.24495  20.70323   0.103000
  0.89012    3.31401  20.23970  -0.200000
-17.45638    6.58481   9.57757  -0.200000
-16.26856    8.78660  11.89061  -0.006000
-15.92954   10.60939  10.99348   0.103000
-17.65201    9.01048  13.40001   0.103000
-13.79294    7.78202  12.99506  -0.006000
-14.13198    5.95927  13.89219   0.103000
-12.40949    7.55817  11.48568   0.103000
-12.60512    9.98384  15.30812  -0.200000
-19.59570    6.01543  -4.21649  -0.200000
-20.03584    2.75422  -3.33329  -0.006000
-18.42269    1.64521  -3.97370   0.103000
-20.19692    2.61292  -1.28481   0.103000
-22.44900    1.74070  -4.56084  -0.006000
-24.06215    2.84969  -3.92041   0.103000
-22.28794    1.88202  -6.60934   0.103000
-22.88916   -1.52051  -3.67765  -0.200000
 23.36221    9.44281   7.53385  -0.200000
 20.70991   11.58058   7.46746  -0.006000
 20.65257   12.54806   5.65007   0.103000
 18.96523   10.51939   7.73618   0.103000
 20.98828   13.52766   9.58618  -0.006000
 21.04562   12.56018  11.40359   0.103000
 22.73293   14.58884   9.31746   0.103000
 18.33596   15.66543   9.51980  -0.200000
 21.56811   -4.17142   7.54985  -0.200000
 22.02744   -3.76180   4.19863  -0.006000
 20.27996   -3.08604   3.34321   0.103000
 23.52749   -2.38833   3.87358   0.103000
 22.76502   -6.29209   3.01069  -0.006000
 24.51249   -6.96787   3.86613   0.103000
 21.26496   -7.66558   3.33576   0.103000
 23.22432   -5.88247  -0.34053  -0.200000
-14.01687   15.99358  10.69679  -0.200000
-12.14094   18.14194   8.83273  -0.006000
-12.22906   17.58876   6.85067   0.103000
-12.87312   20.05534   9.04521   0.103000
 -9.39574   18.05597   9.73500  -0.006000
 -9.30762   18.60915  11.71706   0.103000
 -8.66358   16.14257   9.52252   0.103000
 -7.51979   20.20431   7.87096  -0.200000
 -1.22859  -20.03633  -1.60262  -0.200000
 -3.22323  -21.26762   0.87009  -0.006000
 -2.06186  -21.81806   2.47959   0.103000
 -4.56584  -19.81933   1.45496   0.103000
 -4.66267  -23.57443  -0.11197  -0.006000
 -5.82406  -23.02401  -1.72145   0.103000
 -3.32010  -25.02271  -0.69684   0.103000
 -6.65734  -24.80572   2.36076  -0.200000
 15.74622  -16.17228  -4.15553  -0.200000
 17.37701  -15.78403  -1.18924  -0.006000
 16.42782  -16.88954   0.26651   0.103000
 19.32237  -16.43181  -1.38479   0.103000
 17.36288  -12.99187  -0.44004  -0.006000
 18.31207  -11.88638  -1.89581   0.103000
 15.41752  -12.34409  -0.24449   0.103000
 18.99368  -12.60362   2.52624  -0.200000
 -2.45332  -24.87350   9.43189  -0.200000
 -2.97777  -21.74840   8.17964  -0.006000
 -1.22279  -21.02515   7.38031   0.103000
 -4.41946  -21.82980   6.71095   0.103000
 -3.86317  -19.99606  10.30162  -0.006000
 -5.61816  -20.71932  11.10095   0.103000
 -2.42150  -19.91469  11.77031   0.103000
 -4.38762  -16.87100   9.04935  -0.200000
  7.38469   16.17303 -16.02845  -0.200000
  4.04466   15.67715 -16.48397  -0.006000
  3.72255   14.82110 -18.32947   0.103000
  3.32871   14.42668 -15.01221   0.103000
  2.66612   18.21450 -16.34592  -0.006000
  2.98824   19.07055 -14.50042   0.103000
  3.38208   19.46497 -17.81768   0.103000
 -0.67390   17.71862 -16.80144  -0.200000
 14.75895   23.43289  -6.88166  -0.200000
 11.49666   22.69589  -7.53232  -0.006000
 10.66040   21.77299  -5.89184   0.103000
 10.46838   24.43285  -7.94191   0.103000
 11.34495   20.92664  -9.81365  -0.006000
 12.18121   21.84952 -11.45410   0.103000
 12.37323   19.18966  -9.40403   0.103000
  8.08264   20.18963 -10.46428  -0.200000
  5.44697  -20.35469  10.18755  -0.200000
  5.50902  -18.65995  13.14272  -0.006000
  5.66013  -19.99946  14.69992   0.103000
  7.12854  -17.38771  13.17128   0.103000
  3.07487  -17.12604  13.42518  -0.006000
  2.92377  -15.78653  11.86799   0.103000
  1.45537  -18.39828  13.39663   0.103000
  3.13696  -15.43130  16.38037  -0.200000
 28.56361   -2.55028  -7.40128  -0.200000
 26.44708   -0.11720  -6.30131  -0.006000
 27.51434    1.30093  -5.25627   0.103000
 25.52217    0.76944  -7.91395   0.103000
 24.44973   -1.28796  -4.56998  -0.006000
 23.38249   -2.70609  -5.61502   0.103000
 25.37469   -2.17462  -2.95735   0.103000
 22.33322    1.14512  -3.47001  -0.200000
-10.66951   26.78099   2.96241  -0.200000
-10.19808   23.46118   2.35772  -0.006000
 -9.20586   23.22284   0.56864   0.103000
 -9.07957   22.63782   3.87866   0.103000
-12.76223   22.13304   2.22081  -0.006000
-13.75447   22.37141   4.00990   0.103000
-13.88074   22.95643   0.69986   0.103000
-12.29082   18.81324   1.61611  -0.200000
  4.76579   17.48106  15.17851  -0.200000
  5.33725   19.81899  17.59027  -0.006000
  7.16450   19.46412  18.47198   0.103000
  5.33679   21.69578  16.74173   0.103000
  3.25687   19.66704  19.59187  -0.006000
  1.42960   20.02193  18.71018   0.103000
  3.25732   17.79028  20.44043   0.103000
  3.82830   22.00497  22.00365  -0.200000
 -2.41418   27.34978  11.85745  -0.200000
 -1.58779   24.43779  13.42153  -0.006000
  0.42305   24.06965  13.17041   0.103000
 -2.01218   24.59276  15.43099   0.103000
 -3.11423   22.26407  12.28020  -0.006000
 -5.12509   22.63221  12.53130   0.103000
 -2.68984   22.10910  10.27074   0.103000
 -2.28783   19.35208  13.84428  -0.200000
 20.20316    9.90566 -15.53844  -0.200000
 18.47563    7.17493 -14.45775  -0.006000
 18.50129    7.11618 -12.39910   0.103000
 16.52781    7.28877 -15.11756   0.103000
 19.70807    4.77855 -15.50462  -0.006000
 19.68240    4.83732 -17.56327   0.103000
 21.65588    4.66471 -14.84480   0.103000
 17.98054    2.04782 -14.42392  -0.200000
-22.61328   14.65347 -12.42574  -0.200000
-19.38560   14.87180 -11.35623  -0.006000
-18.17622   15.42302 -12.92970   0.103000
-19.25136   16.28097  -9.86010   0.103000
-18.53158   12.30386 -10.33941  -0.006000
-19.74099   11.75262  -8.76597   0.103000
-18.66583   10.89469 -11.83556   0.103000
-15.30391   12.52218  -9.26994  -0.200000
-13.02645   17.77337 -17.12527  -0.200000
-12.47272   14.43768 -16.70612  -0.006000
-13.67805   13.72563 -15.19536   0.103000
-12.90649   13.44385 -18.45722   0.103000
 -9.70040   14.00072 -16.01263  -0.006000
 -8.49509   14.71275 -17.52339   0.103000
 -9.26665   14.99454 -14.26152   0.103000
 -9.14669   10.66503 -15.59349  -0.200000
 -7.12421  -13.06177 -14.50242  -0.200000
 -9.94623  -14.71923 -15.45036  -0.006000
-10.43161  -16.12192 -14.02245   0.103000
-11.49639  -13.37784 -15.65056   0.103000
 -9.48399  -16.04060 -17.97976  -0.006000
 -8.99865  -14.63791 -19.40768   0.103000
 -7.93386  -17.38198 -17.77956   0.103000
-12.30603  -17.69806 -18.92772  -0.200000
 18.93810    3.37669  18.34745  -0.200000
 19.97412    3.26866  15.10337  -0.006000
 18.33333    3.24230  13.85863   0.103000
 21.12132    4.92922  14.69283   0.103000
 21.54722    0.88160  14.67318  -0.006000
 23.18802    0.90796  15.91792   0.103000
 20.40005   -0.77898  15.08372   0.103000
 22.58327    0.77356  11.42910  -0.200000
 -1.06921    9.73160 -18.31137  -0.200000
 -2.44001   11.22274 -21.05117  -0.006000
 -4.40901   10.64672 -21.23395   0.103000
 -2.33946   13.26926 -20.84209   0.103000
 -0.97990   10.42369 -23.41494  -0.006000
  0.98908   10.99972 -23.23216   0.103000
 -1.08045    8.37716 -23.62401   0.103000
 -2.35072   11.91484 -26.15474  -0.200000
-10.15805    4.30848  19.68210  -0.200000
 -6.88013    5.16865  20.03469  -0.006000
 -6.16304    4.42682  21.81725   0.103000
 -5.79116    4.37982  18.47451   0.103000
 -6.63294    8.04899  20.02172  -0.006000
 -7.35001    8.79085  18.23913   0.103000
 -7.72189    8.83781  21.58188   0.103000
 -3.35502    8.90915  20.37429  -0.200000
-11.06616  -18.95012   4.55664  -0.200000
-13.47031  -19.96900   6.74555  -0.006000
-12.58764  -20.55453   8.51193   0.103000
-14.77121  -18.41430   7.10989   0.103000
-14.92460  -22.19548   5.61179  -0.006000
-15.80726  -21.60993   3.84540   0.103000
-13.62366  -23.75015   5.24747   0.103000
-17.32873  -23.21436   7.80069  -0.200000
 26.51027    7.21664  -1.80276  -0.200000
 27.19208   10.54012  -1.48912  -0.006000
 29.16823   10.88325  -1.95749   0.103000
 25.98642   11.61263  -2.76911   0.103000
 26.68902   11.37436   1.23271  -0.006000
 24.71287   11.03122   1.70106   0.103000
 27.89468   10.30184   2.51269   0.103000
 27.37081   14.69784   1.54634  -0.200000
 14.42173   -8.41111 -14.85325  -0.200000
 14.97024   -8.51460 -18.21439  -0.006000
 16.80207   -9.38007 -18.58525   0.103000
 13.48994   -9.62543 -19.11823   0.103000
 14.94235   -5.82678 -19.27844  -0.006000
 13.11050   -4.96132 -18.90758   0.103000
 16.42261   -4.71594 -18.37460   0.103000
 15.49086   -5.93024 -22.63958  -0.200000
-23.35463    6.37684   4.00490  -0.200000
-23.97412    3.18222   5.01490  -0.006000
-22.19136    2.17734   5.24783   0.103000
-24.98515    3.21274   6.80916   0.103000
-25.58413    1.83766   3.02551  -0.006000
-27.36690    2.84253   2.79258   0.103000
-24.57315    1.80715   1.23127   0.103000
-26.20364   -1.35696   4.03551  -0.200000
-16.32162  -11.10942 -12.15447  -0.200000
-19.56360  -12.15088 -12.27196  -0.006000
-20.77508  -10.72438 -11.41194   0.103000
-20.12316  -12.43546 -14.23359   0.103000
-19.82944  -14.63918 -10.82446  -0.006000
-18.61798  -16.06568 -11.68448   0.103000
-19.26990  -14.35461  -8.86282   0.103000
-23.07146  -15.68065 -10.94195  -0.200000
-18.96403  -19.72764  -0.62009  -0.200000
-21.07619  -17.71053   1.13463  -0.006000
-22.95942  -18.54418   1.16022   0.103000
-20.38786  -17.50882   3.06538   0.103000
-21.19163  -15.10989  -0.12274  -0.006000
-19.30839  -14.27624  -0.14832   0.103000
-21.87997  -15.31158  -2.05351   0.103000
-23.30378  -13.09280   1.63199  -0.200000
-10.68599  -17.33741  13.08849  -0.200000
-11.81085  -16.22708  16.10691  -0.006000
-13.29602  -17.48002  16.78990   0.103000
-10.25420  -16.20782  17.45548   0.103000
-12.86646  -13.55145  15.81701  -0.006000
-11.38129  -12.29849  15.13402   0.103000
-14.42313  -13.57069  14.46842   0.103000
-13.99134  -12.44111  18.83543  -0.200000
 23.00182   10.95867  -9.12447  -0.200000
 24.31581    7.81498  -9.10481  -0.006000
 24.29613    7.07411  -7.18306   0.103000
 23.19199    6.59297 -10.32378   0.103000
 27.03769    7.90214 -10.07506  -0.006000
 27.05740    8.64304 -11.99679   0.103000
 28.16153    9.12418  -8.85607   0.103000
 28.35167    4.75844 -10.05540  -0.200000
  1.79577    3.06965 -19.95318  -0.200000
  0.59203    1.11632 -22.47208  -0.006000
 -1.34796    1.66196 -22.89747   0.103000
  1.75918    1.36366 -24.15102   0.103000
  0.65521   -1.65623 -21.65569  -0.006000
  2.59520   -2.20189 -21.23030   0.103000
 -0.51195   -1.90358 -19.97673   0.103000
 -0.54855   -3.60958 -24.17459  -0.200000
 24.26522   24.61000  -2.36042  -0.200000
 23.86252   21.41470  -1.24813  -0.006000
 22.73875   20.35057  -2.60714   0.103000
 25.70727   20.52384  -1.03481   0.103000
 22.50794   21.44686   1.30567  -0.006000
 23.63171   22.51097   2.66467   0.103000
 20.66319   22.33770   1.09234   0.103000
 22.10526   18.25154   2.41796  -0.200000
 -9.19679  -27.40394  -7.56737  -0.200000
 -9.61914  -24.19006  -6.51776  -0.006000
 -7.78010  -23.28279  -6.32548   0.103000
-10.75241  -23.16063  -7.89548   0.103000
-10.96905  -24.18075  -3.96136  -0.006000
-12.80809  -25.08802  -4.15364   0.103000
 -9.83578  -25.21017  -2.58363   0.103000
-11.39142  -20.96685  -2.91175  -0.200000
  5.70512  -26.75234  -4.42755  -0.200000
  3.44112  -26.49861  -1.89403  -0.006000
  2.00494  -25.10902  -2.39258   0.103000
  2.54828  -28.32870  -1.58461   0.103000
  4.78957  -25.66445   0.52332  -0.006000
  6.22574  -27.05402   1.02187   0.103000
  5.68239  -23.83436   0.21392   0.103000
  2.52556  -25.41071   3.05682  -0.200000
  7.88324   -1.08140 -24.59205  -0.200000
 10.53536   -0.81449 -22.46971  -0.006000
 10.37838   -2.23984 -20.99127   0.103000
 12.28530   -1.10118 -23.51743   0.103000
 10.55034    1.81682 -21.27234  -0.006000
 10.70734    3.24217 -22.75079   0.103000
  8.80042    2.10353 -20.22464   0.103000
 13.20248    2.08374 -19.15003  -0.200000
-14.28219   -6.07122  17.31575  -0.200000
-13.63358   -3.83301  19.80148  -0.006000
-13.54187   -1.93393  19.00932   0.103000
-15.13312   -3.91782  21.21085   0.103000
-11.10552   -4.48024  21.04546  -0.006000
-11.19723   -6.37930  21.83762   0.103000
 -9.60597   -4.39543  19.63609   0.103000
-10.45693   -2.24203  23.53119  -0.200000
 23.24216    9.69900  15.70395  -0.200000
 21.80642   12.10912  17.63765  -0.006000
 20.46762   11.23898  18.93872   0.103000
 23.26633   13.09070  18.70876   0.103000
 20.41705   13.99926  15.94817  -0.006000
 21.75585   14.86939  14.64710   0.103000
 18.95717   13.01766  14.87706   0.103000
 18.98134   16.40938  17.88187  -0.200000
 19.60173   -3.76845  20.49289  -0.200000
 16.69556   -4.90974  19.12885  -0.006000
 16.70794   -4.56539  17.09822   0.103000
 16.51821   -6.93119  19.48185   0.103000
 14.45920   -3.52349  20.32665  -0.006000
 14.44682   -3.86783  22.35727   0.103000
 14.63655   -1.50203  19.97363   0.103000
 11.55301   -4.66479  18.96259  -0.200000
  8.64795   35.16495   7.94898  -0.200000
  7.81207   33.22942   5.27234  -0.006000
  6.20853   34.07014   4.29059   0.103000
  9.41641   33.10503   3.98670   0.103000
  7.10123   30.57960   6.18379  -0.006000
  8.70480   29.73888   7.16556   0.103000
  5.49691   30.70399   7.46944   0.103000
  6.26535   28.64407   3.50714  -0.200000
 13.36445    1.15262  24.23874  -0.200000
 11.35763    3.87570  23.82998  -0.006000
 10.95128    4.71182  25.66792   0.103000
 12.31230    5.26047  22.64115   0.103000
  8.88330    3.06905  22.57117  -0.006000
  9.28967    2.23290  20.73322   0.103000
  7.92867    1.68428  23.76000   0.103000
  6.87652    5.79212  22.16239  -0.200000
-11.15146    8.94188 -24.81252  -0.200000
 -8.24714    7.21860 -24.36021  -0.006000
 -8.30635    5.47363 -25.45285   0.103000
 -6.65979    8.37007 -24.99004   0.103000
 -7.92699    6.58866 -21.55692  -0.006000
 -7.86776    8.33364 -20.46430   0.103000
 -9.51434    5.43723 -20.92707   0.103000
 -5.02265    4.86540 -21.10461  -0.200000
 17.80982    9.59716 -22.23302  -0.200000
 14.92867   11.33643 -22.76489  -0.006000
 15.38350   13.23666 -23.41631   0.103000
 13.79814   10.37320 -24.19184   0.103000
 13.43085   11.49745 -20.29745  -0.006000
 12.97601    9.59720 -19.64603   0.103000
 14.56138   12.46067 -18.87050   0.103000
 10.54970   13.23672 -20.82932  -0.200000
 11.71702  -24.59841   8.05758  -0.200000
 12.53244  -21.56293   9.37300  -0.006000
 10.85205  -20.37457   9.45198   0.103000
 13.28398  -21.81730  11.27375   0.103000
 14.52948  -20.29689   7.70967  -0.006000
 16.20984  -21.48524   7.63070   0.103000
 13.77794  -20.04251   5.80894   0.103000
 15.34492  -17.26140   9.02511  -0.200000
-23.15850   15.85342  -0.31566  -0.200000
-20.93121   18.43177  -0.33221  -0.006000
-19.24425   17.88913   0.71747   0.103000
-20.41624   18.88241  -2.27489   0.103000
-22.13226   20.75063   0.90796  -0.006000
-23.81924   21.29326  -0.14173   0.103000
-22.64723   20.29999   2.85063   0.103000
-19.90498   23.32897   0.89140  -0.200000
-24.19605    0.49664 -19.69045  -0.200000
-22.16023    0.40733 -16.95976  -0.006000
-21.06763   -1.33859 -16.97414   0.103000
-20.87941    2.01972 -17.00459   0.103000
-23.76476    0.51901 -14.55749  -0.006000
-24.85734    2.26493 -14.54311   0.103000
-25.04558   -1.09338 -14.51264   0.103000
-21.72892    0.42969 -11.82678  -0.200000
 29.46053   -9.79738  -6.04801  -0.200000
 26.08090   -9.84390  -5.61774  -0.006000
 25.63920   -9.60355  -3.62038   0.103000
 25.22949   -8.31145  -6.69891   0.103000
 25.02693  -12.37330  -6.53911  -0.006000
 25.46863  -12.61368  -8.53644   0.103000
 25.87833  -13.90576  -5.45791   0.103000
 21.64729  -12.41985  -6.10880  -0.200000
 -0.15175   -4.67649  25.11006  -0.200000
 -2.11385   -6.88546  23.41305  -0.006000
 -2.67045   -6.06421  21.60805   0.103000
 -1.06180   -8.62477  23.08123   0.103000
 -4.47606   -7.47201  24.97307  -0.006000
 -3.91948   -8.29327  26.77806   0.103000
 -5.52813   -5.73269  25.30489   0.103000
 -6.43818   -9.68099  23.27606  -0.200000
 20.88471   26.21876 -14.60250  -0.200000
 21.57655   23.52433 -12.63512  -0.006000
 23.33330   22.64980 -13.26076   0.103000
 21.77210   24.13492 -10.67777   0.103000
 19.42228   21.60688 -12.83476  -0.006000
 17.66552   22.48141 -12.20910   0.103000
 19.22674   20.99629 -14.79210   0.103000
 20.11415   18.91247 -10.86736  -0.200000
 -6.62946   20.47121  18.41423  -0.200000
 -4.66449   18.45781  20.33631  -0.006000
 -3.30800   17.47494  19.13786   0.103000
 -3.65579   19.60135  21.72095   0.103000
 -6.31752   16.52235  21.70700  -0.006000
 -7.67403   17.50521  22.90543   0.103000
 -7.32624   15.37880  20.32236   0.103000
 -4.35259   14.50892  23.62908  -0.200000
 -3.23566  -21.87107 -12.77976  -0.200000
 -2.37660  -25.12863 -12.27052  -0.006000
 -3.92109  -26.10619 -11.32133   0.103000
 -2.00268  -26.03205 -14.08332   0.103000
 -0.00280  -25.25330 -10.62512  -0.006000
  1.54170  -24.27574 -11.57429   0.103000
 -0.37670  -24.34991  -8.81230   0.103000
  0.85629  -28.51087 -10.11587  -0.200000
-19.90088  -10.69184  12.72436  -0.200000
-20.07936   -9.51184  15.91571  -0.006000
-21.43055  -10.63600  16.98934   0.103000
-18.22352   -9.63910  16.80008   0.103000
-20.93956   -6.75210  15.87599  -0.006000
-19.58833   -5.62794  14.80234   0.103000
-22.79541   -6.62487  14.99159   0.103000
-21.11805   -5.57210  19.06734  -0.200000
-16.75650  -18.88377  -6.47284  -0.200000
-18.84875  -21.13538  -7.94327  -0.006000
-19.96991  -20.18915  -9.38895   0.103000
-17.74001  -22.63990  -8.80902   0.103000
-20.60801  -22.26335  -5.94572  -0.006000
-19.48686  -23.20956  -4.50004   0.103000
-21.71675  -20.75881  -5.07998   0.103000
-22.70024  -24.51496  -7.41614  -0.200000
  6.39523   -9.40641 -20.70516  -0.200000
  8.29495   -8.14534 -23.23704  -0.006000
  7.06933   -7.29935 -24.65989   0.103000
  9.57152   -6.71200 -22.48988   0.103000
  9.83669  -10.27559 -24.43811  -0.006000
 11.06231  -11.12161 -23.01526   0.103000
  8.56014  -11.70893 -25.18527   0.103000
 11.73639   -9.01452 -26.96998  -0.200000
  5.80044   27.07524 -15.39586  -0.200000
  6.00642   28.21565 -12.19179  -0.006000
  4.39957   27.51700 -11.10919   0.103000
  7.75555   27.54561 -11.33513   0.103000
  5.98155   31.10650 -12.19442  -0.006000
  7.58840   31.80515 -13.27703   0.103000
  4.23242   31.77654 -13.05109   0.103000
  6.18753   32.24693  -8.99035  -0.200000
  3.99309  -22.16178 -17.41908  -0.200000
  0.89159  -22.20031 -18.82923  -0.006000
  1.01416  -22.96454 -20.73797   0.103000
 -0.36326  -23.37752 -17.69712   0.103000
 -0.15188  -19.50640 -18.93608  -0.006000
 -0.27443  -18.74219 -17.02734   0.103000
  1.10301  -18.32921 -20.06819   0.103000
 -3.25335  -19.54495 -20.34623  -0.200000
-29.21467  -11.26109   6.17088  -0.200000
-28.04758   -8.47716   7.75100  -0.006000
-29.01508   -6.81380   7.01655   0.103000
-28.39742   -8.63796   9.77429   0.103000
-25.20613   -8.22314   7.28265  -0.006000
-24.23863   -9.88650   8.01707   0.103000
-24.85629   -8.06235   5.25933   0.103000
-24.03907   -5.43922   8.86274  -0.200000
 20.56487  -13.07048  11.35742  -0.200000
 22.17390  -11.79764  14.07772  -0.006000
 22.17420  -13.19424  15.59158   0.103000
 24.11549  -11.33212  13.57201   0.103000
 20.81295   -9.40893  14.97194  -0.006000
 20.81265   -8.01233  13.45810   0.103000
 18.87135   -9.87444  15.47765   0.103000
 22.42196   -8.13608  17.69226  -0.200000
  0.82330   30.69613  -2.37482  -0.200000
  2.65465   33.37910  -1.34660  -0.006000
  1.41790   35.01130  -1.12611   0.103000
  3.55168   32.94824   0.45671   0.103000
  4.68696   33.97030  -3.31577  -0.006000
  5.92372   32.33809  -3.53626   0.103000
  3.78994   34.40116  -5.11906   0.103000
  6.51833   36.65326  -2.28753  -0.200000
 10.21786  -21.99874 -18.30428  -0.200000
 10.74003  -19.23545 -16.38049  -0.006000
  8.98708  -18.16526 -16.22498   0.103000
 11.36156  -19.81246 -14.50355   0.103000
 12.77258  -17.58139 -17.60144  -0.006000
 14.52555  -18.65156 -17.75696   0.103000
 12.15105  -17.00440 -19.47841   0.103000
 13.29475  -14.81810 -15.67766  -0.200000
-20.24724   16.34258   6.93220  -0.200000
-23.32096   15.45460   8.10379  -0.006000
-23.36595   15.67528  10.15110   0.103000
-24.75607   16.66098   7.25103   0.103000
-23.85252   12.69618   7.42099  -0.006000
-23.80753   12.47552   5.37368   0.103000
-22.41741   11.48980   8.27371   0.103000
-26.92624   11.80822   8.59258  -0.200000
 18.43195  -16.59773  16.97686  -0.200000
 15.69760  -14.60172  17.36224  -0.006000
 15.51643  -13.36150  15.72787   0.103000
 14.01064  -15.77177  17.52721   0.103000
 15.99929  -13.00519  19.75342  -0.006000
 16.18050  -14.24542  21.38781   0.103000
 17.68629  -11.83515  19.58847   0.103000
 13.26495  -11.00919  20.13879  -0.200000
 -0.10962   25.46391 -14.72044  -0.200000
 -0.85563   25.02513 -18.01589  -0.006000
 -1.33144   23.05016 -18.35561   0.103000
 -2.45899   26.21485 -18.52173   0.103000
  1.43103   25.75525 -19.62705  -0.006000
  1.90683   27.73022 -19.28734   0.103000
  3.03437   24.56551 -19.12121   0.103000
  0.68501   25.31647 -22.92251  -0.200000
 13.22823   30.32746  -9.17250  -0.200000
 13.44597   30.24631  -5.77321  -0.006000
 12.46936   28.57831  -5.06178   0.103000
 15.42672   30.17377  -5.21315   0.103000
 12.22069   32.62200  -4.67214  -0.006000
 13.19730   34.28999  -5.38355   0.103000
 10.23995   32.69453  -5.23220   0.103000
 12.43844   32.54086  -1.27286  -0.200000
 -6.97201  -17.63901  22.69348  -0.200000
 -4.47742  -17.61412  20.37280  -0.006000
 -5.17479  -16.78013  18.62338   0.103000
 -2.89289  -16.50400  21.07923   0.103000
 -3.60495  -20.32342  19.86675  -0.006000
 -2.90757  -21.15737  21.61616   0.103000
 -5.18947  -21.43352  19.16033   0.103000
 -1.11037  -20.29853  17.54609  -0.200000
 28.16004    5.62434   5.63437  -0.200000
 29.87702    3.30088   7.44070  -0.006000
 29.16150    1.42079   6.99849   0.103000
 31.87862    3.40340   6.96606   0.103000
 29.52884    3.82428  10.26250  -0.006000
 30.24435    5.70433  10.70471   0.103000
 27.52724    3.72172  10.73716   0.103000
 31.24581    1.50080  12.06883  -0.200000
-26.21725    3.89408  13.03892  -0.200000
-23.83491    6.31934  12.81168  -0.006000
-22.17329    5.75335  13.88909   0.103000
-23.31452    6.58836  10.83707   0.103000
-24.87632    8.79613  13.87877  -0.006000
-26.53793    9.36214  12.80134   0.103000
-25.39669    8.52711  15.85338   0.103000
-22.49396   11.22138  13.65151  -0.200000
 -7.47731   22.65457 -15.04194  -0.200000
-10.41421   24.15142 -14.17986  -0.006000
-11.97673   23.18692 -15.11280   0.103000
-10.66431   24.04867 -12.13799   0.103000
-10.36252   26.92159 -15.00516  -0.006000
 -8.80002   27.88610 -14.07219   0.103000
-10.11242   27.02435 -17.04701   0.103000
-13.29944   28.41842 -14.14309  -0.200000
-12.56398  -20.30681 -11.54953  -0.200000
-12.23926  -23.32793 -13.09119  -0.006000
-12.84749  -24.82178 -11.81032   0.103000
-13.40492  -23.36172 -14.78890   0.103000
 -9.47210  -23.74796 -13.81498  -0.006000
 -8.86385  -22.25411 -15.09587   0.103000
 -8.30644  -23.71417 -12.11726   0.103000
 -9.14739  -26.76910 -15.35663  -0.200000
 -3.46245  -10.12251 -22.28229  -0.200000
 -1.48175  -12.39670 -23.86790  -0.006000
 -0.98459  -13.90636 -22.55794   0.103000
 -2.49642  -13.18870 -25.47581   0.103000
  0.92712  -11.09534 -24.79591  -0.006000
  0.42995   -9.58565 -26.10585   0.103000
  1.94179  -10.30332 -23.18798   0.103000
  2.90782  -13.36951 -26.38152  -0.200000
-29.33344  -13.63065  -2.17672  -0.200000
-29.53540  -10.52904  -0.78095  -0.006000
-31.44820   -9.79842  -1.00405   0.103000
-29.07402  -10.64606   1.22297   0.103000
-27.66846   -8.75676  -2.09675  -0.006000
-25.75568   -9.48737  -1.87364   0.103000
-28.12986   -8.63977  -4.10067   0.103000
-27.87042   -5.65516  -0.70098  -0.200000
  7.16843  -29.58946 -14.00499  -0.200000
  9.00489  -26.89838 -13.00780  -0.006000
 10.98948  -27.43263 -12.87334   0.103000
  8.79448  -25.37653 -14.37966   0.103000
  8.07261  -25.99993 -10.42294  -0.006000
  6.08802  -25.46568 -10.55737   0.103000
  8.28303  -27.52180  -9.05107   0.103000
  9.90908  -23.30885  -9.42573  -0.200000
  6.85133   14.01852  26.11447  -0.200000
  4.76147   11.53179  27.14289  -0.006000
  5.71105    9.71391  26.95326   0.103000
  4.24867   11.83668  29.11425   0.103000
  2.37319   11.54487  25.51389  -0.006000
  1.42361   13.36274  25.70351   0.103000
  2.88599   11.24000  23.54253   0.103000
  0.28333    9.05812  26.54232  -0.200000
-21.96536  -17.31586   9.20217  -0.200000
-19.75726  -18.15762  11.65681  -0.006000
-19.37300  -20.17933  11.57155   0.103000
-18.00231  -17.11287  11.39012   0.103000
-20.88644  -17.50026  14.23565  -0.006000
-21.27070  -15.47856  14.32091   0.103000
-22.64138  -18.54500  14.50236   0.103000
-18.67834  -18.34200  16.69029  -0.200000
-18.38248    1.08640  26.95441  -0.200000
-18.80482    1.54852  23.60519  -0.006000
-18.80996   -0.27877  22.65477   0.103000
-20.59662    2.50532  23.26417   0.103000
-16.63979    3.16348  22.57469  -0.006000
-16.63464    4.99079  23.52511   0.103000
-14.84799    2.20669  22.91569   0.103000
-17.06209    3.62559  19.22545  -0.200000
 20.69067   23.68244   7.61399  -0.200000
 22.73962   22.28739   9.95164  -0.006000
 21.83391   20.61943  10.75152   0.103000
 24.52010   21.74576   9.06921   0.103000
 23.25111   24.20597  12.05281  -0.006000
 24.15682   25.87392  11.25296   0.103000
 21.47061   24.74759  12.93525   0.103000
 25.30009   22.81092  14.39047  -0.200000
-17.57797   -0.54422 -25.33607  -0.200000
-17.40939    2.43049 -23.68328  -0.006000
-17.41874    3.97504 -25.04581   0.103000
-19.03217    2.61190 -22.42793   0.103000
-14.97389    2.53267 -22.12907  -0.006000
-14.96453    0.98812 -20.76654   0.103000
-13.35109    2.35125 -23.38443   0.103000
-14.80532    5.50738 -20.47628  -0.200000
 28.10240   -3.50355  15.12922  -0.200000
 27.87465   -4.23877  11.81013  -0.006000
 26.03353   -3.64827  11.10036   0.103000
 29.35788   -3.24517  10.78299   0.103000
 28.18392   -7.08800  11.43084  -0.006000
 30.02506   -7.67849  12.14062   0.103000
 26.70072   -8.08158  12.45798   0.103000
 27.95617   -7.82320   8.11174  -0.200000
  9.54395   24.66406  19.50197  -0.200000
 12.13172   23.70110  17.50561  -0.006000
 12.36975   21.65885  17.62665   0.103000
 11.73004   24.23166  15.55641   0.103000
 14.55919   25.00656  18.37787  -0.006000
 14.32116   27.04882  18.25683   0.103000
 14.96085   24.47602  20.32707   0.103000
 17.14696   24.04361  16.38153  -0.200000
-20.46093   12.88483  19.81884  -0.200000
-17.27707   13.87605  20.51850  -0.006000
-17.28971   15.11943  22.16046   0.103000
-16.11489   12.22303  20.91740   0.103000
-16.18773   15.29310  18.24629  -0.006000
-16.17511   14.04972  16.60434   0.103000
-17.34993   16.94612  17.84741   0.103000
-13.00389   16.28432  18.94594  -0.200000
 14.46470   27.91628   7.34899  -0.200000
 16.37852   28.69485  10.05843  -0.006000
 16.49927   27.06097  11.30667   0.103000
 18.26881   29.22437   9.43504   0.103000
 15.17926   30.90704  11.48167  -0.006000
 15.05853   32.54091  10.23342   0.103000
 13.28895   30.37752  12.10504   0.103000
 17.09306   31.68559  14.19111  -0.200000
-24.52831   11.19162  -6.73154  -0.200000
-26.48871    9.86698  -9.18331  -0.006000
-28.24498   10.93533  -9.31106   0.103000
-25.49428    9.96182 -10.98451   0.103000
-27.08359    7.10824  -8.55626  -0.006000
-25.32732    6.03989  -8.42852   0.103000
-28.07802    7.01340  -6.75507   0.103000
-29.04399    5.78360 -11.00805  -0.200000
 19.67309   16.29218 -20.12054  -0.200000
 22.50826   17.54159 -18.70288  -0.006000
 24.09512   17.27247 -19.98799   0.103000
 22.26084   19.55175 -18.32828   0.103000
 23.03482   16.15740 -16.22007  -0.006000
 21.44796   16.42654 -14.93494   0.103000
 23.28226   14.14726 -16.59465   0.103000
 25.86999   17.40680 -14.80241  -0.200000
-12.58794  -10.72040 -27.16258  -0.200000
-10.74508   -8.82064 -25.01693  -0.006000
-11.21539   -9.32436 -23.07597   0.103000
 -8.74057   -9.15892 -25.34803   0.103000
-11.33484   -6.02467 -25.45574  -0.006000
-10.86453   -5.52095 -27.39672   0.103000
-13.33939   -5.68641 -25.12465   0.103000
 -9.49200   -4.12493 -23.31007  -0.200000
-17.33334   23.16362  18.92132  -0.200000
-15.55647   22.97036  16.02051  -0.006000
-15.59829   21.03503  15.31684   0.103000
-16.38973   24.22905  14.61926   0.103000
-12.81845   23.75645  16.51343  -0.006000
-12.77661   25.69175  17.21712   0.103000
-11.98519   22.49772  17.91468   0.103000
-11.04156   23.56317  13.61262  -0.200000
  8.45579   -2.91241  28.73410  -0.200000
  8.92663   -5.53830  26.61464  -0.006000
 10.49743   -5.12567  25.34794   0.103000
  9.35023   -7.23372  27.70476   0.103000
  6.52541   -5.96662  25.06276  -0.006000
  4.95464   -6.37924  26.32948   0.103000
  6.10183   -4.27120  23.97263   0.103000
  6.99628   -8.59251  22.94330  -0.200000
-22.88167   -5.75663 -24.69422  -0.200000
-20.26225   -7.26927 -23.12584  -0.006000
-20.30382   -9.29159 -23.51424   0.103000
-18.49373   -6.47282 -23.81879   0.103000
-20.46322   -6.83217 -20.27523  -0.006000
-20.42167   -4.80986 -19.88684   0.103000
-22.23176   -7.62862 -19.58229   0.103000
-17.84381   -8.34482 -18.70685  -0.200000
 29.73014   -2.29035   1.72203  -0.200000
 32.67359   -3.66306   0.69189  -0.006000
 33.88194   -2.19012  -0.09067   0.103000
 33.61787   -4.54674   2.29496   0.103000
 32.14991   -5.65656  -1.33532  -0.006000
 30.94156   -7.12948  -0.55274   0.103000
 31.20563   -4.77290  -2.93839   0.103000
 35.09337   -7.02929  -2.36545  -0.200000
-20.37191   30.17915  -3.64139  -0.200000
-17.27338   28.76477  -3.55548  -0.006000
-15.87540   30.20109  -3.08129   0.103000
-17.23729   27.27506  -2.13358   0.103000
-16.65605   27.63857  -6.14545  -0.006000
-18.05401   26.20226  -6.61965   0.103000
-16.69212   29.12830  -7.56735   0.103000
-13.55748   26.22420  -6.05958  -0.200000
 33.29512   10.82702   8.42929  -0.200000
 31.23317   12.00210  10.87405  -0.006000
 30.48410   10.42042  11.96008   0.103000
 32.29090   13.25307  12.12246   0.103000
 29.04851   13.46458   9.67150  -0.006000
 29.79756   15.04628   8.58548   0.103000
 27.99076   12.21364   8.42310   0.103000
 26.98654   14.63969  12.11628  -0.200000
 -1.79834  -28.19689  -4.40325  -0.200000
 -1.61188  -31.58670  -4.69259  -0.006000
 -1.42470  -32.09743  -6.67907   0.103000
  0.02423  -32.27643  -3.64872   0.103000
 -4.01444  -32.77949  -3.61427  -0.006000
 -4.20164  -32.26874  -1.62775   0.103000
 -5.65056  -32.08974  -4.65810   0.103000
 -3.82800  -36.16930  -3.90361  -0.200000
 -4.08396    0.27055  24.27580  -0.200000
 -2.49805    2.10336  26.67056  -0.006000
 -0.47392    2.12598  26.29032   0.103000
 -3.22219    4.03141  26.65200   0.103000
 -2.97709    0.92013  29.26439  -0.006000
 -5.00122    0.89751  29.64464   0.103000
 -2.25295   -1.00792  29.28295   0.103000
 -1.39118    2.75295  31.65915  -0.200000
 15.24225    2.81658 -26.39779  -0.200000
 18.35752    2.21903 -25.15388  -0.006000
 19.61953    1.68197 -26.69049   0.103000
 19.07149    3.92218 -24.24186   0.103000
 18.22790    0.07377 -23.22029  -0.006000
 16.96589    0.61084 -21.68368   0.103000
 17.51391   -1.62938 -24.13231   0.103000
 21.34317   -0.52378 -21.97640  -0.200000
 -9.69927   17.05708 -22.47478  -0.200000
 -8.06388   19.77644 -21.23389  -0.006000
 -9.38977   20.95939 -20.19231   0.103000
 -6.55873   19.15629 -19.97208   0.103000
 -6.92681   21.29534 -23.41503  -0.006000
 -5.60092   20.11241 -24.45663   0.103000
 -8.43198   21.91549 -24.67684   0.103000
 -5.29142   24.01470 -22.17412  -0.200000
-30.66255   -3.28055 -10.42490  -0.200000
-30.30985   -0.58313  -8.37340  -0.006000
-28.85381    0.66524  -9.12409   0.103000
-32.09721    0.43447  -8.26302   0.103000
-29.54513   -1.47489  -5.73194  -0.006000
-31.00118   -2.72327  -4.98124   0.103000
-27.75777   -2.49249  -5.84232   0.103000
-29.19243    1.22252  -3.68043  -0.200000
 24.53900  -19.08570  -9.09030  -0.200000
 21.51725  -18.81763 -10.64139  -0.006000
 20.95188  -16.83816 -10.70704   0.103000
 21.66155  -19.55485 -12.55914   0.103000
 19.54239  -20.33462  -9.17303  -0.006000
 20.10778  -22.31409  -9.10737   0.103000
 19.39810  -19.59739  -7.25528   0.103000
 16.52065  -20.06655 -10.72412  -0.200000
  7.05348   21.63984 -22.92773  -0.200000
 10.13619   22.38558 -21.68270  -0.006000
 10.91011   24.00699 -22.68983   0.103000
  9.97781   22.83330 -19.67853   0.103000
 11.88959   20.11277 -22.02567  -0.006000
 11.11565   18.49135 -21.01854   0.103000
 12.04797   19.66504 -24.02983   0.103000
 14.97230   20.85849 -20.78064  -0.200000
 -8.71889   34.42089   6.36647  -0.200000
 -5.69374   33.20003   5.38307  -0.006000
 -5.84545   31.17264   5.05286   0.103000
 -5.10661   34.13707   3.64545   0.103000
 -3.73623   33.69448   7.45217  -0.006000
 -3.58453   35.72183   7.78236   0.103000
 -4.32337   32.75744   9.18978   0.103000
 -0.71110   32.47360   6.46876  -0.200000
-24.24328   27.05198  10.42927  -0.200000
-22.34998   24.22990  10.18372  -0.006000
-22.57767   23.09912  11.89008   0.103000
-22.95721   23.13533   8.54802   0.103000
-19.56940   24.95873   9.87586  -0.006000
-19.34169   26.08950   8.16949   0.103000
-18.96215   26.05331  11.51153   0.103000
-17.67610   22.13665   9.63029  -0.200000
 -7.57775   33.12722 -10.44941  -0.200000
 -8.76506   31.33351  -7.80712  -0.006000
-10.77437   30.96689  -8.07295   0.103000
 -7.75135   29.54511  -7.67968   0.103000
 -8.37517   32.83690  -5.36879  -0.006000
 -6.36588   33.20349  -5.10298   0.103000
 -9.38890   34.62530  -5.49623   0.103000
 -9.56251   31.04317  -2.72652  -0.200000
-12.51834  -28.42471   8.26156  -0.200000
-10.09263  -27.24178  10.34136  -0.006000
 -8.57004  -28.62230  10.47634   0.103000
 -9.35067  -25.47141   9.59461   0.103000
-11.21311  -26.78469  12.96687  -0.006000
-12.73570  -25.40417  12.83190   0.103000
-11.95507  -28.55503  13.71361   0.103000
 -8.78738  -25.60175  15.04666  -0.200000
  3.14277  -15.31434  23.83005  -0.200000
  6.34079  -16.29379  24.48012  -0.006000
  7.01663  -15.34853  26.18070   0.103000
  6.39085  -18.33354  24.76188   0.103000
  8.03716  -15.58841  22.24799  -0.006000
  7.36131  -16.53367  20.54739   0.103000
  7.98710  -13.54869  21.96621   0.103000
 11.23520  -16.56785  22.89804  -0.200000
-22.86438   21.62516 -17.43858  -0.200000
-20.17056   20.61992 -15.61050  -0.006000
-20.78045   19.28530 -14.16516   0.103000
-18.79947   19.71117 -16.85010   0.103000
-18.95195   22.91694 -14.34705  -0.006000
-18.34206   24.25155 -15.79238   0.103000
-20.32304   23.82569 -13.10746   0.103000
-16.25813   21.91168 -12.51896  -0.200000
 -1.02499   32.00914 -11.95467  -0.200000
 -1.38710   32.92651  -8.69331  -0.006000
 -3.11546   32.10161  -7.93539   0.103000
  0.22868   32.25453  -7.60711   0.103000
 -1.53652   35.80804  -8.51371  -0.006000
  0.19184   36.63296  -9.27164   0.103000
 -3.15229   36.48003  -9.59990   0.103000
 -1.89861   36.72543  -5.25232  -0.200000
-32.69213   13.47683   1.58994  -0.200000
-31.82267   10.70997  -0.19833  -0.006000
-32.92918    9.09784   0.44894   0.103000
-32.19324   11.03952  -2.19739   0.103000
-29.00970   10.16176   0.18164  -0.006000
-27.90319   11.77390  -0.46561   0.103000
-28.63912    9.83221   2.18073   0.103000
-28.14023    7.39490  -1.60663  -0.200000
 21.89518  -24.53012  -4.93863  -0.200000
 20.46768  -23.74664  -1.94570  -0.006000
 21.48195  -24.70286  -0.42944   0.103000
 20.55708  -21.70970  -1.65417   0.103000
 17.70530  -24.59913  -1.94307  -0.006000
 16.69101  -23.64289  -3.45933   0.103000
 17.61589  -26.63607  -2.23462   0.103000
 16.27780  -23.81563   1.04986  -0.200000
 -0.90970   17.40742 -23.37786  -0.200000
  0.42632   18.91731 -26.12463  -0.006000
 -1.08527   19.45732 -27.41524   0.103000
  1.46887   20.59692 -25.54653   0.103000
  2.21954   17.08214 -27.45651  -0.006000
  3.73113   16.54213 -26.16592   0.103000
  1.17700   15.40255 -28.03462   0.103000
  3.55554   18.59205 -30.20328  -0.200000
 14.52867   25.47882 -14.88809  -0.200000
 14.39586   27.76760 -17.40863  -0.006000
 15.50105   27.09128 -19.00974   0.103000
 12.43827   28.03681 -17.98978   0.103000
 15.48024   30.28301 -16.48427  -0.006000
 14.37505   30.95933 -14.88316   0.103000
 17.43781   30.01380 -15.90314   0.103000
 15.34743   32.57179 -19.00481  -0.200000
  4.51843  -26.76245  12.05095  -0.200000
  6.02392  -28.94966   9.91585  -0.006000
  6.96506  -27.90377   8.41166   0.103000
  7.41164  -30.07017  10.94579   0.103000
  4.03145  -30.70227   8.76861  -0.006000
  3.09029  -31.74815  10.27280   0.103000
  2.64371  -29.58174   7.73867   0.103000
  5.53692  -32.88946   6.63349  -0.200000
 25.53982   -5.74911 -15.07162  -0.200000
 28.71074   -6.98343 -14.89592  -0.006000
 29.28182   -7.67665 -16.74947   0.103000
 29.99657   -5.49113 -14.29442   0.103000
 28.79553   -9.15398 -12.98833  -0.006000
 28.22442   -8.46076 -11.13478   0.103000
 27.50969  -10.64630 -13.58983   0.103000
 31.96646  -10.38832 -12.81263  -0.200000
 32.75014   -1.97172 -17.51294  -0.200000
 30.92257    0.87364 -17.09698  -0.006000
 31.71200    1.97684 -15.54717   0.103000
 30.97830    1.98546 -18.82985   0.103000
 28.18353    0.17898 -16.48659  -0.006000
 27.39409   -0.92425 -18.03638   0.103000
 28.12782   -0.93286 -14.75370   0.103000
 26.35595    3.02434 -16.07063  -0.200000
  6.87070   30.85356  13.38317  -0.200000
  3.72769   32.16826  13.43121  -0.006000
  3.34088   33.08990  11.63034   0.103000
  2.35747   30.66185  13.74031   0.103000
  3.52619   34.10597  15.56715  -0.006000
  3.91300   33.18431  17.36800   0.103000
  4.89639   35.61238  15.25803   0.103000
  0.38322   35.42065  15.61517  -0.200000
  9.13494    7.41054 -25.90934  -0.200000
  6.27011    8.45815 -27.42743  -0.006000
  5.41167    6.88165 -28.43737   0.103000
  4.95603    9.16013 -26.00520   0.103000
  6.88841   10.57591 -29.29557  -0.006000
  7.74686   12.15239 -28.28567   0.103000
  8.20249    9.87391 -30.71780   0.103000
  4.02359   11.62352 -30.81367  -0.200000
-18.33412   12.50536 -18.83227  -0.200000
-19.44369   10.54182 -21.38620  -0.006000
-20.15620   11.73225 -22.90851   0.103000
-17.89081    9.38502 -22.08808   0.103000
-21.56622    8.82701 -20.43125  -0.006000
-20.85369    7.63657 -18.90896   0.103000
-23.11912    9.98380 -19.72936   0.103000
-22.67579    6.86347 -22.98517  -0.200000
 27.21145  -13.04920   1.06341  -0.200000
 29.44014  -11.45813   3.09084  -0.006000
 29.22649   -9.42030   2.88115   0.103000
 29.08691  -11.98799   5.04956   0.103000
 32.12903  -12.22473   2.35613  -0.006000
 32.34270  -14.26256   2.56581   0.103000
 32.48226  -11.69487   0.39739   0.103000
 34.35772  -10.63366   4.38356  -0.200000
 25.62839   12.24724 -20.70012  -0.200000
 28.33312   12.66721 -18.67104  -0.006000
 30.02718   12.00706 -19.63883   0.103000
 28.54067   14.66318 -18.20708   0.103000
 27.95937   11.14768 -16.24019  -0.006000
 26.26532   11.80784 -15.27241   0.103000
 27.75186    9.15172 -16.70416   0.103000
 30.66413   11.56766 -14.21110  -0.200000
 24.17959  -17.90555  -2.47327  -0.200000
 27.21943  -19.11879  -1.52645  -0.006000
 28.28595  -17.63479  -0.57646   0.103000
 26.95560  -20.70588  -0.24049   0.103000
 28.67378  -20.00438  -3.86277  -0.006000
 27.60729  -21.48840  -4.81277   0.103000
 28.93764  -18.41731  -5.14873   0.103000
 31.71365  -21.21764  -2.91592  -0.200000
-32.40703  -12.67173  -8.67836  -0.200000
-29.53812  -10.87639  -9.07282  -0.006000
-29.85036   -8.93731  -8.45263   0.103000
-28.03654  -11.72450  -7.94666   0.103000
-28.77220  -10.88401 -11.86045  -0.006000
-28.45996  -12.82310 -12.48064   0.103000
-30.27379  -10.03588 -12.98661   0.103000
-25.90329   -9.08866 -12.25491  -0.200000
 26.75794   26.01560 -11.24761  -0.200000
 26.96743   24.21964  -8.35968  -0.006000
 28.37237   25.07423  -7.11952   0.103000
 25.13459   24.21336  -7.41999   0.103000
 27.74626   21.50300  -8.96870  -0.006000
 26.34131   20.64841 -10.20889   0.103000
 29.57911   21.50928  -9.90840   0.103000
 27.95576   19.70705  -6.08080  -0.200000
 23.29439   34.74103 -10.82072  -0.200000
 21.53679   31.82741 -10.64602  -0.006000
 19.60659   32.14982 -11.28828   0.103000
 22.43228   30.41187 -11.84460   0.103000
 21.49741   30.88825  -7.91213  -0.006000
 23.42762   30.56585  -7.26987   0.103000
 20.60191   32.30379  -6.71354   0.103000
 19.73978   27.97464  -7.73741  -0.200000
-25.81031   -0.16992  21.17002  -0.200000
-26.10813   -1.21806  17.94174  -0.006000
-27.24991    0.13086  16.88398   0.103000
-24.23859   -1.35391  17.08821   0.103000
-27.38327   -3.81199  17.88450  -0.006000
-26.24149   -5.16090  18.94227   0.103000
-29.25281   -3.67612  18.73805   0.103000
-27.68109   -4.86011  14.65624  -0.200000
 17.57351   16.26383  28.80041  -0.200000
 15.74348   18.52756  27.02951  -0.006000
 14.65749   19.70009  28.32875   0.103000
 17.00820   19.71833  25.92285   0.103000
 13.93841   17.13075  25.25523  -0.006000
 15.02442   15.95821  23.95600   0.103000
 12.67371   15.93995  26.36191   0.103000
 12.10840   19.39447  23.48434  -0.200000
 31.98303   22.64124  -2.61844  -0.200000
 31.74067   19.49901  -1.32349  -0.006000
 31.73924   19.60192   0.73361   0.103000
 29.99188   18.62297  -1.96874   0.103000
 33.99300   17.91644  -2.20660  -0.006000
 33.99447   17.81356  -4.26368   0.103000
 35.74179   18.79248  -1.56133   0.103000
 33.75066   14.77422  -0.91162  -0.200000
 33.04636    6.39196  16.28182  -0.200000
 30.77961    5.14221  18.49755  -0.006000
 31.16701    3.14586  18.82437   0.103000
 30.91994    6.16962  20.27714   0.103000
 28.11347    5.44177  17.42078  -0.006000
 27.72608    7.43809  17.09397   0.103000
 27.97314    4.41436  15.64119   0.103000
 25.84675    4.19202  19.63648  -0.200000
 20.26675   29.75085   4.03980  -0.200000
 20.42204   31.40011   1.06235  -0.006000
 20.55933   30.03431  -0.47326   0.103000
 18.72361   32.53946   0.81861   0.103000
 22.74654   33.11870   1.03277  -0.006000
 22.60923   34.48448   2.56838   0.103000
 24.44497   31.97933   1.27651   0.103000
 22.90184   34.76794  -1.94466  -0.200000
 -6.88726    1.36196 -28.70585  -0.200000
 -6.59824   -2.00747 -29.12094  -0.006000
 -6.17113   -2.88882 -27.30906   0.103000
 -8.36878   -2.76397 -29.85255   0.103000
 -4.46605   -2.56865 -30.99079  -0.006000
 -4.89316   -1.68730 -32.80268   0.103000
 -2.69551   -1.81215 -30.25918   0.103000
 -4.17701   -5.93809 -31.40589  -0.200000
 29.27237   26.52493   2.17606  -0.200000
 29.44318   25.31343   5.35613  -0.006000
 30.92180   26.30593   6.39094   0.103000
 27.63432   25.59993   6.29859   0.103000
 30.05203   22.48840   5.27965  -0.006000
 28.57343   21.49590   4.24485   0.103000
 31.86091   22.20188   4.33722   0.103000
 30.22286   21.27692   8.45972  -0.200000
-11.40824    8.97336  25.38790  -0.200000
 -9.48006    7.96591  28.01014  -0.006000
 -7.58379    7.52377  27.33867   0.103000
 -9.37928    9.47477  29.40845   0.103000
-10.64738    5.61213  29.21624  -0.006000
-12.54364    6.05429  29.88770   0.103000
-10.74816    4.10328  27.81790   0.103000
 -8.71922    4.60470  31.83846  -0.200000
 25.62195  -16.91702  12.60232  -0.200000
 26.01648  -18.54020   9.63278  -0.006000
 27.05406  -20.29264   9.94024   0.103000
 24.16742  -18.96790   8.83258   0.103000
 27.49121  -16.85675   7.80289  -0.006000
 26.45363  -15.10432   7.49541   0.103000
 29.34028  -16.42905   8.60307   0.103000
 27.88576  -18.47995   4.83333  -0.200000
 10.88968  -24.70862  15.80786  -0.200000
 13.08843  -22.64669  17.39633  -0.006000
 14.11389  -21.53050  16.00179   0.103000
 12.05938  -21.38853  18.66131   0.103000
 14.96079  -24.23037  18.92731  -0.006000
 13.93533  -25.34654  20.32185   0.103000
 15.98984  -25.48851  17.66233   0.103000
 17.15954  -22.16845  20.51576  -0.200000
 -6.68366   32.91107  14.95679  -0.200000
 -9.99130   33.09846  14.16080  -0.006000
-11.06372   33.69227  15.81595   0.103000
-10.25647   34.46586  12.64350   0.103000
-10.92173   30.50317  13.29118  -0.006000
 -9.84929   29.90934  11.63601   0.103000
-10.65656   29.13576  14.80848   0.103000
-14.22937   30.69055  12.49519  -0.200000
 35.31490    1.30516 -12.07439  -0.200000
 36.28359    1.01057  -8.82111  -0.006000
 36.55384   -0.97909  -8.36219   0.103000
 38.05166    2.02773  -8.53591   0.103000
 34.24339    2.12615  -7.10339  -0.006000
 33.97314    4.11579  -7.56231   0.103000
 32.47532    1.10899  -7.38856   0.103000
 35.21208    1.83158  -3.85011  -0.200000
 33.34465    7.11544   0.16734  -0.200000
 36.73125    6.93650   0.49594  -0.006000
 37.22787    5.26459   1.59149   0.103000
 37.59724    6.81800  -1.36907   0.103000
 37.69365    9.29923   1.85573  -0.006000
 37.19703   10.97113   0.76018   0.103000
 36.82768    9.41773   3.72074   0.103000
 41.08025    9.12027   2.18433  -0.200000
 -2.63885  -27.76119  18.86597  -0.200000
 -3.40241  -29.18094  15.86425  -0.006000
 -5.33481  -29.89203  15.91225   0.103000
 -3.22589  -27.77143  14.37280   0.103000
 -1.58471  -31.36753  15.34225  -0.006000
  0.34769  -30.65640  15.29427   0.103000
 -1.76124  -32.77704  16.83370   0.103000
 -2.34827  -32.78728  12.34054  -0.200000
  4.13582  -23.25308  21.11308  -0.200000
  5.69579  -25.72987  19.36920  -0.006000
  5.56420  -25.33735  17.35160   0.103000
  7.67728  -25.81780  19.92425   0.103000
  4.42228  -28.26112  19.94247  -0.006000
  4.55388  -28.65363  21.96007   0.103000
  2.44079  -28.17321  19.38744   0.103000
  5.98225  -30.73791  18.19859  -0.200000
 -6.85090  -13.53099  28.91855  -0.200000
-10.23765  -13.90396  28.90009  -0.006000
-10.71014  -15.87064  28.51102   0.103000
-10.99822  -13.36507  30.73675   0.103000
-11.38188  -12.21557  26.85135  -0.006000
-10.90941  -10.24891  27.24040   0.103000
-10.62130  -12.75448  25.01468   0.103000
-14.76861  -12.58856  26.83286  -0.200000
  5.27937  -32.76607   0.42719  -0.200000
  8.44290  -34.02820   0.51826  -0.006000
  9.08645  -34.12891   2.47222   0.103000
  8.45369  -35.91542  -0.30676   0.103000
 10.21040  -32.30814  -0.98999  -0.006000
  9.56685  -32.20747  -2.94395   0.103000
 10.19959  -30.42094  -0.16499   0.103000
 13.37393  -33.57027  -0.89892  -0.200000
  3.35646   18.11234  28.39091  -0.200000
 -0.03895   18.03239  28.66318  -0.006000
 -0.76490   16.35422  27.71508   0.103000
 -0.56758   17.98004  30.65313   0.103000
 -1.16037   20.39500  27.43109  -0.006000
 -0.43439   22.07317  28.37919   0.103000
 -0.63172   20.44735  25.44112   0.103000
 -4.55577   20.31505  27.70335  -0.200000
-19.36952  -18.90187 -23.11341  -0.200000
-19.16275  -20.68936 -20.22011  -0.006000
-20.12092  -22.49685 -20.45920   0.103000
-17.18330  -21.01729 -19.75506   0.103000
-20.42167  -19.20816 -18.08028  -0.006000
-19.46348  -17.40067 -17.84115   0.103000
-22.40113  -18.88022 -18.54530   0.103000
-20.21487  -20.99565 -15.18695  -0.200000
 -9.26160  -31.07528  -0.11147  -0.200000
-11.77220  -33.22426  -0.94088  -0.006000
-11.08835  -35.16268  -0.81088   0.103000
-13.35366  -32.96544   0.35308   0.103000
-12.64370  -32.69030  -3.64511  -0.006000
-13.32756  -30.75187  -3.77509   0.103000
-11.06225  -32.94911  -4.93904   0.103000
-15.15430  -34.83929  -4.47449  -0.200000
-34.21500    0.89819   4.23609  -0.200000
-34.01360   -2.39825   5.07376  -0.006000
-32.41778   -2.68834   6.34313   0.103000
-35.75292   -2.97581   6.01362   0.103000
-33.64102   -3.97916   2.68220  -0.006000
-35.23685   -3.68909   1.41283   0.103000
-31.90171   -3.40164   1.74235   0.103000
-33.43963   -7.27563   3.51988  -0.200000
 29.53512    6.35186 -20.73171  -0.200000
 27.85755    7.10049 -23.60132  -0.006000
 27.83431    9.14231 -23.87081   0.103000
 28.79901    6.20711 -25.20054   0.103000
 25.14324    6.12334 -23.41359  -0.006000
 25.16647    4.08152 -23.14408   0.103000
 24.20178    7.01672 -21.81436   0.103000
 23.46567    6.87197 -26.28318  -0.200000
  0.58336  -41.18925   1.73235  -0.200000
  1.01730  -37.84203   1.26644  -0.006000
  2.86518  -37.28237   1.98372   0.103000
  0.90000  -37.40720  -0.74338   0.103000
 -1.04466  -36.39622   2.68609  -0.006000
 -2.89255  -36.95590   1.96879   0.103000
 -0.92735  -36.83106   4.69591   0.103000
 -0.61072  -33.04902   2.22016  -0.200000
 18.98200  -26.49528  11.03577  -0.200000
 18.60460  -26.71220   7.65645  -0.006000
 16.60196  -26.85314   7.19644   0.103000
 19.39715  -25.03186   6.76735   0.103000
 19.98374  -29.05847   6.68143  -0.006000
 21.98642  -28.91753   7.14146   0.103000
 19.19121  -30.73881   7.57053   0.103000
 19.60634  -29.27537   3.30213  -0.200000
-12.84065  -23.52548 -22.54589  -0.200000
 -9.84971  -22.09785 -23.33649  -0.006000
 -8.93444  -21.42434 -21.61869   0.103000
 -8.64444  -23.49232 -24.25577   0.103000
-10.28801  -19.87283 -25.12952  -0.006000
-11.20330  -20.54635 -26.84730   0.103000
-11.49330  -18.47837 -24.21023   0.103000
 -7.29708  -18.44520 -25.92011  -0.200000
 -5.69533    8.78439 -33.91597  -0.200000
 -4.63794    6.45151 -31.66907  -0.006000
 -5.65930    6.69212 -29.89671   0.103000
 -4.99470    4.56594 -32.41704   0.103000
 -1.80442    6.78064 -31.19955  -0.006000
 -0.78306    6.54000 -32.97188   0.103000
 -1.44766    8.66621 -30.45156   0.103000
 -0.74703    4.44775 -28.95261  -0.200000
 19.65510  -33.68586  -9.39551  -0.200000
 17.66291  -30.99003  -8.78498  -0.006000
 18.76838  -29.51163  -7.87148   0.103000
 16.90315  -30.28046 -10.56304   0.103000
 15.48553  -31.77363  -7.05217  -0.006000
 14.38004  -33.25207  -7.96567   0.103000
 16.24528  -32.48322  -5.27413   0.103000
 13.49332  -29.07782  -6.44162  -0.200000
  7.00161   32.78327  26.61936  -0.200000
  4.60755   32.01551  24.31968  -0.006000
  2.74411   32.35963  25.12674   0.103000
  4.85949   33.19077  22.64706   0.103000
  4.83779   29.22970  23.58235  -0.006000
  6.70123   28.88560  22.77526   0.103000
  4.58586   28.05444  25.25496   0.103000
  2.44376   28.46196  21.28264  -0.200000
 22.85784  -10.21601  26.08703  -0.200000
 19.85588   -8.87788  25.18875  -0.006000
 19.92975   -6.82922  25.38764   0.103000
 19.44581   -9.36359  23.22961   0.103000
 17.77864   -9.93673  26.89800  -0.006000
 17.70477  -11.98540  26.69911   0.103000
 18.18873   -9.45103  28.85716   0.103000
 14.77669   -8.59861  25.99972  -0.200000
 21.11892    4.88853  29.85826  -0.200000
 22.00749    7.54394  27.91706  -0.006000
 20.32676    8.62783  27.42444   0.103000
 23.31984    8.74509  28.95489   0.103000
 23.27946    6.58974  25.50267  -0.006000
 24.96016    5.50585  25.99526   0.103000
 21.96710    5.38859  24.46479   0.103000
 24.16803    9.24514  23.56145  -0.200000
-20.61570   18.56677 -23.50765  -0.200000
-17.39548   19.46490 -22.85023  -0.006000
-17.00296   19.19695 -20.84617   0.103000
-16.11547   18.29661 -23.96320   0.103000
-17.00975   22.24485 -23.54344  -0.006000
-17.40228   22.51278 -25.54747   0.103000
-18.28977   23.41314 -22.43044   0.103000
-13.78954   23.14297 -22.88602  -0.200000
 24.38958   -5.23339 -27.26168  -0.200000
 22.33961   -6.84277 -25.06703  -0.006000
 21.45397   -5.46548 -23.81762   0.103000
 20.88370   -7.86222 -26.10783   0.103000
 23.88735   -8.71215 -23.49614  -0.006000
 24.77297  -10.08944 -24.74555   0.103000
 25.34325   -7.69268 -22.45531   0.103000
 21.83735  -10.32153 -21.30147  -0.200000
-34.15132  -21.68030  -6.84442  -0.200000
-31.40831  -19.91034  -5.86862  -0.006000
-30.38338  -19.25899  -7.53220   0.103000
-32.00091  -18.28728  -4.74762   0.103000
-29.68593  -21.60169  -4.27791  -0.006000
-30.71085  -22.25306  -2.61432   0.103000
-29.09332  -23.22475  -5.39891   0.103000
-26.94290  -19.83175  -3.30211  -0.200000
 27.66926  -16.37274 -20.46963  -0.200000
 25.25581  -17.50824 -18.34954  -0.006000
 25.64517  -19.46860 -17.85209   0.103000
 25.24313  -16.35573 -16.64255   0.103000
 22.67709  -17.33788 -19.64520  -0.006000
 22.28773  -15.37751 -20.14269   0.103000
 22.68975  -18.49038 -21.35220   0.103000
 20.26363  -18.47340 -17.52513  -0.200000
-32.08991    1.92374   9.84394  -0.200000
-31.86721   -0.90282  11.73344  -0.006000
-31.05827   -2.42282  10.60323   0.103000
-30.66334   -0.54494  13.36586   0.103000
-34.50513   -1.67105  12.63272  -0.006000
-35.31407   -0.15105  13.76293   0.103000
-35.70900   -2.02892  11.00030   0.103000
-34.28245   -4.49760  14.52222  -0.200000
-35.35207  -12.61827  16.48599  -0.200000
-32.19542  -13.60743  15.66972  -0.006000
-31.39927  -14.70997  17.21658   0.103000
-32.25617  -14.76063  13.96423   0.103000
-30.54740  -11.27921  15.19926  -0.006000
-31.34353  -10.17665  13.65240   0.103000
-30.48663  -10.12600  16.90475   0.103000
-27.39073  -12.26835  14.38299  -0.200000
 37.01429   10.35853  -7.53079  -0.200000
 35.01101   12.11093  -9.65797  -0.006000
 35.98836   12.38938 -11.44947   0.103000
 33.26850   11.06166  -9.98184   0.103000
 34.38444   14.68175  -8.49354  -0.006000
 33.40711   14.40328  -6.70205   0.103000
 36.12699   15.73101  -8.16968   0.103000
 32.38118   16.43414 -10.62073  -0.200000
  4.94458   -9.81533 -31.80532  -0.200000
  3.28601   -6.87900 -31.31939  -0.006000
  1.54177   -6.88575 -32.41474   0.103000
  2.84083   -6.66408 -29.31997   0.103000
  4.95248   -4.67773 -32.17657  -0.006000
  6.69670   -4.67099 -31.08125   0.103000
  5.39766   -4.89265 -34.17602   0.103000
  3.29391   -1.74138 -31.69069  -0.200000
-31.22147  -15.19022 -19.12178  -0.200000
-28.35759  -13.82221 -20.36108  -0.006000
-27.68819  -14.95066 -21.94873   0.103000
-28.73332  -11.89891 -20.99520   0.103000
-26.33798  -13.77669 -18.29312  -0.006000
-27.00740  -12.64824 -16.70546   0.103000
-25.96225  -15.69998 -17.65900   0.103000
-23.47410  -12.40866 -19.53242  -0.200000
 11.26942    7.62363  36.38456  -0.200000
 10.68266    8.80544  33.24316  -0.006000
  9.70590    7.36689  32.13921   0.103000
  9.51428   10.49811  33.35297   0.103000
 13.19713    9.45215  31.97165  -0.006000
 14.17389   10.89072  33.07561   0.103000
 14.36549    7.75948  31.86184   0.103000
 12.61037   10.63394  28.83027  -0.200000
-11.20936   26.89398  25.58440  -0.200000
 -8.42451   27.16546  23.64019  -0.006000
 -8.73127   26.17813  21.85884   0.103000
 -8.03891   29.15384  23.26606   0.103000
 -6.17014   25.99014  25.01640  -0.006000
 -5.86339   26.97747  26.79775   0.103000
 -6.55574   24.00177  25.39053   0.103000
 -3.38529   26.26164  23.07220  -0.200000
-31.72699   18.17811 -12.49801  -0.200000
-29.06112   19.18265 -10.62903  -0.006000
-29.69727   20.49478  -9.17439   0.103000
-28.18787   17.54246  -9.74048   0.103000
-27.13017   20.49654 -12.33273  -0.006000
-26.49404   19.18441 -13.78737   0.103000
-28.00340   22.13671 -13.22130   0.103000
-24.46432   21.50106 -10.46375  -0.200000
-12.62303   19.40080  25.16686  -0.200000
-13.26907   17.52781  27.93879  -0.006000
-13.71467   18.77090  29.51941   0.103000
-14.86923   16.28449  27.57024   0.103000
-10.94448   15.93750  28.59050  -0.006000
-10.49885   14.69440  27.00989   0.103000
 -9.34428   17.18080  28.95905   0.103000
-11.59050   14.06449  31.36244  -0.200000
-34.91568   -2.72039 -19.95991  -0.200000
-31.51884   -2.98150 -20.00746  -0.006000
-30.90902   -3.67898 -21.84693   0.103000
-30.68263   -1.13106 -19.66260   0.103000
-30.66498   -4.82247 -17.94849  -0.006000
-31.27478   -4.12499 -16.10897   0.103000
-31.50117   -6.67291 -18.29330   0.103000
-27.26816   -5.08355 -17.99601  -0.200000
 16.25786  -15.08897 -23.56959  -0.200000
 17.48093  -13.96963 -26.54629  -0.006000
 16.28507  -14.64882 -28.07946   0.103000
 17.49988  -11.91007 -26.55046   0.103000
 20.17266  -14.95777 -26.91486  -0.006000
 21.36851  -14.27858 -25.38169   0.103000
 20.15372  -17.01732 -26.91068   0.103000
 21.39574  -13.83843 -29.89156  -0.200000
-22.29728    8.21545  24.15718  -0.200000
-21.10274   10.15909  26.68787  -0.006000
-21.32569   12.14576  26.19225   0.103000
-22.15190    9.75991  28.41466   0.103000
-18.30170    9.58019  27.10772  -0.006000
-18.07873    7.59352  27.60332   0.103000
-17.25252    9.97940  25.38089   0.103000
-17.10714   11.52383  29.63839  -0.200000
-21.03705  -19.12263  27.63522  -0.200000
-17.82365  -19.51050  26.57085  -0.006000
-16.53781  -18.68833  27.95391   0.103000
-17.40889  -21.51637  26.35452   0.103000
-17.48318  -18.17745  24.02826  -0.006000
-18.76904  -18.99961  22.64521   0.103000
-17.89794  -16.17158  24.24460   0.103000
-14.26979  -18.56531  22.96388  -0.200000
-19.14302   -6.51457  32.26970  -0.200000
-15.98680   -6.84808  31.03012  -0.006000
-14.73593   -7.54027  32.51281   0.103000
-16.00158   -8.18552  29.46382   0.103000
-15.04252   -4.28076  30.09483  -0.006000
-16.29341   -3.58855  28.61215   0.103000
-15.02773   -2.94331  31.66115   0.103000
-11.88630   -4.61426  28.85527  -0.200000
  4.49271  -33.33775  -6.73973  -0.200000
  7.67331  -34.33833  -7.44102  -0.006000
  8.95825  -32.74279  -7.22781   0.103000
  8.22267  -35.84096  -6.14384   0.103000
  7.79820  -35.31849 -10.15784  -0.006000
  6.51326  -36.91404 -10.37108   0.103000
  7.24886  -33.81587 -11.45505   0.103000
 10.97880  -36.31906 -10.85914  -0.200000
  4.12765  -19.48708 -29.42162  -0.200000
  4.20158  -21.66751 -26.80444  -0.006000
  6.09760  -22.44932 -26.61490   0.103000
  3.68977  -20.67865 -25.07166   0.103000
  2.32017  -23.80996 -27.28173  -0.006000
  0.42415  -23.02815 -27.47129   0.103000
  2.83198  -24.79882 -29.01453   0.103000
  2.39409  -25.99039 -24.66457  -0.200000
-27.58188  -25.05002   2.66147  -0.200000
-26.72402  -24.07264   5.81078  -0.006000
-25.35376  -22.53857   5.70471   0.103000
-28.40417  -23.42520   6.81088   0.103000
-25.56021  -26.30648   7.22960  -0.006000
-26.93045  -27.84056   7.33567   0.103000
-23.88007  -26.95392   6.22952   0.103000
-24.70235  -25.32908  10.37891  -0.200000
 35.49586   16.41941  16.67285  -0.200000
 32.21573   15.79359  17.34986  -0.006000
 31.53205   17.14560  18.74518   0.103000
 31.11096   15.97285  15.62074   0.103000
 31.94187   13.11158  18.39350  -0.006000
 32.62552   11.75956  16.99818   0.103000
 33.04662   12.93232  20.12262   0.103000
 28.66172   12.48574  19.07049  -0.200000
 36.03472    1.50088   8.35985  -0.200000
 36.32133   -1.89292   8.45469  -0.006000
 35.10898   -2.72538   7.01268   0.103000
 38.27842   -2.42735   8.09908   0.103000
 35.51884   -2.85530  11.05994  -0.006000
 36.73119   -2.02286  12.50196   0.103000
 33.56176   -2.32089  11.41553   0.103000
 35.80547   -6.24912  11.15477  -0.200000
-27.27436   26.60772   0.91894  -0.200000
-24.48010   28.43979   1.58573  -0.006000
-22.80588   27.29772   1.21844   0.103000
-24.45009   30.11022   0.38116   0.103000
-24.50064   29.25360   4.35971  -0.006000
-26.17488   30.39568   4.72698   0.103000
-24.53067   27.58318   5.56428   0.103000
-21.70638   31.08567   5.02650  -0.200000
-26.20621  -10.75638  20.88161  -0.200000
-24.54323  -13.72181  21.10488  -0.006000
-23.73985  -14.19891  19.26939   0.103000
-23.03215  -13.55922  22.49500   0.103000
-26.38177  -15.79858  21.92011  -0.006000
-27.18515  -15.32148  23.75561   0.103000
-27.89289  -15.96119  20.53000   0.103000
-24.71881  -18.76402  22.14340  -0.200000
-26.36616   15.85042 -18.31203  -0.200000
-29.15989   13.90001 -18.29414  -0.006000
-30.80958   15.06643 -17.89397   0.103000
-29.38309   13.00260 -20.13456   0.103000
-28.90193   11.86585 -16.25624  -0.006000
-27.25221   10.69944 -16.65642   0.103000
-28.67871   12.76327 -14.41581   0.103000
-31.69566    9.91545 -16.23834  -0.200000
 22.71135   -1.92941  28.48225  -0.200000
 25.87300   -1.21950  27.42913  -0.006000
 26.21014    0.80644  27.58429   0.103000
 27.23099   -2.23358  28.59944   0.103000
 26.17715   -2.03763  24.67310  -0.006000
 25.83998   -4.06357  24.51793   0.103000
 24.81915   -1.02355  23.50281   0.103000
 29.33877   -1.32772  23.61997  -0.200000
-28.35908   20.70325   4.68773  -0.200000
-30.66540   18.24257   5.17252  -0.006000
-31.98458   18.21607   3.59099   0.103000
-29.71082   16.42200   5.30155   0.103000
-32.11185   18.74701   7.62419  -0.006000
-30.79267   18.77350   9.20573   0.103000
-33.06643   20.56759   7.49515   0.103000
-34.41817   16.28632   8.10897  -0.200000
-22.59084  -32.45790 -12.14727  -0.200000
-20.98556  -31.26939  -9.38684  -0.006000
-22.24827  -30.02263  -8.34131   0.103000
-20.42654  -32.84595  -8.18508   0.103000
-18.63398  -29.79694 -10.19893  -0.006000
-17.37125  -31.04372 -11.24444   0.103000
-19.19298  -28.22036 -11.40066   0.103000
-17.02870  -28.60843  -7.43847  -0.200000
  3.79956   40.24168 -20.59724  -0.200000
  2.52101   37.20001 -19.74705  -0.006000
  1.54052   37.34711 -17.94172   0.103000
  1.19794   36.58069 -21.19900   0.103000
  4.67059   35.28013 -19.52138  -0.006000
  5.65109   35.13301 -21.32669   0.103000
  5.99368   35.89947 -18.06941   0.103000
  3.39206   32.23846 -18.67119  -0.200000
-25.96472   21.35651  24.51020  -0.200000
-25.46661   19.68945  21.58062  -0.006000
-25.10579   17.70031  21.97481   0.103000
-27.14403   19.86219  20.39801   0.103000
-23.19444   20.82484  20.20010  -0.006000
-23.55525   22.81398  19.80592   0.103000
-21.51701   20.65210  21.38270   0.103000
-22.69633   19.15774  17.27051  -0.200000
 -0.35527  -30.19276 -16.26967  -0.200000
 -0.75604  -33.38727 -15.15443  -0.006000
 -1.79590  -33.36895 -13.37663   0.103000
 -1.80497  -34.47665 -16.55273   0.103000
  1.83731  -34.59584 -14.74036  -0.006000
  2.87716  -34.61415 -16.51813   0.103000
  2.88624  -33.50645 -13.34205   0.103000
  1.43653  -37.79035 -13.62510  -0.200000
  9.57568    6.42511 -34.53697  -0.200000
 10.54785    4.26071 -32.09171  -0.006000
 12.59351    4.34975 -31.86885   0.103000
  9.64027    4.77713 -30.31640   0.103000
  9.77518    1.57223 -32.82150  -0.006000
  7.72953    1.48321 -33.04437   0.103000
 10.68277    1.05581 -34.59682   0.103000
 10.74736   -0.59216 -30.37621  -0.200000
-11.88432    8.77976 -32.65175  -0.200000
-11.34144    5.58541 -31.59796  -0.006000
 -9.74216    4.78681 -32.62113   0.103000
-10.93339    5.58788 -29.57909   0.103000
-13.69965    3.99072 -32.10148  -0.006000
-15.29892    4.78932 -31.07828   0.103000
-14.10769    3.98825 -34.12033   0.103000
-13.15678    0.79639 -31.04765  -0.200000
 12.36130   39.91221  -6.16096  -0.200000
 10.73780   39.09006  -9.04151  -0.006000
  9.02932   38.03229  -8.58935   0.103000
 10.23311   40.80767 -10.05994   0.103000
 12.46745   37.46511 -10.69234  -0.006000
 14.17595   38.52288 -11.14451   0.103000
 12.97216   35.74748  -9.67392   0.103000
 10.84399   36.64296 -13.57290  -0.200000
  1.49942  -19.59153  33.57038  -0.200000
  3.05831  -16.76637  32.47600  -0.006000
  3.55340  -15.58591  34.08956   0.103000
  4.76870  -17.27918  31.44941   0.103000
  1.28467  -15.30487  30.72226  -0.006000
  0.78958  -16.48531  29.10872   0.103000
 -0.42572  -14.79204  31.74884   0.103000
  2.84357  -12.47969  29.62788  -0.200000
-35.91852    6.94140  -3.14367  -0.200000
-35.64740    3.82156  -4.48610  -0.006000
-37.08096    3.57402  -5.94413   0.103000
-33.77647    3.59084  -5.31595   0.103000
-36.03150    1.84375  -2.41288  -0.006000
-34.59796    2.09127  -0.95484   0.103000
-37.90243    2.07445  -1.58304   0.103000
-35.76040   -1.27611  -3.75530  -0.200000
 10.04023  -15.69858  30.02074  -0.200000
 10.30264  -12.30635  30.20253  -0.006000
 10.94229  -11.56854  28.38909   0.103000
  8.46473  -11.49878  30.66309   0.103000
 12.20835  -11.59602  32.25706  -0.006000
 11.56870  -12.33383  34.07051   0.103000
 14.04626  -12.40360  31.79651   0.103000
 12.47076   -8.20381  32.43885  -0.200000
-17.08979   34.92027   7.29780  -0.200000
-15.11874   35.71352   4.63418  -0.006000
-14.13203   37.48153   5.01199   0.103000
-13.74351   34.21160   4.32570   0.103000
-16.76210   36.01346   2.27476  -0.006000
-17.74880   34.24547   1.89694   0.103000
-18.13735   37.51539   2.58322   0.103000
-14.79102   36.80673  -0.38887  -0.200000
 25.88494   18.62095  22.39996  -0.200000
 23.61517   20.67430  23.89697  -0.006000
 24.23910   22.62964  23.72464   0.103000
 21.78253   20.45485  22.98302   0.103000
 23.38534   19.98011  26.69386  -0.006000
 22.76145   18.02479  26.86616   0.103000
 25.21800   20.19958  27.60780   0.103000
 21.11557   22.03347  28.19084  -0.200000
-14.83679   18.84471 -29.21093  -0.200000
-13.05814   15.94284 -29.05482  -0.006000
-13.13441   15.19249 -27.13821   0.103000
-13.86517   14.57117 -30.36227   0.103000
-10.30704   16.45880 -29.77783  -0.006000
-10.23077   17.20913 -31.69443   0.103000
 -9.50001   17.83045 -28.47037   0.103000
 -8.52839   13.55693 -29.62172  -0.200000
 -4.17735  -25.29213 -22.52340  -0.200000
 -3.66739  -28.65180 -22.27409  -0.006000
 -2.48971  -29.28611 -23.84027   0.103000
 -2.72548  -29.07334 -20.49160   0.103000
 -6.21138  -30.02204 -22.36614  -0.006000
 -7.38906  -29.38774 -20.79995   0.103000
 -7.15329  -29.60050 -24.14862   0.103000
 -5.70144  -33.38169 -22.11679  -0.200000
 29.15337  -17.08375  20.09780  -0.200000
 26.27870  -17.18861  21.92394  -0.006000
 25.40671  -19.04411  21.72663   0.103000
 26.71154  -16.84028  23.90721   0.103000
 24.45425  -15.16086  20.96627  -0.006000
 25.32626  -13.30533  21.16355   0.103000
 24.02144  -15.50919  18.98300   0.103000
 21.57960  -15.26570  22.79238  -0.200000
$end
