$coord
   -1.25886999985318     -2.28340899869744     -0.02457990402621      c
   -2.55765987372416      0.00000000000000     -0.02332890532624      c
   -1.25886811012705      2.28340899869744     -0.02458557320461      c
    1.33197476395116      2.28513620838290     -0.02654899865667      c
    2.68684604026778      0.00000000000000     -0.02599152944747      c
    1.33197287422503     -2.28513620838290     -0.02654143975214      c
   -2.29764678592202     -4.03839009940381     -0.02204200182974      h
   -2.29764489619589      4.03839198912994     -0.02205334018654      h
    2.35112863385612      4.05729680936333     -0.02879021385028      h
    2.35112674412998     -4.05729680936333     -0.02877509604121      h
   -5.27302247187660      0.00000000000000     -0.01767484473664      n
   -6.38128826730391      2.02693725766834     -0.01525977473881      o
   -6.38128448785164     -2.02693725766834     -0.01527678227401      o
    5.24366439532339      0.00000000000000     -0.06908484418180      n
    6.20478666541355      1.61743927385042      0.18526851385235      h
    6.20478477568742     -1.61744116357655      0.18526473440008      h
$redundant
     number_of_atoms            16
     degrees_of_freedom         42
     internal_coordinates       42
     frozen_coordinates          0
# definitions of redundant internals
   1 k  1.0000000000000 stre    1    7           val=   2.03937
   2 k  0.7071067878323 bend    6    7    1      val=   0.41781
       -0.7071067745408 bend    2    7    1
   3 k  1.0000000000000 outp    7    2    6    1 val=  -0.05499
   4 k  1.0000000000000 stre    3    8           val=   2.03937
   5 k  0.7071067878134 bend    4    8    3      val=   0.41780
       -0.7071067745597 bend    2    8    3
   6 k  1.0000000000000 outp    8    2    4    3 val=   0.05491
   7 k  1.0000000000000 stre    4    9           val=   2.04432
   8 k  0.7071067813115 bend    3    9    4      val=   0.25392
       -0.7071067810616 bend    5    9    4
   9 k  1.0000000000000 outp    9    5    3    4 val=   0.00676
  10 k  1.0000000000000 stre    6   10           val=   2.04432
  11 k  0.7071067813113 bend    1   10    6      val=   0.25394
       -0.7071067810618 bend    5   10    6
  12 k  1.0000000000000 outp   10    5    1    6 val=  -0.00676
  13 k  1.0000000000000 tors   13   11    2    1 val=  89.99969
        1.0000000000000 tors   13   11    2    3
        1.0000000000000 tors   12   11    2    1
        1.0000000000000 tors   12   11    2    3
  14 k  1.0000000000000 stre   11   13           val=   2.31014
  15 k  1.0000000000000 stre   11   12           val=   2.31014
  16 k  0.8164965810737 bend   12   13   11      val=   1.99729
       -0.4082489113981 bend    2   13   11
       -0.4082476692369 bend    2   12   11
  17 k -0.0000007171621 bend   12   13   11      val=   0.00004
       -0.7071064226052 bend    2   13   11
        0.7071071397674 bend    2   12   11
  18 k  1.0000000000000 outp   12   13    2   11 val=   0.00491
  19 k  1.0000000000000 tors   15   14    5    4 val=  90.00017
        1.0000000000000 tors   15   14    5    6
        1.0000000000000 tors   16   14    5    4
        1.0000000000000 tors   16   14    5    6
  20 k  1.0000000000000 stre   14   15           val=   1.89857
  21 k  1.0000000000000 stre   14   16           val=   1.89857
  22 k  0.8175508764892 bend   16   15   14      val=  -1.47749
       -0.4071922913596 bend    5   15   14
       -0.4071916038047 bend    5   16   14
  23 k  0.0000004437291 bend   16   15   14      val=   0.00004
        0.7071066296564 bend    5   15   14
       -0.7071069327165 bend    5   16   14
  24 k  1.0000000000000 outp   15    5   16   14 val=  16.32350
  25 k  1.0000000000000 stre    2   11           val=   2.71537
  26 k -0.7071067811865 bend    1   11    2      val=   0.00002
        0.7071067811866 bend    3   11    2
  27 k  1.0000000000000 outp   11    3    1    2 val=  -0.06399
  28 k  1.0000000000000 stre    5   14           val=   2.55718
  29 k -0.7071067811734 bend    4   14    5      val=   0.00002
        0.7071067811997 bend    6   14    5
  30 k  1.0000000000000 outp   14    6    4    5 val=   0.98900
  31 k  1.0000000000000 stre    1    6           val=   2.59084
  32 k  1.0000000000000 stre    6    5           val=   2.65660
  33 k  1.0000000000000 stre    5    4           val=   2.65660
  34 k  1.0000000000000 stre    4    3           val=   2.59084
  35 k  1.0000000000000 stre    3    2           val=   2.62694
  36 k  1.0000000000000 stre    2    1           val=   2.62694
  37 k -0.5000000000000 bend    1    5    6      val=   0.11060
       -0.5000000000000 bend    6    4    5
        1.0000000000000 bend    5    3    4
       -0.5000000000000 bend    4    2    3
       -0.5000000000000 bend    3    1    2
        1.0000000000000 bend    2    6    1
  38 k  0.8660254037844 bend    1    5    6      val=   0.22124
       -0.8660254037844 bend    6    4    5
        0.8660254037844 bend    4    2    3
       -0.8660254037844 bend    3    1    2
  39 k -1.0000000000000 bend    1    5    6      val=  -0.66318
        1.0000000000000 bend    6    4    5
       -1.0000000000000 bend    5    3    4
        1.0000000000000 bend    4    2    3
       -1.0000000000000 bend    3    1    2
        1.0000000000000 bend    2    6    1
  40 k -0.5000000000000 tors    6    5    4    3 val=  -0.03424
       -0.5000000000000 tors    5    4    3    2
        1.0000000000000 tors    4    3    2    1
       -0.5000000000000 tors    3    2    1    6
       -0.5000000000000 tors    2    1    6    5
        1.0000000000000 tors    1    6    5    4
  41 k  0.8660254037844 tors    6    5    4    3 val=   0.02287
       -0.8660254037844 tors    5    4    3    2
        0.8660254037844 tors    3    2    1    6
       -0.8660254037844 tors    2    1    6    5
  42 k -1.0000000000000 tors    6    5    4    3 val=  -0.03225
        1.0000000000000 tors    5    4    3    2
       -1.0000000000000 tors    4    3    2    1
        1.0000000000000 tors    3    2    1    6
       -1.0000000000000 tors    2    1    6    5
        1.0000000000000 tors    1    6    5    4
        42 non zero eigenvalues  of BmBt
           1          11.054915513    1    0
         1
           2           5.633416523    2    0
         2
           3           5.128447382    3    0
         3
           4           4.613440913    4    0
         4
           5           4.476965352    5    0
         5
           6           4.095430778    6    0
         6
           7           3.894020585    7    0
         7
           8           3.550111898    8    0
         8
           9           3.387999532    9    0
         9
          10           3.295421774   10    0
        10
          11           3.261628521   11    0
        11
          12           2.772514944   12    0
        12
          13           2.707018035   13    0
        13
          14           2.473947726   14    0
        14
          15           2.342159947   15    0
        15
          16           1.966139714   16    0
        16
          17           1.929577079   17    0
        17
          18           1.673064911   18    0
        18
          19           1.531339806   19    0
        19
          20           1.451620035   20    0
        20
          21           1.265798931   21    0
        21
          22           1.125661663   22    0
        22
          23           0.940189326   23    0
        23
          24           0.808282149   24    0
        24
          25           0.630169819   25    0
        25
          26           0.594957852   26    0
        26
          27           0.452884040   27    0
        27
          28           0.411340803   28    0
        28
          29           0.397181364   29    0
        29
          30           0.386130217   30    0
        30
          31           0.361244609   31    0
        31
          32           0.352113032   32    0
        32
          33           0.341914809   33    0
        33
          34           0.331563083   34    0
        34
          35           0.269969512   35    0
        35
          36           0.178476264   36    0
        36
          37           0.116852150   37    0
        37
          38           0.106944428   38    0
        38
          39           0.087511458   39    0
        39
          40           0.081559903   40    0
        40
          41           0.046185805   41    0
        41
          42           0.024593399   42    0
        42
$user-defined bonds
$end
