# Electronic excitation spectrum of , IRREP a   
# singlet excitations
# excitation energy / eV  oscillator strength (length rep.) (veloc. rep.) (mixed rep.) 
 0.35755518701643E+01   0.49467707564064E+00   0.72309272992884E+00   0.59807381486643E+00
 0.37659673023654E+01   0.34255171485118E-08   0.10294993788977E-07   0.59324177989585E-08
 0.45780707966288E+01   0.60040435822469E-03   0.13864130009390E-02   0.91236321428534E-03
 0.45827622874885E+01   0.76756880251011E-02   0.12532962717061E-01   0.98081133848847E-02
 0.51940311975371E+01   0.35817980077383E-01   0.24402290707783E-01   0.29564180234820E-01
 0.57428888058846E+01   0.27148049906259E+00   0.38969328987281E+00   0.32526009358216E+00
 0.57594175980299E+01   0.32180728913988E-03   0.87683293895029E-04   0.53964353322064E-05
 0.59674517520260E+01   0.29304817462159E-01   0.47662318299264E-01   0.37372740181027E-01
 0.64005073058880E+01   0.58113831878205E-02   0.95935205813732E-02   0.74637148754970E-02
 0.66530130557187E+01   0.23184774489815E-05   0.85111206803150E-05   0.44377758684756E-05
 0.67316024616211E+01   0.48498955553713E-01   0.29401265276421E-01   0.37759823436799E-01
 0.69495925227641E+01   0.36309350382672E-02   0.41740859069487E-02   0.38348036641899E-02
 0.69925311167797E+01   0.60913382256031E+00   0.61624592177218E+00   0.61267927678152E+00
 0.72787583356532E+01   0.15951619172953E-01   0.20766446855705E-01   0.18199950946168E-01
 0.73452831543547E+01   0.60778807927910E-05   0.92700672767548E-05   0.75008106647921E-05
# Electronic excitation spectrum of , IRREP a   
# singlet excitations
# excitation energy / eV  oscillator strength (length rep.) (veloc. rep.) (mixed rep.) 
 0.36251166390737E+01   0.49634714270127E+00   0.71626388198853E+00   0.59624688773407E+00
 0.37536895388172E+01   0.41734028863851E-08   0.11724055115316E-07   0.69876147442678E-08
 0.45662853330578E+01   0.58720625076455E-03   0.13418579099946E-02   0.88766321759241E-03
 0.45885132929489E+01   0.98295052298826E-02   0.15091568471527E-01   0.12179598704343E-01
 0.52273502757900E+01   0.29816401289154E-01   0.18298163238655E-01   0.23357768174305E-01
 0.57460649849684E+01   0.28059529796812E+00   0.39733005904431E+00   0.33389960303520E+00
 0.57529816857383E+01   0.28338872479385E-03   0.75929527401729E-04   0.35457875412816E-04
 0.59840642056366E+01   0.27728039298066E-01   0.45447775185549E-01   0.35498762090669E-01
 0.64062734501165E+01   0.58554928785741E-02   0.96859286558894E-02   0.75281272156833E-02
 0.66490598312800E+01   0.15677737659049E-05   0.68864231024366E-05   0.32813926723255E-05
 0.67839553344628E+01   0.49391968725222E-01   0.29974412278683E-01   0.38475625243499E-01
 0.69402434347996E+01   0.23654674484715E-02   0.30631159345122E-02   0.26390478014821E-02
 0.69917559091688E+01   0.60987128070683E+00   0.61689598249809E+00   0.61337319665583E+00
 0.73200743696044E+01   0.16640592041101E-01   0.21375180585400E-01   0.18859476496138E-01
 0.73565038213549E+01   0.20872658536576E-06   0.28219686357113E-06   0.18106177487522E-06
# Electronic excitation spectrum of , IRREP a   
# singlet excitations
# excitation energy / eV  oscillator strength (length rep.) (veloc. rep.) (mixed rep.) 
 0.36367520345681E+01   0.49680314642692E+00   0.71494601819942E+00   0.59597167550818E+00
 0.37502416378446E+01   0.42638803502352E-08   0.11875193251417E-07   0.71084766529788E-08
 0.45621996629835E+01   0.58402287290355E-03   0.13319313384152E-02   0.88197339789437E-03
 0.45896378029259E+01   0.10319885376349E-01   0.15665820894480E-01   0.12714930104303E-01
 0.52352581007756E+01   0.28347784834362E-01   0.16886016367972E-01   0.21878782046280E-01
 0.57469893198467E+01   0.28283786200729E+00   0.39929801322633E+00   0.33606040169223E+00
 0.57518196961433E+01   0.28323165224608E-03   0.76261959605822E-04   0.35641733234334E-04
 0.59877873826450E+01   0.27342034236292E-01   0.44927386152800E-01   0.35048405140644E-01
 0.64090622476947E+01   0.58873617161605E-02   0.97350636740167E-02   0.75677057746310E-02
 0.66492888830505E+01   0.14576056992508E-05   0.66249485706338E-05   0.31008808827902E-05
 0.67956579805457E+01   0.49680771593423E-01   0.30184616004384E-01   0.38723086704803E-01
 0.69396334059155E+01   0.22663579040582E-02   0.29951346757508E-02   0.25542453979386E-02
 0.69917856232489E+01   0.60948876577820E+00   0.61658503370556E+00   0.61302625039341E+00
 0.73307072897779E+01   0.16881404311301E-01   0.21636083232733E-01   0.19111055476866E-01
 0.73593714357515E+01   0.72992825935236E-06   0.40003342862207E-06   0.52582308481585E-06
# Electronic excitation spectrum of , IRREP a   
# singlet excitations
# excitation energy / eV  oscillator strength (length rep.) (veloc. rep.) (mixed rep.) 
 0.36399517953718E+01   0.49695893842973E+00   0.71462743540425E+00   0.59593229038988E+00
 0.37493040239118E+01   0.42669387913476E-08   0.11875520945980E-07   0.71111709127220E-08
 0.45610977150574E+01   0.58323192021167E-03   0.13295072245633E-02   0.88057355409552E-03
 0.45899241655731E+01   0.10436994145495E-01   0.15803239606068E-01   0.12842830311348E-01
 0.52373581421802E+01   0.27961761976112E-01   0.16520054848671E-01   0.21492551824432E-01
 0.57471919379264E+01   0.28344482157085E+00   0.39984662481799E+00   0.33665182546351E+00
 0.57514426575958E+01   0.28377828342894E-03   0.78035955900680E-04   0.34712188212636E-04
 0.59888614723735E+01   0.27221891435112E-01   0.44769480080709E-01   0.34909806947048E-01
 0.64099102886282E+01   0.59026700165033E-02   0.97552938605253E-02   0.75854012574298E-02
 0.66493781521866E+01   0.14307880988971E-05   0.65645344086813E-05   0.30579778376219E-05
 0.67987368513609E+01   0.49833087112303E-01   0.30304162853494E-01   0.38859152569738E-01
 0.69397072511980E+01   0.22625737427463E-02   0.29992215625390E-02   0.25540690288505E-02
 0.69917641718663E+01   0.60926667359780E+00   0.61641409837221E+00   0.61282958787802E+00
 0.73334372605145E+01   0.16943906219945E-01   0.21705487923083E-01   0.19177094157474E-01
 0.73600717230867E+01   0.84877576616546E-06   0.48441794809536E-06   0.62960973696098E-06
# Electronic excitation spectrum of , IRREP a   
# singlet excitations
# excitation energy / eV  oscillator strength (length rep.) (veloc. rep.) (mixed rep.) 
 0.36409199756647E+01   0.49701078169322E+00   0.71453461930845E+00   0.59592466964920E+00
 0.37490419916423E+01   0.42717525353494E-08   0.11884046022579E-07   0.71177312351758E-08
 0.45608082104797E+01   0.58303052900785E-03   0.13288988556227E-02   0.88022005281475E-03
 0.45900202033149E+01   0.10465524797136E-01   0.15836462783412E-01   0.12873883058925E-01
 0.52379686721940E+01   0.27854899935102E-01   0.16418904092745E-01   0.21385669787286E-01
 0.57472468501202E+01   0.28362325556298E+00   0.40000995427470E+00   0.33682654513799E+00
 0.57513279237721E+01   0.28372976732717E-03   0.78911624751497E-04   0.34437855492269E-04
 0.59892180543958E+01   0.27182231987864E-01   0.44717456542228E-01   0.34864093548361E-01
 0.64101734596513E+01   0.59091866476850E-02   0.97633452146230E-02   0.75927152543780E-02
 0.66494171617760E+01   0.14229632054136E-05   0.65478696575211E-05   0.30456619703257E-05
 0.67996357740855E+01   0.49904529761710E-01   0.30362053951102E-01   0.38924133912344E-01
 0.69398073128676E+01   0.22692180744987E-02   0.30082162117260E-02   0.25617892406396E-02
 0.69917521064381E+01   0.60916679101777E+00   0.61633696620649E+00   0.61274101456136E+00
 0.73341956139420E+01   0.16960236655286E-01   0.21723561965031E-01   0.19194322392814E-01
 0.73602633974316E+01   0.97164604306068E-06   0.58235857523558E-06   0.74321524805721E-06
