Header
  1      1(1)a  3.74500  0.00300 0.022840 0.050910 0.210650 0.000090 0.627910 0.017370 0.047780
  2      2(1)a  3.77800  0.50500 0.046640 0.430250 0.136030 0.013780 0.060400 0.255010 0.048800
  3      3(1)a  4.47400  0.00000 0.026660 0.061900 0.218790 0.000030 0.561140 0.021460 0.065500
  4      4(1)a  4.58600  0.00900 0.040000 0.128890 0.198580 0.004210 0.001930 0.567330 0.048570
  5      5(1)a  5.30600  0.02500 0.041060 0.331700 0.127280 0.002080 0.096110 0.332490 0.049640
  6      6(1)a  5.82000  0.00400 0.080460 0.038460 0.280810 0.027080 0.006070 0.474790 0.047290
  7      7(1)a  5.84600  0.27100 0.036600 0.074930 0.236680 0.000660 0.458740 0.071140 0.084530
  8      8(1)a  6.02600  0.04100 0.068490 0.186430 0.170030 0.025120 0.036080 0.349450 0.117910
  9      9(1)a  6.47300  0.00100 0.127790 0.070380 0.220700 0.048400 0.009250 0.378480 0.065800
 10     10(1)a  6.71700  0.00100 0.077910 0.057850 0.203870 0.023290 0.005650 0.413680 0.070260
