3
     1(1)a  0.95222  0.62791  0.20992  0.02109  0.04938  0.01737  0.00175  0.00153  0.00073  0.00009
     2(1)a  0.95120  0.06040  0.04729  0.00734  0.31718  0.25501  0.03930  0.11307  0.08874  0.01378
     3(1)a  0.93450  0.56114  0.21856  0.02453  0.06137  0.02146  0.00213  0.00053  0.00023  0.00003
     4(1)a  0.95143  0.00193  0.06949  0.00234  0.12630  0.56733  0.03766  0.00259  0.12909  0.00421
     5(1)a  0.95036  0.09611  0.06830  0.00786  0.32903  0.33249  0.03320  0.00267  0.05898  0.00208
     6(1)a  0.95271  0.00607  0.07638  0.01123  0.02721  0.47479  0.06923  0.01125  0.20443  0.02708
     7(1)a  0.91547  0.45874  0.22134  0.02859  0.07387  0.07114  0.00801  0.00106  0.01534  0.00066
     8(1)a  0.88209  0.03608  0.04466  0.00773  0.16615  0.34945  0.06076  0.02028  0.12537  0.02512
     9(1)a  0.93420  0.00925  0.06052  0.01625  0.05245  0.37848  0.11154  0.01793  0.16018  0.04840
    10(1)a  0.92974  0.00565  0.06089  0.01012  0.04158  0.41368  0.06779  0.01627  0.14298  0.02329
