$coord
    2.62715396172161      0.00000000000000      0.00000000000000      c
    0.00000000000000      0.00000000000000      0.00000000000000      c
   -1.34248034206329      2.25824162605967      0.00000000000000      c
   -0.06302236653174      4.51094635454999      0.00056691783987      c
    2.59336565846561      4.55873752845067      0.00249443849541      c
    3.90971108811109      2.25090948866408      0.00056691783987      c
    3.63910230588187     -1.77057890020720      0.00147398638365      h
   -3.38155153123089      2.22333838438527      0.00147398638365      h
   -1.09938597232888      6.27304038442054     -0.00066140414651      h
    5.95399792140545      2.26052819468046     -0.00058581510119      h
   -1.34232916397266     -2.35962543308899      0.00300466455129      n
   -3.65236818333473     -2.32113171176211      0.00430857558298      o
   -0.12880373321749     -4.32558311817524      0.00430857558298      o
    3.85736567423016      6.78060192645229     -0.03705752946589      n
    2.92680783461328      8.41653783969139      0.21238632007502      h
    5.73909826557370      6.81669569559041      0.21240521733635      h
   -8.51219577653806     -1.46306376660272      2.32432534892668      o
   -8.36305859013073     -2.24117739907972      4.03998880771223      h
   -6.88599195288332     -1.68648608729379      1.38794715282052      h
    9.37064166692403      6.47011992281918      0.31473388743210      o
    9.86535307125216      8.22786758258409      0.80139505843414      h
    9.79998744431564      6.17513367347573     -1.50184094684954      h
    2.62356348206913     -7.75600296720255     -3.65433349851293      o
    4.20921378291214     -8.78359824374310     -3.68591082219345      h
    2.07930345853673     -7.49265073332360     -1.86387467938777      h
   -6.48690069087921      6.12074735537128     -0.63509915874021      o
   -5.23837753214299      7.46145135486966     -0.17147374929804      h
   -7.55625891495653      5.70916500362879      0.86770554843710      h
    7.08498011467618     -2.39571920222710     -4.11525659958507      o
    7.20845482019893     -1.03719508529561     -5.42311715889389      h
    7.48747288371950     -1.67276667556904     -2.41624162803024      h
    9.44917868500675      2.66685710777354      3.68695017156653      o
    9.97576976919667      3.33423278886343      5.37474016989202      h
    9.35720571411921      4.09050118724426      2.44753549279083      h
    8.91489641545600     -1.68486092281951      1.06746849794444      o
    9.05917700570181     -0.29150915325894      2.33592826738260      h
   10.50874812771573     -2.70017297949631      1.06321661414545      h
   -2.99897647562819     11.34389369488322      1.14164024866020      o
   -2.01847317431914     10.28727222494154      2.36372613879735      h
   -3.37737523647721     13.02257521324819      1.92275854568848      h
   -5.84671816884154      3.28341805315013     -4.72809478447988      o
   -6.30008236538213      4.38492051874785     -3.26094920943012      h
   -7.35379365707916      3.07603950732726     -5.84928819638226      h
   -5.98143674485495     -7.93189867565154      0.61225236979362      o
   -4.70150633779018     -6.87108201369486      1.51102501585536      h
   -6.19605294176678     -7.29766879093246     -1.15494392063572      h
    5.77812111021779     12.07056898202306      2.04113099065244      o
    7.03686768733291     13.31453790077902      1.37834734406546      h
    6.61192497183092     10.94688113162527      3.31131041087153      h
    1.50454325521956     -8.06597474477978      4.99452727195543      o
    2.87196798223694     -9.30202571103895      5.41107960342741      h
    2.22849733672805     -6.64291648041024      3.98348599633895      h
   -1.91860114819614      5.66623042588963     -6.38929633611566      o
   -1.69990314283728      7.25911837782159     -5.39624525328426      h
   -3.55240167090508      4.84544677733208     -5.91146018615420      h
    5.56471433803101      0.33716493662946      6.50171614376103      o
    6.76283850080317      1.29217583240587      5.39550826009243      h
    5.61594481349354     -1.49700324794935      6.04963696099080      h
   -3.01195889416111     -1.21314748552860     -6.51895044609295      o
   -1.35304391114612     -1.97637007607845     -7.00557382257233      h
   -2.76338431864133     -0.04934074932964     -5.05097339154472      h
    2.10543837095454     13.74628363035940     -3.31053562315704      o
    3.72920444789786     13.30310505767506     -2.45127715053394      h
    1.66084250367053     15.54294075120043     -2.92884873883680      h
   -9.27813957271927      3.60501164644461      3.13038803090905      o
   -8.45489928018897      1.95975938337039      2.69828325336342      h
  -10.76225488844234      3.28989981378593      4.25702385407415      h
$user-defined bonds
$end
