Header
  1      1(1)a  3.71100  0.00000 0.020570 0.051340 0.214340 0.000030 0.631860 0.017630 0.047450
  2      2(1)a  4.26500  0.46700 0.044020 0.406340 0.142550 0.014030 0.051140 0.286460 0.045160
  3      3(1)a  4.43800  0.00000 0.022320 0.068380 0.218740 0.000030 0.605030 0.021390 0.048760
  4      4(1)a  4.64400  0.01500 0.033020 0.077730 0.210900 0.003310 0.001670 0.611480 0.045170
  5      5(1)a  5.57300  0.00800 0.044200 0.211720 0.165930 0.001380 0.242570 0.268740 0.049610
  6      6(1)a  5.86300  0.00600 0.112500 0.019980 0.221700 0.043130 0.016140 0.357590 0.061750
  7      7(1)a  6.00900  0.32200 0.039160 0.152750 0.206060 0.001770 0.325410 0.190220 0.065380
  8      8(1)a  6.25400  0.00500 0.051050 0.215570 0.149470 0.019060 0.036970 0.321660 0.132120
  9      9(1)a  6.58300  0.00200 0.082430 0.065590 0.187720 0.025910 0.006680 0.395910 0.083970
 10     10(1)a  6.74500  0.00100 0.099470 0.033580 0.167170 0.036110 0.003190 0.315510 0.077890
