3
     1(1)a  0.95255  0.63186  0.21401  0.01899  0.05059  0.01763  0.00158  0.00075  0.00033  0.00003
     2(1)a  0.95484  0.05114  0.04385  0.00583  0.30727  0.28646  0.03819  0.09907  0.09870  0.01403
     3(1)a  0.95124  0.60503  0.21852  0.02061  0.06803  0.02139  0.00171  0.00035  0.00022  0.00003
     4(1)a  0.95483  0.00167  0.07087  0.00180  0.07535  0.61148  0.03122  0.00238  0.14003  0.00331
     5(1)a  0.95039  0.24257  0.12979  0.01430  0.21031  0.26874  0.02990  0.00141  0.03614  0.00138
     6(1)a  0.93825  0.01614  0.05928  0.01369  0.01432  0.35759  0.09881  0.00566  0.16242  0.04313
     7(1)a  0.93462  0.32541  0.16583  0.01849  0.15118  0.19022  0.02067  0.00157  0.04023  0.00177
     8(1)a  0.86788  0.03697  0.03518  0.00497  0.19203  0.32166  0.04608  0.02354  0.11429  0.01906
     9(1)a  0.91603  0.00668  0.05203  0.00936  0.04919  0.39591  0.07307  0.01640  0.13569  0.02591
    10(1)a  0.92211  0.00319  0.03983  0.01134  0.02550  0.31551  0.08813  0.00808  0.12734  0.03611
