Header
  1      1(1)a  3.71400  0.00000 0.030630 0.044020 0.247340 0.000040 0.528190 0.020310 0.092800
  2      2(1)a  4.22400  0.43300 0.048230 0.405140 0.137630 0.013680 0.049200 0.283100 0.049570
  3      3(1)a  4.41000  0.00000 0.023940 0.065200 0.224570 0.000020 0.563870 0.022740 0.063880
  4      4(1)a  4.65200  0.01200 0.034880 0.098410 0.201800 0.003370 0.001750 0.588820 0.047600
  5      5(1)a  5.53300  0.01400 0.044670 0.240870 0.159160 0.001480 0.183860 0.277960 0.063120
  6      6(1)a  5.80600  0.00200 0.260460 0.007520 0.176860 0.124540 0.000640 0.262650 0.063030
  7      7(1)a  5.96100  0.29400 0.039740 0.126120 0.223930 0.001350 0.349570 0.145880 0.085240
  8      8(1)a  6.22300  0.00400 0.084300 0.222380 0.151000 0.028050 0.038680 0.327600 0.102860
  9      9(1)a  6.50700  0.00700 0.114040 0.060080 0.207190 0.040580 0.006650 0.387620 0.079650
 10     10(1)a  6.76500  0.00300 0.102020 0.053400 0.174830 0.032790 0.005730 0.378410 0.085730
