3
     1(1)a  0.90720  0.52819  0.24704  0.02829  0.04331  0.02031  0.00234  0.00071  0.00030  0.00004
     2(1)a  0.95043  0.04920  0.04487  0.00662  0.30325  0.28310  0.04161  0.10189  0.09276  0.01368
     3(1)a  0.93612  0.56387  0.22436  0.02198  0.06487  0.02274  0.00196  0.00033  0.00021  0.00002
     4(1)a  0.95240  0.00175  0.06812  0.00183  0.09603  0.58882  0.03305  0.00238  0.13368  0.00337
     5(1)a  0.93688  0.18386  0.11785  0.01497  0.23899  0.27796  0.02970  0.00188  0.04131  0.00148
     6(1)a  0.93697  0.00064  0.03277  0.02816  0.00482  0.26265  0.23230  0.00270  0.14409  0.12454
     7(1)a  0.91476  0.34957  0.19364  0.02396  0.12450  0.14588  0.01578  0.00162  0.03029  0.00135
     8(1)a  0.89714  0.03868  0.03461  0.00905  0.19879  0.32760  0.07525  0.02359  0.11639  0.02805
     9(1)a  0.92035  0.00665  0.05354  0.01380  0.04431  0.38762  0.10024  0.01577  0.15365  0.04058
    10(1)a  0.91427  0.00573  0.04952  0.01089  0.04070  0.37841  0.09113  0.01270  0.12531  0.03279
