$coord
    1.25932306169354      2.27956907519542     -0.03627860797549      c
    2.55042363992980      0.00000188972613     -0.03451171404124      c
    1.25932684114580     -2.27956529574315     -0.03628994633229      c
   -1.33696600309965     -2.27916089435072     -0.03958373898191      c
   -2.68560685235614     -0.00000188972613     -0.04011097257298      c
   -1.33696789282578      2.27915900462458     -0.03957051089898      c
    2.30680959550885      4.02960665233816     -0.03324370780608      h
    2.30681526468725     -4.02960287288589     -0.03326260506740      h
   -2.35532051885039     -4.05256682485272     -0.04520000504884      h
   -2.35532807775492      4.05256304540045     -0.04517354888298      h
    5.28781477561329      0.00000000000000     -0.02747248419624      n
    6.37645765487672     -2.02834888308960     -0.02448293745402      o
    6.37646143432898      2.02834699336347     -0.02451506279828      o
   -5.26366761887152      0.00000000000000     -0.10786332361533      n
   -6.19479048660213     -1.60767316919566      0.28377485852069      h
   -6.19478481742373      1.60767316919566      0.28378430715135      h
$redundant
     number_of_atoms            16
     degrees_of_freedom         42
     internal_coordinates       42
     frozen_coordinates          0
# definitions of redundant internals
   1 k  1.0000000000000 stre    1    7           val=   2.03958
   2 k  0.7071067873508 bend    6    7    1      val=   0.67045
       -0.7071067750223 bend    2    7    1
   3 k  1.0000000000000 outp    7    2    6    1 val=  -0.05075
   4 k  1.0000000000000 stre    3    8           val=   2.03958
   5 k  0.7071067873479 bend    4    8    3      val=   0.67039
       -0.7071067750252 bend    2    8    3
   6 k  1.0000000000000 outp    8    2    4    3 val=   0.05074
   7 k  1.0000000000000 stre    4    9           val=   2.04501
   8 k  0.7071068001658 bend    3    9    4      val=   0.16866
       -0.7071067622073 bend    5    9    4
   9 k  1.0000000000000 outp    9    5    3    4 val=   0.09535
  10 k  1.0000000000000 stre    6   10           val=   2.04501
  11 k  0.7071068001521 bend    1   10    6      val=   0.16873
       -0.7071067622210 bend    5   10    6
  12 k  1.0000000000000 outp   10    5    1    6 val=  -0.09531
  13 k  1.0000000000000 tors   12   11    2    1 val=  89.99940
        1.0000000000000 tors   12   11    2    3
        1.0000000000000 tors   13   11    2    1
        1.0000000000000 tors   13   11    2    3
  14 k  1.0000000000000 stre   11   12           val=   2.30203
  15 k  1.0000000000000 stre   11   13           val=   2.30203
  16 k  0.8164965814636 bend   13   12   11      val=   2.66518
       -0.4082481331046 bend    2   12   11
       -0.4082484467512 bend    2   13   11
  17 k  0.0000001810841 bend   13   12   11      val=   0.00001
       -0.7071068717284 bend    2   12   11
        0.7071066906447 bend    2   13   11
  18 k  1.0000000000000 outp   13   12    2   11 val=  -0.00866
  19 k  1.0000000000000 tors   16   14    5    4 val=  90.00001
        1.0000000000000 tors   16   14    5    6
        1.0000000000000 tors   15   14    5    4
        1.0000000000000 tors   15   14    5    6
  20 k  1.0000000000000 stre   14   16           val=   1.89868
  21 k  1.0000000000000 stre   14   15           val=   1.89868
  22 k  0.8193592378977 bend   15   16   14      val=  -1.02170
       -0.4053707382331 bend    5   16   14
       -0.4053702059304 bend    5   15   14
  23 k  0.0000000001454 bend   15   16   14      val=   0.00013
       -0.7071063167791 bend    5   16   14
        0.7071072455937 bend    5   15   14
  24 k  1.0000000000000 outp   15   16    5   14 val= -25.09989
  25 k  1.0000000000000 stre    2   11           val=   2.73740
  26 k -0.7071067811859 bend    3   11    2      val=   0.00008
        0.7071067811872 bend    1   11    2
  27 k  1.0000000000000 outp   11    1    3    2 val=   0.06867
  28 k  1.0000000000000 stre    5   14           val=   2.57895
  29 k  0.7071067816439 bend    4   14    5      val=   0.00007
       -0.7071067807292 bend    6   14    5
  30 k  1.0000000000000 outp   14    6    4    5 val=   1.48273
  31 k  1.0000000000000 stre    1    6           val=   2.59629
  32 k  1.0000000000000 stre    6    5           val=   2.64828
  33 k  1.0000000000000 stre    5    4           val=   2.64828
  34 k  1.0000000000000 stre    4    3           val=   2.59629
  35 k  1.0000000000000 stre    3    2           val=   2.61980
  36 k  1.0000000000000 stre    2    1           val=   2.61980
  37 k -0.5000000000000 bend    1    5    6      val=   0.05257
       -0.5000000000000 bend    6    4    5
        1.0000000000000 bend    5    3    4
       -0.5000000000000 bend    4    2    3
       -0.5000000000000 bend    3    1    2
        1.0000000000000 bend    2    6    1
  38 k  0.8660254037844 bend    1    5    6      val=   0.10521
       -0.8660254037844 bend    6    4    5
        0.8660254037844 bend    4    2    3
       -0.8660254037844 bend    3    1    2
  39 k -1.0000000000000 bend    1    5    6      val=  -0.73107
        1.0000000000000 bend    6    4    5
       -1.0000000000000 bend    5    3    4
        1.0000000000000 bend    4    2    3
       -1.0000000000000 bend    3    1    2
        1.0000000000000 bend    2    6    1
  40 k -0.5000000000000 tors    6    5    4    3 val=  -0.02435
       -0.5000000000000 tors    5    4    3    2
        1.0000000000000 tors    4    3    2    1
       -0.5000000000000 tors    3    2    1    6
       -0.5000000000000 tors    2    1    6    5
        1.0000000000000 tors    1    6    5    4
  41 k  0.8660254037844 tors    6    5    4    3 val=   0.01628
       -0.8660254037844 tors    5    4    3    2
        0.8660254037844 tors    3    2    1    6
       -0.8660254037844 tors    2    1    6    5
  42 k -1.0000000000000 tors    6    5    4    3 val=  -0.02580
        1.0000000000000 tors    5    4    3    2
       -1.0000000000000 tors    4    3    2    1
        1.0000000000000 tors    3    2    1    6
       -1.0000000000000 tors    2    1    6    5
        1.0000000000000 tors    1    6    5    4
        42 non zero eigenvalues  of BmBt
           1          11.068159060    1    0
         1
           2           5.633760676    2    0
         2
           3           5.130218001    3    0
         3
           4           4.604919146    4    0
         4
           5           4.472396202    5    0
         5
           6           4.094696422    6    0
         6
           7           3.863268969    7    0
         7
           8           3.551627945    8    0
         8
           9           3.379899339    9    0
         9
          10           3.308272540   10    0
        10
          11           3.252915523   11    0
        11
          12           2.767685060   12    0
        12
          13           2.676154641   13    0
        13
          14           2.400129438   14    0
        14
          15           2.335623525   15    0
        15
          16           1.952405435   16    0
        16
          17           1.931149854   17    0
        17
          18           1.670454941   18    0
        18
          19           1.517317825   19    0
        19
          20           1.448212500   20    0
        20
          21           1.253917089   21    0
        21
          22           1.121270330   22    0
        22
          23           0.935731378   23    0
        23
          24           0.814471013   24    0
        24
          25           0.631712336   25    0
        25
          26           0.596569127   26    0
        26
          27           0.437999283   27    0
        27
          28           0.408502397   28    0
        28
          29           0.396515290   29    0
        29
          30           0.384127606   30    0
        30
          31           0.361370934   31    0
        31
          32           0.351920536   32    0
        32
          33           0.342190967   33    0
        33
          34           0.331165383   34    0
        34
          35           0.269408195   35    0
        35
          36           0.177876206   36    0
        36
          37           0.116960753   37    0
        37
          38           0.106755977   38    0
        38
          39           0.087890336   39    0
        39
          40           0.081037117   40    0
        40
          41           0.046287299   41    0
        41
          42           0.024512423   42    0
        42
$user-defined bonds
$end
