# Electronic excitation spectrum of , IRREP a   
# singlet excitations
# excitation energy / eV  oscillator strength (length rep.) (veloc. rep.) (mixed rep.) 
 0.37553449514194E+01   0.76283365711720E-09   0.23226823606043E-08   0.12002692068182E-08
 0.40928470649156E+01   0.48972905174651E+00   0.64641944357024E+00   0.56263648198456E+00
 0.44837688600105E+01   0.52980970525234E-03   0.12234382074494E-02   0.80506828520147E-03
 0.46561129738818E+01   0.12294817698866E-01   0.17134240591694E-01   0.14514211914789E-01
 0.54694479042139E+01   0.89661469512265E-02   0.18346034102794E-02   0.40557639720347E-02
 0.56865892233380E+01   0.30704856507410E-03   0.19976194899414E-02   0.77593399562895E-03
 0.58854013017233E+01   0.34263054271797E+00   0.44893357666222E+00   0.39219683091442E+00
 0.61963057041844E+01   0.94555168503413E-02   0.20502511623464E-01   0.13920274482945E-01
 0.64663387669989E+01   0.89515343135201E-02   0.12749455559844E-01   0.10641098770004E-01
 0.65687572673893E+01   0.11120882977434E-03   0.82717688785508E-04   0.95910823723243E-04
 0.68314503758910E+01   0.15793415404488E-03   0.36377743290158E-03   0.23697063594857E-03
 0.69394591426280E+01   0.63751054869839E+00   0.64134426796256E+00   0.63941487170858E+00
 0.69938294694521E+01   0.35847950973884E-02   0.53296344276008E-02   0.43139884770806E-02
 0.71650704790207E+01   0.27614504965307E-01   0.14291927202052E-01   0.19853338013881E-01
 0.73366810324314E+01   0.55671861940972E-03   0.56513895893456E-03   0.56091297555751E-03
# Electronic excitation spectrum of , IRREP a   
# singlet excitations
# excitation energy / eV  oscillator strength (length rep.) (veloc. rep.) (mixed rep.) 
 0.37491670758764E+01   0.76156683735941E-09   0.23302485084067E-08   0.12039981100568E-08
 0.41182261356902E+01   0.49061643068411E+00   0.64442294640673E+00   0.56227561999177E+00
 0.44779020547649E+01   0.52353276147821E-03   0.12015108072659E-02   0.79307741976476E-03
 0.46570273239743E+01   0.12986756272572E-01   0.17898746904274E-01   0.15246201057551E-01
 0.54810025353784E+01   0.61820363379320E-02   0.59130703778708E-03   0.19119037047849E-02
 0.56840819873047E+01   0.31862870048364E-03   0.20453151325723E-02   0.80149866029551E-03
 0.58912803472845E+01   0.34777517146199E+00   0.45176126844319E+00   0.39637274338049E+00
 0.62091669766798E+01   0.85713303372967E-02   0.19130694705665E-01   0.12801970715730E-01
 0.64661717575536E+01   0.89248997580517E-02   0.12731661802607E-01   0.10614786805504E-01
 0.65678425745368E+01   0.12866127752072E-03   0.98586479084619E-04   0.11262419135832E-03
 0.67923574173984E+01   0.13970572740500E-03   0.34247338689121E-03   0.21742917007165E-03
 0.69387206884836E+01   0.63562980438200E+00   0.63995160214147E+00   0.63777721225184E+00
 0.69904845352997E+01   0.38689013750726E-02   0.56046936356355E-02   0.45944364838691E-02
 0.71883736793040E+01   0.28944852422929E-01   0.15211012337097E-01   0.20970893422519E-01
 0.73378244810103E+01   0.53525525764945E-03   0.53609388646295E-03   0.53567440016175E-03
# Electronic excitation spectrum of , IRREP a   
# singlet excitations
# excitation energy / eV  oscillator strength (length rep.) (veloc. rep.) (mixed rep.) 
 0.37484921026541E+01   0.73158327530998E-09   0.22816134375261E-08   0.11650409046528E-08
 0.41204959728454E+01   0.49072693299536E+00   0.64428898462577E+00   0.56228048230377E+00
 0.44771239756701E+01   0.52296620169848E-03   0.11996687088043E-02   0.79203989728221E-03
 0.46571233032659E+01   0.13047266555984E-01   0.17967531369067E-01   0.15311014144366E-01
 0.54819955750541E+01   0.59468001803752E-02   0.50977171552116E-03   0.17410931071611E-02
 0.56838890451931E+01   0.31860343970416E-03   0.20461888031303E-02   0.80176873892457E-03
 0.58917938792872E+01   0.34822648380758E+00   0.45202116004174E+00   0.39674392024560E+00
 0.62102438134596E+01   0.84918288055831E-02   0.19008993976097E-01   0.12701830695845E-01
 0.64663995718875E+01   0.89312165028328E-02   0.12740915676077E-01   0.10622140697562E-01
 0.65678625148720E+01   0.13014669362249E-03   0.99960593165785E-04   0.11405913255559E-03
 0.67887769284954E+01   0.13864039600368E-03   0.34109769110123E-03   0.21623267429831E-03
 0.69386754168423E+01   0.63547463139681E+00   0.63984655613121E+00   0.63764701864986E+00
 0.69903909878878E+01   0.38743532931870E-02   0.56083284057773E-02   0.45990660187063E-02
 0.71903538257289E+01   0.29008543490714E-01   0.15254309200120E-01   0.21023887064679E-01
 0.73379578655727E+01   0.53177027875820E-03   0.53236875128289E-03   0.53206942048840E-03
# Electronic excitation spectrum of , IRREP a   
# singlet excitations
# excitation energy / eV  oscillator strength (length rep.) (veloc. rep.) (mixed rep.) 
 0.37484334554986E+01   0.73113100711793E-09   0.22837481778489E-08   0.11652986988085E-08
 0.41207446242632E+01   0.49072994692854E+00   0.64426689947024E+00   0.56227257148343E+00
 0.44770576482627E+01   0.52291306230524E-03   0.11994967913395E-02   0.79194286959809E-03
 0.46571377418750E+01   0.13052804664110E-01   0.17973153103295E-01   0.15316658893280E-01
 0.54821112824925E+01   0.59258037537836E-02   0.50273887873204E-03   0.17259856585684E-02
 0.56838500449029E+01   0.31865904456377E-03   0.20464412937703E-02   0.80190279876248E-03
 0.58918654795916E+01   0.34827163819349E+00   0.45204359751180E+00   0.39677948954512E+00
 0.62103599969536E+01   0.84844086169164E-02   0.18997025799044E-01   0.12692279313529E-01
 0.64664385628490E+01   0.89321790805888E-02   0.12742236951435E-01   0.10623240480246E-01
 0.65678541675578E+01   0.13031744268882E-03   0.10011437919052E-03   0.11422169229177E-03
 0.67884576044194E+01   0.13853380542862E-03   0.34095155560588E-03   0.21610919465258E-03
 0.69386704505726E+01   0.63546000290540E+00   0.63983570939672E+00   0.63763427435516E+00
 0.69903870516729E+01   0.38746752985607E-02   0.56084514411613E-02   0.45992954774282E-02
 0.71905627000899E+01   0.29017025718050E-01   0.15259951500107E-01   0.21030858488145E-01
 0.73379554386835E+01   0.53095812097059E-03   0.53104677963665E-03   0.53100243920150E-03
