$coord
    2.61980292706468      0.00000000000000      0.00000000000000      c
    0.00000000000000      0.00000000000000      0.00000000000000      c
   -1.34720465739550      2.24684657747837      0.00000000000000      c
   -0.06734983937604      4.50578740220721      0.00024566439728      c
    2.58047772623933      4.55601632281931      0.00156847269030      c
    3.89895854641497      2.25931876995542      0.00024566439728      c
    3.62632775722356     -1.77388592093975      0.00160626721295      h
   -3.38618136025646      2.19784597885265      0.00158736995162      h
   -1.10855114407338      6.26582163059291     -0.00398732214039      h
    5.94392568111717      2.27145081172854     -0.00394952761773      h
   -1.34909438352839     -2.38186750967305      0.00328812347122      n
   -3.65049735446317     -2.32950319853079      0.00481880163886      o
   -0.12067791084608     -4.32872006355583      0.00476210985487      o
    3.85103509168499      6.79931021516786     -0.06266331856649      n
    2.91080185426774      8.40134444158299      0.33024853898310      h
    5.70852249674361      6.81673349011307      0.33021074446044      h
   11.14636062221268      7.45610342991359      2.20886308220737      c
   11.35967290809281      4.74608497726495      3.19373165088338      c
   14.11253145217397      3.93669637728870      3.54962377348973      c
   15.68017266297058      4.34516068091193      1.15473605076110      c
   15.46686037709046      7.05517913356058      0.16986748208509      c
   12.71400183300929      7.86458663079816     -0.18604353778259      c
   11.82446994773736      8.73960541936952      3.66476478676646      h
    9.17426132719455      7.84512245162943      1.77747640059224      h
   10.40065579291467      4.62912982690066      5.00843565629346      h
   10.47350473533742      3.48189598888711      1.83602011618903      h
   14.93352297060614      5.05050096001150      5.07021080357750      h
   14.15285820784975      1.93751730678632      4.02814022485904      h
   15.00206333744590      3.06163979419467     -0.30116565379798      h
   17.65227195798871      3.95614165919609      1.58612273237624      h
   16.35302854984585      8.31936812193841      1.52757901677944      h
   16.42587749226859      7.17213428392487     -1.64483652332499      h
   11.89301031457713      6.75076315081403     -1.70661167060902      h
   12.67369397459484      9.86372790677788     -0.66454109189057      h
  -10.59603457779372      1.67306903175030      0.20477072375949      c
  -10.70896461149497      4.28510518440883     -1.02967397528673      c
   -8.47734922664765      5.94944368142520     -0.24874465087174      c
   -8.20677823894109      6.12040720466736      2.62486739310082      c
   -8.09386710250117      3.50835215474751      3.85927429762438      c
  -10.32546359008716      1.84399476046981      3.07836387047071      c
   -8.97347792557545      0.65977898203569     -0.54873867446733      h
  -12.33297635283556      0.66387968774406     -0.23268197874221      h
  -10.66962051340829      4.04909728767274     -3.07161754817631      h
  -12.45201020194603      5.20995605110439     -0.45219256633821      h
   -6.75278515777622      5.14234165006974     -1.02417487224003      h
   -8.77683302418737      7.84204219803283     -0.99414712398848      h
   -9.82933489115936      7.13367835712064      3.37837679132764      h
   -6.46985536116058      7.12957765141228      3.06232009560251      h
   -6.35082151205011      2.58350128805195      3.28183068319851      h
   -8.13319230332652      3.74437894874493      5.90125566503662      h
  -12.05002765895859      2.65111568908660      3.85381298910034      h
  -10.02597979254744     -0.04858485887649      3.82378524084878      h
   -6.96806275883455    -10.39765112836339     -2.11876094019138      c
   -4.75300137491131    -10.87236923020559     -3.91534247198709      c
   -2.56794884197830    -12.23777195026078     -2.60343789875389      c
   -1.73386152144524    -10.87941790868125     -0.19118359286404      c
   -3.94892290536847    -10.40466201231639      1.60539793893167      c
   -6.13397543830148     -9.03929708678386      0.29351226295980      c
   -7.79391087342823    -12.20789538009986     -1.60127833596198      h
   -8.35780515148131     -9.22951691932013     -3.08346613102950      h
   -5.41151424043797    -12.03576022665531     -5.47727670986239      h
   -4.07251099445919     -9.06176593050387     -4.61221677801133      h
   -3.18180747898487    -14.13671994667491     -2.10944459035626      h
   -0.97215071180169    -12.31823648899905     -3.89729558741804      h
   -0.90801340685155     -9.06917365694478     -0.70866619709345      h
   -0.34411912879848    -12.04755211772451      0.77354049523541      h
   -4.62943218308192    -12.21528420927944      2.30227224495591      h
   -3.29039114258048     -9.24130881038933      3.16733217680697      h
   -5.52011680129491     -7.14034909036973     -0.20051883996050      h
   -7.72977356847809     -8.95881365078426      1.58733215710128      h
   -3.70180341897102      8.85111815847111     10.25809485344978      c
   -1.41555605162198     10.57224292578069     10.67082993813333      c
   -0.12791556193503     11.27839578711740      8.18020868951272      c
    0.54197345491160      8.94639815009120      6.60757860172528      c
   -1.74427391243744      7.22529228004294      6.19486241430306      c
   -3.03191440212438      6.51912052144491      8.68548366292368      c
   -5.15547524669330      9.91577096447755      9.26797284612435      h
   -4.39620218376117      8.23026753477285     12.09080794890627      h
   -2.04914342945588     12.29608889872163     11.59473594176245      h
   -0.05614376340803      9.58590037072103     11.85663308651908      h
   -1.40931995538346     12.46011712705611      7.09004458071232      h
    1.60265783603899     12.30478163893290      8.60322388435917      h
    1.99562638537255      7.88174534408476      7.59770060905072      h
    1.23639111696309      9.56724877378945      4.77486550626880      h
   -3.10368620065138      8.21161593784127      5.00904036865599      h
   -1.11068653460354      5.50144630710200      5.27091861615128      h
   -1.75051000867596      5.33739918150620      9.77564777172408      h
   -4.76250669735973      5.49273466962940      8.26244957081590      h
    3.67882434919513     -1.40244135225975      6.49039668422504      c
    4.75662964908645      1.05679154529364      7.56262729202436      c
    7.42256079105487      0.69921756642902      8.62321718684510      c
    7.54543078421510     -1.46304486934139     10.53877587596729      c
    6.46762548432377     -3.92229666415611      9.46654526816797      c
    3.80167544509402     -3.56472268529149      8.40595537334723      c
    4.77263562943199     -1.93116782697983      4.83180295465264      h
    1.71258320518894     -1.08972947178983      5.97788405972513      h
    4.83091478337019      2.45362041093872      6.05598644079729      h
    3.52849663532407      1.70689512952896      9.07788529441738      h
    8.69678422519834      0.27191269326092      7.06740566164035      h
    7.99648951487357      2.43821914295570      9.55787573217033      h
    6.45161950397823     -0.93433729188265     12.19736960553969      h
    9.51165303095995     -1.77577564707264     11.05128850046720      h
    7.69575849808615     -4.57240024839143      7.95126836851362      h
    6.39335924730137     -5.31912552980119     10.97316722213371      h
    2.52747090821189     -3.13739891486206      9.96174800129065      h
    3.22776561853665     -5.30372426181818      7.47129682802199      h
    6.67417255064817     11.51056753980373    -10.24106842099248      c
    8.01017113207567      9.24884881765955    -11.44911364596229      c
    7.13056030900138      6.73897125974482    -10.31480553469768      c
    7.35358578720455      6.71555755295837     -7.43219839433259      c
    6.01756830851573      8.97723848057989     -6.22413427210146      c
    6.89721692611267     11.48713493575595     -7.35846128062739      c
    4.68243900110936     11.44393579635818    -10.74645677797142      h
    7.53292079721540     13.23772053347722    -10.95241802919463      h
    7.59683133502959      9.24042063910688    -13.46301368303985      h
   10.03355759434031      9.43753797202818    -11.13723324499084      h
    5.16087986343335      6.44235984592709    -10.82382216585176      h
    8.29909136053255      5.22847536720667    -11.07645965255724      h
    9.34533823400469      6.78215150188126     -6.92681003735365      h
    6.49485643789865      4.98838566202355     -6.72082988886912      h
    3.99420074351241      8.78858712073392     -6.53603357033423      h
    6.43092700282313      8.98568555639389     -4.21023423502390      h
    8.86687847441937     11.78374634957368     -6.84942575221199      h
    5.72868587458150     12.99763082829410     -6.59680716276783      h
$user-defined bonds
$end
