$coord
    2.62528313285005      0.00000000000000      0.00000000000000      c
    0.00000000000000      0.00000000000000      0.00000000000000      c
   -1.34389763666295      2.25523696150838      0.00000000000000      c
   -0.06438296934741      4.50958575173431      0.00026456165860      c
    2.58983187059712      4.55815171334947      0.00175744530358      c
    3.90687649891177      2.25319605728487      0.00026456165860      c
    3.63639999751184     -1.77107022900175      0.00183303434890      h
   -3.38296882583055      2.21721567171473      0.00181413708757      h
   -1.10210717796024      6.27111286376499     -0.00145508912232      h
    5.95135230481941      2.26343837292511     -0.00145508912232      h
   -1.34389763666295     -2.36523791970366      0.00332591799388      n
   -3.65178236823353     -2.32379622560948      0.00479990437753      o
   -0.12687621256194     -4.32660357028700      0.00468652080956      o
    3.85549484535860      6.78559080344311     -0.04663844095962      n
    2.92219690284904      8.41213477780177      0.25044540439133      h
    5.73051890893040      6.81652562023845      0.25042650713001      h
    0.04920846850034     11.20966644766435     -0.50682454883993      cl
   -1.14371894740638     11.26565903298175     -3.69787278861461      c
   -0.34846549890411      9.68794558189686     -4.75647847099582      h
   -3.19700087709327     11.10661968163809     -3.66669230742200      h
   -0.38994498752095     13.75242524029128     -4.96493416071444      c
   -1.18519843602322     15.33013869137618     -3.90634737559456      h
    1.66333694216594     13.91142679711228     -4.99611464190705      h
   -1.58283460890501     13.80839892834735     -8.15602019501178      cl
    6.47276553940522     13.52276682336169      2.13372757116384      cl
    8.16932386698729     13.86335216429167     -0.80133836665016      c
    6.93739250369781     14.72136341766707     -2.21145200700942      h
    9.81714615760225     15.06351723128734     -0.50718359680518      h
    9.02601231206967     11.26191737523864     -1.72666166487894      c
   10.25794367535915     10.40388722460191     -0.31656692178100      h
    7.37817112419339     10.06175230824296     -2.02083533198525      h
   10.72257063965174     11.60248381890729     -4.66176539721559      cl
    4.42874326776946    -11.16760114394631     -0.63574166562539      cl
    6.66884352295344     -9.46114065142792      1.28238705103753      c
    7.15208428965495    -10.58567887858551      2.93890208186375      h
    8.37105213167284     -9.08924254847602      0.18402153082040      h
    5.50174866328326     -6.95487247042701      2.12734029683468      c
    5.01848899932042     -5.83033424326942      0.47084416326979      h
    3.79952115730253     -7.32677057337890      3.22574361157446      h
    7.74183002120590     -5.24841197790861      4.04550680802026      cl
   -7.47577547895693     -8.38596207086130      3.08210552821383      cl
   -6.38241773299196     -7.66489927033613     -0.06332472271300      c
   -4.46956135223980     -6.90710019378766      0.03106709762464      h
   -6.38610269895108     -9.38099736613224     -1.20226266300318      h
   -8.13527100207269     -5.70659497608807     -1.26757159815570      c
  -10.04810848556353     -6.46437515537521     -1.36196341849334      h
   -8.13158603611357     -3.99047798303063     -0.12865255512685      h
   -7.04189435884639     -4.98551327830156     -4.41300184908253      cl
  -12.39994824698503     -0.65070829659784      1.51871620121620      cl
  -10.34931193388417      1.40272481117968     -0.26664035735016      c
  -10.54419938996867      3.33466742587399      0.42031288647642      h
   -8.39650674268281      0.78756226314142     -0.04242435168328      h
  -11.07679980326116      1.29722140118068     -3.06258465726112      c
  -10.88191234717666     -0.63472121351363     -3.74950010656505      h
  -13.02962389172385      1.91238394921894     -3.28676286840534      h
   -9.02616349016030      3.35063561169688     -4.84792231856616      cl
$user-defined bonds
$end
