$point_charges nocheck
  8.36478   -3.18423  -2.99240  -0.200000
 11.07132   -2.19259  -1.17558  -0.006000
 10.56574   -0.56127  -0.02428   0.103000
 11.68030   -3.73416   0.04711   0.103000
 13.22455   -1.47656  -2.96685  -0.006000
 13.73011   -3.10790  -4.11813   0.103000
 12.61555    0.06501  -4.18954   0.103000
 15.93107   -0.48494  -1.15001  -0.200000
  1.70644   -7.95320  -8.46038  -0.200000
  0.48498  -10.66482  -6.79776  -0.006000
 -0.40414  -11.95014  -8.13926   0.103000
  2.02766  -11.63387  -5.83687   0.103000
 -1.47030   -9.80137  -4.85121  -0.006000
 -0.58119   -8.51603  -3.50973   0.103000
 -3.01296   -8.83230  -5.81212   0.103000
 -2.69174  -12.51299  -3.18861  -0.200000
 -0.66617   -0.25738   7.25252  -0.200000
  0.43707   -3.47849   7.38159  -0.006000
  1.90080   -3.76088   5.96031   0.103000
  1.21069   -3.86538   9.25083   0.103000
 -1.76833   -5.27398   6.86203  -0.006000
 -3.23207   -4.99162   8.28329   0.103000
 -2.54195   -4.88713   4.99279   0.103000
 -0.66509   -8.49511   6.99110  -0.200000
 -9.29163   -0.72788  11.79567  -0.200000
 -7.18863    1.20459   9.93762  -0.006000
 -7.67386    3.18988  10.19332   0.103000
 -5.24664    0.88802  10.54649   0.103000
 -7.44871    0.50193   7.14545  -0.006000
 -6.96351   -1.48338   6.88979   0.103000
 -9.39071    0.81848   6.53660   0.103000
 -5.34571    2.43436   5.28740  -0.200000
 -6.10863    8.88030   0.71080  -0.200000
 -5.69972   11.67677   2.61387  -0.006000
 -3.73196   11.82453   3.20405   0.103000
 -6.21300   13.33912   1.51146   0.103000
 -7.39524   11.50936   4.94940  -0.006000
 -9.36299   11.36160   4.35922   0.103000
 -6.88195    9.84697   6.05181   0.103000
 -6.98632   14.30581   6.85249  -0.200000
 -1.60510   -1.88005  -9.73872  -0.200000
  0.57028   -0.71694  -7.38832  -0.006000
 -0.45930    0.38239  -5.98342   0.103000
  1.50248   -2.30664  -6.46844   0.103000
  2.55440    0.95947  -8.65733  -0.006000
  3.58396   -0.13984 -10.06224   0.103000
  1.62218    2.54918  -9.57721   0.103000
  4.72976    2.12260  -6.30694  -0.200000
 -1.39842    5.23860  11.57263  -0.200000
  1.16914    7.06945  10.28238  -0.006000
  1.29305    8.87164  11.27182   0.103000
  2.93510    6.03528  10.51478   0.103000
  0.69532    7.54564   7.47056  -0.006000
  0.57143    5.74344   6.48112   0.103000
 -1.07061    8.57981   7.23814   0.103000
  3.26291    9.37646   6.18031  -0.200000
 10.67058    5.36191  -3.17255  -0.200000
 11.12971    5.29777  -6.54813  -0.006000
 10.05340    3.73984  -7.35840   0.103000
 10.48439    7.07581  -7.36320   0.103000
 13.93766    4.93415  -7.13198  -0.006000
 15.01397    6.49208  -6.32168   0.103000
 14.58298    3.15613  -6.31690   0.103000
 14.39678    4.87003 -10.50754  -0.200000
 18.21114    5.96889   1.81582  -0.200000
 15.54506    6.55053   3.85618  -0.006000
 15.60405    5.24917   5.45158   0.103000
 15.61925    8.48920   4.54780   0.103000
 13.09387    6.14936   2.37682  -0.006000
 13.03488    7.45070   0.78142   0.103000
 13.01968    4.21069   1.68520   0.103000
 10.42779    6.73098   4.41722  -0.200000
  5.00696    0.62467  10.65634  -0.200000
  6.85232    0.58474   7.79238  -0.006000
  6.14486   -0.88915   6.53970   0.103000
  6.70498    2.41259   6.85458   0.103000
  9.62007    0.05376   8.43674  -0.006000
 10.32756    1.52765   9.68944   0.103000
  9.76743   -1.77409   9.37455   0.103000
 11.46544    0.01383   5.57280  -0.200000
  9.54603  -11.23064  -5.05555  -0.200000
  7.84635   -9.13167  -7.13271  -0.006000
  6.94011  -10.22588  -8.62392   0.103000
  6.41288   -8.11458  -6.05895   0.103000
  9.68895   -7.24077  -8.31041  -0.006000
 10.59520   -6.14656  -6.81921   0.103000
 11.12242   -8.25786  -9.38417   0.103000
  7.98929   -5.14177 -10.38758  -0.200000
 -6.05884   22.07366   6.19947  -0.200000
 -4.98863   19.96375   3.74753  -0.006000
 -6.23812   18.32906   3.65405   0.103000
 -5.00762   20.94741   1.93805   0.103000
 -2.29808   19.08627   4.33798  -0.006000
 -1.04857   20.72098   4.43146   0.103000
 -2.27909   18.10261   6.14747   0.103000
 -1.22787   16.97637   1.88604  -0.200000
 -1.19325   14.01391   8.42073  -0.200000
  1.12943   14.94732  10.73230  -0.006000
  2.20164   13.29521  11.33479   0.103000
  2.40876   16.33088   9.90084   0.103000
 -0.20076   16.11725  13.01691  -0.006000
 -1.27300   17.76936  12.41440   0.103000
 -1.48009   14.73370  13.84837   0.103000
  2.12192   17.05068  15.32848  -0.200000
  4.42064   17.94856   6.26522  -0.200000
  6.45869   19.71115   4.17975  -0.006000
  7.28947   21.29228   5.20548   0.103000
  7.95665   18.48173   3.48203   0.103000
  4.91873   20.71410   1.94808  -0.006000
  4.08795   19.13299   0.92234   0.103000
  3.42076   21.94356   2.64579   0.103000
  6.95680   22.47670  -0.13738  -0.200000
 10.02723   -9.64873   8.83659  -0.200000
  6.89788   -9.68475  10.18387  -0.006000
  5.52123  -10.11119   8.71243   0.103000
  6.79956  -11.12338  11.65453   0.103000
  6.31197   -7.09577  11.32913  -0.006000
  7.68862   -6.66932  12.80059   0.103000
  6.41031   -5.65712   9.85849   0.103000
  3.18264   -7.13179  12.67643  -0.200000
-12.09863    6.13192   5.40299  -0.200000
-13.62253    6.19214   8.44982  -0.006000
-14.85612    4.55303   8.63357   0.103000
-12.19444    6.14698   9.93329   0.103000
-15.18986    8.60886   8.69573  -0.006000
-13.95627   10.24797   8.51197   0.103000
-16.61795    8.65402   7.21225   0.103000
-16.71376    8.66910  11.74257  -0.200000
 -9.36909   14.77942 -11.42844  -0.200000
 -8.99939   13.44177  -8.31672  -0.006000
-10.74037   12.48803  -7.76755   0.103000
 -7.44866   12.08629  -8.33131   0.103000
 -8.41818   15.54901  -6.42479  -0.006000
 -6.67718   16.50275  -6.97394   0.103000
 -9.96889   16.90447  -6.41018   0.103000
 -8.04848   14.21135  -3.31305  -0.200000
-14.66121   -5.09941  -4.94912  -0.200000
-14.69513   -4.33388  -8.26906  -0.006000
-14.71526   -6.07156  -9.37465   0.103000
-16.37620   -3.22506  -8.70132   0.103000
-12.33475   -2.80057  -8.92858  -0.006000
-12.31463   -1.06290  -7.82299   0.103000
-10.65369   -3.90939  -8.49632   0.103000
-12.36869   -2.03505 -12.24852  -0.200000
 13.05927   13.58322   5.27423  -0.200000
 12.54236   16.61638   6.73765  -0.006000
 14.20299   17.14050   7.83756   0.103000
 12.20752   18.03375   5.28127   0.103000
 10.24130   16.46545   8.48119  -0.006000
  8.58066   15.94131   7.38127   0.103000
 10.57614   15.04806   9.93758   0.103000
  9.72440   19.49861   9.94461  -0.200000
 -0.27892  -19.38649   3.05871  -0.200000
 -2.97949  -18.40051   4.88732  -0.006000
 -4.59538  -19.59009   4.42251   0.103000
 -2.55156  -18.57652   6.89434   0.103000
 -3.60444  -15.64533   4.27430  -0.006000
 -1.98858  -14.45574   4.73913   0.103000
 -4.03237  -15.46934   2.26729   0.103000
 -6.30503  -14.65936   6.10295  -0.200000
 -7.06724    1.06155 -15.16430  -0.200000
 -5.68723    2.92902 -12.67082  -0.006000
 -7.02502    3.09148 -11.11323   0.103000
 -3.96391    2.01904 -12.00422   0.103000
 -5.05672    5.56485 -13.67710  -0.006000
 -3.71892    5.40239 -15.23465   0.103000
 -6.78004    6.47481 -14.34368   0.103000
 -3.67671    7.43231 -11.18361  -0.200000
 -8.17539   -9.70193  -9.73496  -0.200000
 -7.49458   -8.33613 -12.78131  -0.006000
 -7.33883   -9.83395 -14.18650   0.103000
 -9.01354   -7.05062 -13.31289   0.103000
 -5.00184   -6.87802 -12.64828  -0.006000
 -5.15759   -5.38020 -11.24308   0.103000
 -3.48286   -8.16352 -12.11668   0.103000
 -4.32101   -5.51222 -15.69461  -0.200000
  2.54760    9.84457 -19.89003  -0.200000
  2.33812   11.11852 -16.73687  -0.006000
  3.69912   12.64952 -16.52259   0.103000
  0.43626   11.83944 -16.41206   0.103000
  2.91985    9.03760 -14.81621  -0.006000
  1.55885    7.50658 -15.03050   0.103000
  4.82171    8.31667 -15.14103   0.103000
  2.71040   10.31152 -11.66305  -0.200000
  1.76988   19.95813  -6.25140  -0.200000
  1.50679   19.57511  -9.62681  -0.006000
 -0.36510   18.85310 -10.09254   0.103000
  1.79025   21.39484 -10.54898   0.103000
  3.51434   17.70802 -10.54410  -0.006000
  5.38625   18.43005 -10.07838   0.103000
  3.23088   15.88829  -9.62196   0.103000
  3.25127   17.32497 -13.91951  -0.200000
 18.59254   -8.52830  -3.28809  -0.200000
 17.46587   -9.00226  -0.10768  -0.006000
 18.81835  -10.15272   0.93602   0.103000
 17.25201   -7.17807   0.82449   0.103000
 14.90986  -10.35092  -0.18177  -0.006000
 13.55739   -9.20043  -1.22547   0.103000
 15.12371  -12.17511  -1.11394   0.103000
 13.78317  -10.82488   2.99864  -0.200000
-11.83562  -11.89021  -0.41266  -0.200000
-11.30963  -15.10745   0.57824  -0.006000
-10.26813  -15.11749   2.35517   0.103000
-13.12175  -16.05113   0.83870   0.103000
 -9.78054  -16.50011  -1.44165  -0.006000
-10.82206  -16.49005  -3.21858   0.103000
 -7.96843  -15.55641  -1.70210   0.103000
 -9.25456  -19.71735  -0.45074  -0.200000
 20.29303   15.38617   0.84618  -0.200000
 21.04276   13.05309  -1.52096  -0.006000
 22.12866   13.93340  -3.03360   0.103000
 22.15230   11.54150  -0.66866   0.103000
 18.59608   11.95828  -2.60382  -0.006000
 17.51018   11.07795  -1.09117   0.103000
 17.48654   13.46985  -3.45608   0.103000
 19.34579    9.62517  -4.97094  -0.200000
-18.35722   10.92050  -2.74541  -0.200000
-17.65664    8.93154  -5.42174  -0.006000
-18.86432    7.26382  -5.37315   0.103000
-17.99879    9.97705  -7.16303   0.103000
-14.88498    8.11635  -5.31718  -0.006000
-13.67727    9.78409  -5.36575   0.103000
-14.54280    7.07084  -3.57589   0.103000
-14.18440    6.12742  -7.99348  -0.200000
 11.98638   10.11727 -14.88773  -0.200000
 12.35573   11.18563 -11.67348  -0.006000
 10.70258   12.28228 -11.11972   0.103000
 12.54969    9.55795 -10.42643   0.103000
 14.71887   12.83886 -11.47304  -0.006000
 16.37202   11.74223 -12.02682   0.103000
 14.52489   14.46655 -12.72011   0.103000
 15.08820   13.90721  -8.25880  -0.200000
-15.79696   -7.22051   2.51403  -0.200000
-16.29208   -9.43691   5.05407  -0.006000
-17.50164   -8.58238   6.48552   0.103000
-17.19407  -11.13578   4.31750   0.103000
-13.74696  -10.13318   6.23525  -0.006000
-12.53743  -10.98770   4.80382   0.103000
-12.84500   -8.43432   6.97184   0.103000
-14.24211  -12.34957   8.77528  -0.200000
 11.96561   -1.64578 -17.54635  -0.200000
  9.87074   -0.40089 -15.16492  -0.006000
  7.96072   -1.09547 -15.49897   0.103000
 10.50752   -1.01006 -13.30328   0.103000
  9.87994    2.48743 -15.28796  -0.006000
 11.78994    3.18203 -14.95389   0.103000
  9.24314    3.09660 -17.14960   0.103000
  7.78507    3.73232 -12.90655  -0.200000
  8.89422  -18.24948  -2.14431  -0.200000
  9.43053  -16.63458   0.80761  -0.006000
 11.09415  -17.42411   1.73031   0.103000
  9.73086  -14.62879   0.44875   0.103000
  7.12769  -16.97146   2.52254  -0.006000
  5.46405  -16.18195   1.59984   0.103000
  6.82737  -18.97729   2.88138   0.103000
  7.66399  -15.35656   5.47444  -0.200000
-10.64441   19.54782  -1.12484  -0.200000
-11.36060   17.47897   1.48597  -0.006000
 -9.63407   16.55453   2.12367   0.103000
-12.16347   18.57710   3.03254   0.103000
-13.26614   15.47818   0.63540  -0.006000
-14.99265   16.40263  -0.00231   0.103000
-12.46329   14.38006  -0.91115   0.103000
-13.98231   13.40935   3.24623  -0.200000
  0.08509  -25.16681  -5.03406  -0.200000
  0.16051  -21.93235  -3.96546  -0.006000
 -1.63250  -21.02058  -4.40811   0.103000
  0.46946  -21.88841  -1.92958   0.103000
  2.30894  -20.52789  -5.29564  -0.006000
  4.10195  -21.43968  -4.85301   0.103000
  2.00001  -20.57180  -7.33153   0.103000
  2.38436  -17.29343  -4.22705  -0.200000
  6.38639    8.94526  15.27862  -0.200000
  6.67992    5.58150  15.73473  -0.006000
  5.38069    4.97255  17.21240   0.103000
  6.22667    4.60774  13.97734   0.103000
  9.39046    4.94776  16.51503  -0.006000
 10.68967    5.55670  15.03738   0.103000
  9.84370    5.92151  18.27244   0.103000
  9.68398    1.58401  16.97114  -0.200000
-11.64587   14.82426  16.87533  -0.200000
 -9.40755   12.90662  15.16590  -0.006000
 -7.93621   14.11017  14.37294   0.103000
 -8.55770   11.53591  16.44693   0.103000
-10.76685   11.51293  13.02872  -0.006000
-12.23823   10.30940  13.82168   0.103000
-11.61673   12.88364  11.74769   0.103000
 -8.52852    9.59529  11.31929  -0.200000
 -6.45056   -8.67067  12.12535  -0.200000
 -9.51598   -7.95852  13.43123  -0.006000
-10.44202   -6.53044  12.27133   0.103000
-10.66374   -9.66850  13.46220   0.103000
 -9.20667   -6.95782  16.12577  -0.006000
 -8.28061   -8.38591  17.28567   0.103000
 -8.05893   -5.24786  16.09478   0.103000
-12.27209   -6.24566  17.43165  -0.200000
 15.36653   16.30357  13.46237  -0.200000
 15.73291   12.93429  13.81276  -0.006000
 17.69226   12.41461  13.44790   0.103000
 15.22169   12.38330  15.73040   0.103000
 14.01022   11.57661  11.92950  -0.006000
 12.05090   12.09627  12.29439   0.103000
 14.52145   12.12758  10.01188   0.103000
 14.37658    8.20731  12.27989  -0.200000
 -2.61840  -16.45509 -13.27801  -0.200000
 -4.35741  -18.28183 -10.98704  -0.006000
 -6.02798  -19.09164 -11.87901   0.103000
 -3.16204  -19.79579 -10.26501   0.103000
 -5.16676  -16.56955  -8.80289  -0.006000
 -3.49616  -15.75977  -7.91094   0.103000
 -6.36212  -15.05562  -9.52496   0.103000
 -6.90574  -18.39629  -6.51196  -0.200000
 20.99289   -8.90711  10.61642  -0.200000
 20.81184   -6.24904   8.49254  -0.006000
 20.92140   -4.49834   9.57199   0.103000
 22.37598   -6.33051   7.15503   0.103000
 18.30729   -6.33610   7.05125  -0.006000
 18.19770   -8.08680   5.97182   0.103000
 16.74312   -6.25462   8.38878   0.103000
 18.12622   -3.67805   4.92735  -0.200000
 -2.60006   -3.63742  14.44227  -0.200000
 -1.11976   -1.83415  16.92545  -0.006000
 -2.54357   -0.70969  17.90041   0.103000
 -0.22187   -3.11637  18.26407   0.103000
  0.87611   -0.08107  15.78479  -0.006000
  2.29993   -1.20551  14.80982   0.103000
 -0.02177    1.20115  14.44616   0.103000
  2.35643    1.72220  18.26796  -0.200000
 -4.16182  -11.71536  17.64082  -0.200000
 -1.87903  -11.93475  15.12098  -0.006000
 -1.74752  -10.12137  14.15324   0.103000
 -0.03916  -12.43170  15.90205   0.103000
 -2.70919  -13.96999  13.24320  -0.006000
 -2.84071  -15.78337  14.21093   0.103000
 -4.54906  -13.47303  12.46212   0.103000
 -0.42642  -14.18939  10.72336  -0.200000
  0.02168  -10.75702 -15.06996  -0.200000
  2.21011   -8.90203 -16.90819  -0.006000
  3.63969  -10.13814 -17.72709   0.103000
  1.19346   -7.93445 -18.41563   0.103000
  3.48862   -6.94964 -15.20203  -0.006000
  2.05903   -5.71355 -14.38314   0.103000
  4.50528   -7.91722 -13.69460   0.103000
  5.67706   -5.09466 -17.04025  -0.200000
 -1.08939   24.03049  -0.44760  -0.200000
 -2.59399   24.80655  -3.40453  -0.006000
 -3.78420   26.46879  -3.15429   0.103000
 -1.15536   25.19921  -4.82523   0.103000
 -4.22067   22.57952  -4.27165  -0.006000
 -3.03044   20.91728  -4.52185   0.103000
 -5.65930   22.18688  -2.85094   0.103000
 -5.72527   23.35560  -7.22854  -0.200000
 -0.85463    2.30206 -22.42534  -0.200000
 -0.24427    2.74934 -19.10317  -0.006000
  0.94076    4.41329 -18.84027   0.103000
 -2.02741    3.01130 -18.10615   0.103000
  1.11411    0.42419 -18.05142  -0.006000
 -0.07090   -1.23977 -18.31432   0.103000
  2.89725    0.16223 -19.04842   0.103000
  1.72447    0.87147 -14.72922  -0.200000
-19.75575    5.40825   4.18036  -0.200000
-18.92347    2.10498   4.11082  -0.006000
-18.05983    1.65206   2.29660   0.103000
-17.58929    1.70056   5.62692   0.103000
-21.30349    0.50378   4.47043  -0.006000
-22.16715    0.95671   6.28464   0.103000
-22.63769    0.90820   2.95434   0.103000
-20.47123   -2.79948   4.40091  -0.200000
-24.45313   -1.21916  -1.99496  -0.200000
-21.16975   -0.41291  -2.41756  -0.006000
-20.67421    1.13539  -1.15294   0.103000
-19.99901   -2.05217  -1.98831   0.103000
-20.72174    0.39956  -5.15559  -0.006000
-21.21728   -1.14873  -6.42021   0.103000
-21.89248    2.03883  -5.58484   0.103000
-17.43835    1.20583  -5.57819  -0.200000
 22.93383   -0.81923 -10.03838  -0.200000
 21.15074    0.34567  -7.37889  -0.006000
 19.22687    0.77452  -7.97638   0.103000
 21.10752   -1.08724  -5.89997   0.103000
 22.39921    2.74511  -6.35829  -0.006000
 24.32306    2.31626  -5.76079   0.103000
 22.44239    4.17801  -7.83720   0.103000
 20.61612    3.91001  -3.69878  -0.200000
 15.50014   -1.99502 -11.62178  -0.200000
 16.33869   -4.46433 -13.81467  -0.006000
 16.13822   -3.76817 -15.74274   0.103000
 18.29030   -5.03742 -13.49058   0.103000
 14.59139   -6.73415 -13.42416  -0.006000
 14.79185   -7.43029 -11.49609   0.103000
 12.63977   -6.16104 -13.74825   0.103000
 15.42992   -9.20344 -15.61707  -0.200000
  2.99680  -18.87360 -12.08100  -0.200000
  5.72311  -17.26820 -13.34549  -0.006000
  7.42914  -18.29984 -12.82839   0.103000
  5.57360  -17.17239 -15.39751   0.103000
  5.85233  -14.59042 -12.26370  -0.006000
  4.14629  -13.55879 -12.78080   0.103000
  6.00183  -14.68625 -10.21168   0.103000
  8.57862  -12.98503 -13.52819  -0.200000
-19.10133  -15.15443  -0.95503  -0.200000
-20.12640  -13.14756  -3.51060  -0.006000
-21.43068  -14.18665  -4.71944   0.103000
-21.07483  -11.48817  -2.74309   0.103000
-17.83299  -12.31444  -5.06101  -0.006000
-16.52870  -11.27533  -3.85217   0.103000
-16.88455  -13.97384  -5.82852   0.103000
-18.85805  -10.30757  -7.61658  -0.200000
 13.15418   28.29024   2.14834  -0.200000
 13.63545   25.34580   0.50282  -0.006000
 11.94781   24.88165  -0.58281   0.103000
 15.24393   25.52555  -0.77101   0.103000
 14.15533   23.24471   2.41925  -0.006000
 15.84295   23.70888   3.50489   0.103000
 12.54686   23.06496   3.69307   0.103000
 14.63659   20.30029   0.77375  -0.200000
 24.09338    2.70068   6.09166  -0.200000
 23.72831    0.86956   3.24160  -0.006000
 23.77156   -1.13705   3.70390   0.103000
 21.92800    1.33148   2.35407   0.103000
 25.88611    1.48406   1.41841  -0.006000
 25.84286    3.49066   0.95609   0.103000
 27.68642    1.02213   2.30594   0.103000
 25.52103   -0.34703  -1.43166  -0.200000
  9.36157   21.29693  -8.01425  -0.200000
 12.60483   22.01599  -8.77149  -0.006000
 13.10635   21.12608 -10.56000   0.103000
 12.83716   24.05633  -8.93034   0.103000
 14.32845   21.01086  -6.67948  -0.006000
 13.82694   21.90079  -4.89095   0.103000
 14.09611   18.97051  -6.52063   0.103000
 17.57171   21.72994  -7.43671  -0.200000
-11.64396    5.07870  15.67806  -0.200000
 -9.55481    4.45618  18.29669  -0.006000
-10.22767    5.45815  19.96566   0.103000
 -9.51653    2.43266  18.67907   0.103000
 -6.88937    5.36223  17.63938  -0.006000
 -6.21650    4.36024  15.97043   0.103000
 -6.92764    7.38571  17.25700   0.103000
 -4.80021    4.73970  20.25803  -0.200000
 26.58813   10.35475   4.18625  -0.200000
 23.49162   11.51569   5.00649  -0.006000
 23.60557   13.52424   5.44791   0.103000
 22.20920   11.23263   3.41980   0.103000
 22.50297   10.07812   7.31160  -0.006000
 22.38902    8.06957   6.87017   0.103000
 23.78538   10.36118   8.89829   0.103000
 19.40645   11.23905   8.13183  -0.200000
 -3.76961   15.98374 -13.97243  -0.200000
 -5.24425   13.51848 -15.80469  -0.006000
 -3.79536   12.42826 -16.78154   0.103000
 -6.31135   12.27772 -14.55408   0.103000
 -7.03282   14.69876 -17.74517  -0.006000
 -8.48171   15.78900 -16.76831   0.103000
 -5.96573   15.93952 -18.99579   0.103000
 -8.50747   12.23350 -19.57745  -0.200000
 -8.99377  -19.55596   8.16999  -0.200000
-11.82710  -17.84635   7.35837  -0.006000
-12.73600  -17.16727   9.07736   0.103000
-11.34274  -16.24401   6.15830   0.103000
-13.63704  -19.59871   5.94028  -0.006000
-12.72814  -20.27778   4.22125   0.103000
-14.12139  -21.20103   7.14033   0.103000
-16.47036  -17.88909   5.12864  -0.200000
 14.96962  -12.04944  -9.30887  -0.200000
 14.74822  -15.05906  -7.72694  -0.006000
 16.58747  -15.56329  -6.94903   0.103000
 13.36841  -14.93432  -6.20287   0.103000
 13.91492  -17.08197  -9.61672  -0.006000
 12.07567  -16.57772 -10.39463   0.103000
 15.29471  -17.20671 -11.14079   0.103000
 13.69352  -20.09159  -8.03479  -0.200000
-18.34164   23.03457  -7.94295  -0.200000
-16.39651   20.85326  -6.19148  -0.006000
-14.41810   21.39537  -6.37690   0.103000
-16.93667   20.89398  -4.20434   0.103000
-16.76457   18.18230  -7.23459  -0.006000
-18.74297   17.64023  -7.04917   0.103000
-16.22443   18.14158  -9.22175   0.103000
-14.81946   16.00101  -5.48312  -0.200000
 20.70354    3.37184  19.14155  -0.200000
 21.22935    2.18800  15.99011  -0.006000
 23.19595    2.49459  15.46023   0.103000
 20.80898    0.17246  15.93427   0.103000
 19.50426    3.58285  14.13646  -0.006000
 17.53766    3.27626  14.66635   0.103000
 19.92461    5.59839  14.19230   0.103000
 20.03008    2.39903  10.98505  -0.200000
  5.95311   24.11667  14.16136  -0.200000
  3.19364   23.30565  12.33481  -0.006000
  3.57154   23.63329  10.33682   0.103000
  2.73328   21.32000  12.63034   0.103000
  0.96591   24.94561  13.17470  -0.006000
  0.58801   24.61799  15.17269   0.103000
  1.42631   26.93128  12.87916   0.103000
 -1.79356   24.13462  11.34815  -0.200000
-17.72548    6.00007 -14.86253  -0.200000
-17.84625    2.75029 -13.84583  -0.006000
-17.99486    1.52062 -15.49145   0.103000
-16.13195    2.29356 -12.79949   0.103000
-20.14781    2.35898 -12.14075  -0.006000
-19.99918    3.58865 -10.49512   0.103000
-21.86211    2.81571 -13.18708   0.103000
-20.26856   -0.89080 -11.12406  -0.200000
 14.80396  -15.72003  10.94480  -0.200000
 16.21185  -14.27112   8.20117  -0.006000
 15.34391  -15.03755   6.49779   0.103000
 15.91091  -12.23471   8.26893   0.103000
 19.04918  -14.82433   8.16830  -0.006000
 19.91713  -14.05790   9.87168   0.103000
 19.35012  -16.86076   8.10052   0.103000
 20.45706  -13.37542   5.42465  -0.200000
-15.93239   -0.80436  18.06665  -0.200000
-17.25877   -0.70715  14.92971  -0.006000
-15.88449   -1.43606  13.57978   0.103000
-18.96229   -1.86325  14.86791   0.103000
-17.92279    2.02276  14.24838  -0.006000
-19.29709    2.75167  15.59829   0.103000
-16.21925    3.17886  14.31016   0.103000
-19.24917    2.11997  11.11144  -0.200000
-22.33467  -11.63467  15.29771  -0.200000
-20.41454   -8.83330  15.02440  -0.006000
-21.63126   -7.18149  14.84155   0.103000
-19.23996   -8.63873  16.70510   0.103000
-18.72469   -9.04746  12.68855  -0.006000
-17.50795  -10.69925  12.87140   0.103000
-19.89925   -9.24203  11.00782   0.103000
-16.80456   -6.24609  12.41522  -0.200000
  0.74661   29.99970  -0.09577  -0.200000
  3.59059   28.77008  -1.51318  -0.006000
  5.03648   28.54040  -0.06444   0.103000
  3.19205   26.94536  -2.38145   0.103000
  4.53479   30.61118  -3.53220  -0.006000
  3.08891   30.84084  -4.98094   0.103000
  4.93334   32.43588  -2.66391   0.103000
  7.37879   29.38154  -4.94961  -0.200000
-12.24722    8.96883 -15.04655  -0.200000
-14.38431   11.45620 -15.97134  -0.006000
-13.31989   12.98552 -16.84908   0.103000
-15.75907   10.71667 -17.31494   0.103000
-15.76330   12.45934 -13.63691  -0.006000
-16.82773   10.93002 -12.75917   0.103000
-14.38854   13.19887 -12.29333   0.103000
-17.90039   14.94671 -14.56170  -0.200000
 10.24071   -6.03049  17.73990  -0.200000
 11.27666   -9.05133  16.55238  -0.006000
  9.64915  -10.12073  15.88167   0.103000
 12.59688   -8.76251  14.99809   0.103000
 12.58807  -10.52046  18.66885  -0.006000
 14.21556   -9.45105  19.33955   0.103000
 11.26783  -10.80929  20.22313   0.103000
 13.62402  -13.54129  17.48135  -0.200000
-12.19779   22.27426  11.45259  -0.200000
 -9.04756   22.15711  12.74556  -0.006000
 -7.67335   22.38791  11.22883   0.103000
 -8.81291   23.67162  14.12160   0.103000
 -8.63195   19.60638  14.04121  -0.006000
-10.00616   19.37561  15.55795   0.103000
 -8.86660   18.09190  12.66517   0.103000
 -5.48172   19.48924  15.33416  -0.200000
 15.86801    8.17656 -19.96923  -0.200000
 17.58005    5.24195 -19.71215  -0.006000
 16.78394    3.86517 -21.02095   0.103000
 19.56235    5.56044 -20.17171   0.103000
 17.36792    4.23610 -17.01014  -0.006000
 18.16401    5.61290 -15.70134   0.103000
 15.38560    3.91763 -16.55056   0.103000
 19.07994    1.30147 -16.75305  -0.200000
  8.21317  -16.39778  14.37040  -0.200000
  6.04255  -19.02344  14.42691  -0.006000
  5.73201  -19.69962  12.50634   0.103000
  6.83221  -20.54317  15.57104   0.103000
  3.52625  -18.16917  15.56537  -0.006000
  3.83681  -17.49302  17.48594   0.103000
  2.73661  -16.64945  14.42122   0.103000
  1.35565  -20.79485  15.62186  -0.200000
-14.06623   16.47161   9.81435  -0.200000
-17.26707   16.40233  10.98018  -0.006000
-18.28820   14.84951  10.09231   0.103000
-17.24889   16.13410  13.02222   0.103000
-18.57671   18.90119  10.34918  -0.006000
-17.55557   20.45404  11.23705   0.103000
-18.59489   19.16946   8.30714   0.103000
-21.77754   18.83193  11.51499  -0.200000
  4.07975   27.09865   6.31666  -0.200000
  1.35490   29.10728   6.70420  -0.006000
  1.13457   29.58990   8.69438   0.103000
  1.60891   30.82962   5.60364   0.103000
 -1.00635   27.71629   5.78381  -0.006000
 -0.78603   27.23367   3.79363   0.103000
 -1.26037   25.99394   6.88437   0.103000
 -3.73121   29.72490   6.17134  -0.200000
  6.43898   16.92745  19.76895  -0.200000
  7.91540   13.89941  20.27901  -0.006000
  7.43481   13.20866  22.15895   0.103000
  7.24585   12.56139  18.86349   0.103000
 10.78463   14.17718  20.05992  -0.006000
 11.26521   14.86793  18.17998   0.103000
 11.45418   15.51518  21.47541   0.103000
 12.26105   11.14912  20.56999  -0.200000
-18.76576  -21.38202 -12.75057  -0.200000
-15.68199  -20.02505 -12.24231  -0.006000
-14.36441  -21.50489 -11.67983   0.103000
-15.02336  -19.14440 -13.98380   0.103000
-15.83866  -18.03128 -10.15480  -0.006000
-17.15624  -16.55147 -10.71730   0.103000
-16.49727  -18.91194  -8.41333   0.103000
-12.75490  -16.67432  -9.64656  -0.200000
 21.83630   15.03835  -8.04583  -0.200000
 23.67581   16.25310 -10.64386  -0.006000
 22.63342   15.99859 -12.40199   0.103000
 24.04355   18.25782 -10.34721   0.103000
 26.18556   14.82649 -10.79767  -0.006000
 27.22793   15.08096  -9.03956   0.103000
 25.81780   12.82175 -11.09434   0.103000
 28.02505   16.04124 -13.39572  -0.200000
-10.65216  -26.30136  -3.76112  -0.200000
 -8.39819  -26.40669  -1.20818  -0.006000
 -9.18411  -25.45712   0.44191   0.103000
 -7.98285  -28.36872  -0.73886   0.103000
 -5.96339  -25.07417  -2.01683  -0.006000
 -5.17745  -26.02374  -3.66692   0.103000
 -6.37873  -23.11216  -2.48612   0.103000
 -3.70940  -25.17952   0.53610  -0.200000
 25.60736   18.10960  -3.70337  -0.200000
 22.86300   20.11561  -3.47222  -0.006000
 22.79006   21.37078  -5.10358   0.103000
 21.16389   18.95246  -3.42381   0.103000
 23.02114   21.68990  -1.05267  -0.006000
 23.09408   20.43470   0.57871   0.103000
 24.72024   22.85303  -1.10107   0.103000
 20.27674   23.69588  -0.82152  -0.200000
 15.49558   -0.78414  23.49931  -0.200000
 15.16520   -1.23709  20.13857  -0.006000
 13.39069   -2.20661  19.74711   0.103000
 15.17065    0.59362  19.19478   0.103000
 17.36944   -2.83121  19.15982  -0.006000
 19.14395   -1.86168  19.55128   0.103000
 17.36401   -4.66192  20.10361   0.103000
 17.03906   -3.28414  15.79906  -0.200000
-12.83400    2.39937 -18.89826  -0.200000
-12.58062   -0.76439 -20.13745  -0.006000
-12.79745   -0.71965 -22.18520   0.103000
-10.73519   -1.54394 -19.65890   0.103000
-14.65263   -2.41917 -18.98595  -0.006000
-14.43579   -2.46392 -16.93818   0.103000
-16.49805   -1.63960 -19.46450   0.103000
-14.39922   -5.58291 -20.22512  -0.200000
 -9.02271   27.09395   0.36018  -0.200000
-11.08273   25.69778   2.68738  -0.006000
-10.36692   23.83907   3.21180   0.103000
-11.15131   26.90343   4.35589   0.103000
-13.74124   25.42927   1.58378  -0.006000
-14.45703   27.28800   1.05936   0.103000
-13.67266   24.22361  -0.08472   0.103000
-15.80127   24.03308   3.91100  -0.200000
  2.89230   27.74434 -10.19747  -0.200000
  6.18054   27.64730 -11.08485  -0.006000
  6.74492   29.48171 -11.83220   0.103000
  7.32501   27.19684  -9.43272   0.103000
  6.57292   25.62108 -13.10922  -0.006000
  6.00854   23.78664 -12.36187   0.103000
  5.42845   26.07151 -14.76135   0.103000
  9.86116   25.52402 -13.99660  -0.200000
-24.74487    9.84088   7.34831  -0.200000
-22.71073   11.66278   5.31062  -0.006000
-20.74515   11.18045   5.69271   0.103000
-23.15196   11.24028   3.34366   0.103000
-23.12422   14.48074   5.80611  -0.006000
-25.08984   14.96308   5.42401   0.103000
-22.68301   14.90325   7.77307   0.103000
-21.09010   16.30265   3.76840  -0.200000
-11.48848  -10.99465 -16.80082  -0.200000
-14.35052  -12.66313 -16.00439  -0.006000
-14.65978  -14.18275 -17.35987   0.103000
-14.17952  -13.45568 -14.11098   0.103000
-16.58679  -10.83278 -16.08350  -0.006000
-16.27752   -9.31314 -14.72800   0.103000
-16.75777  -10.04021 -17.97689   0.103000
-19.44882  -12.50124 -15.28707  -0.200000
 25.45881  -14.24619  -6.15265  -0.200000
 22.33615  -14.07077  -4.80087  -0.006000
 21.81061  -12.09655  -4.53937   0.103000
 20.98792  -14.97888  -6.06572   0.103000
 22.31595  -15.41913  -2.24373  -0.006000
 22.84146  -17.39336  -2.50525   0.103000
 23.66417  -14.51104  -0.97888   0.103000
 19.19327  -15.24370  -0.89195  -0.200000
  8.06545   33.48820   9.84712  -0.200000
  8.72088   30.19578  10.43017  -0.006000
 10.06317   30.02701  11.98319   0.103000
  6.97317   29.22427  10.92400   0.103000
  9.84691   29.00127   8.05052  -0.006000
  8.50460   29.17004   6.49748   0.103000
 11.59460   29.97278   7.55669   0.103000
 10.50232   25.70885   8.63355  -0.200000
  9.86093   18.21367 -19.62619  -0.200000
  9.89663   14.89099 -20.37983  -0.006000
 11.84422   14.22554 -20.45999   0.103000
  8.87285   13.84650 -18.92959   0.103000
  8.62951   14.47082 -22.94409  -0.006000
  6.68194   15.13625 -22.86395   0.103000
  9.65331   15.51531 -24.39432   0.103000
  8.66521   11.14812 -23.69775  -0.200000
 -4.39095  -15.70559 -21.01222  -0.200000
 -6.71046  -15.76636 -18.51716  -0.006000
 -5.93846  -14.85521 -16.83907   0.103000
 -8.40227  -14.76245 -19.12722   0.103000
 -7.38839  -18.50773 -17.89828  -0.006000
 -8.16037  -19.41888 -19.57637   0.103000
 -5.69658  -19.51163 -17.28822   0.103000
 -9.70790  -18.56851 -15.40321  -0.200000
  5.80133  -24.33276   2.18248  -0.200000
  2.82355  -25.98500   2.29163  -0.006000
  1.42491  -24.81768   3.25254   0.103000
  2.18681  -26.38099   0.37332   0.103000
  3.15331  -28.47150   3.72903  -0.006000
  4.55193  -29.63886   2.76811   0.103000
  3.79003  -28.07551   5.64735   0.103000
  0.17554  -30.12375   3.83817  -0.200000
 16.07817  -21.40013   7.31891  -0.200000
 13.13709  -23.08690   6.98076  -0.006000
 12.47523  -22.93098   5.03657   0.103000
 13.42512  -25.07128   7.45142   0.103000
 11.16450  -21.95129   8.76315  -0.006000
 11.82636  -22.10723  10.70732   0.103000
 10.87649  -19.96692   8.29248   0.103000
  8.22343  -23.63806   8.42500  -0.200000
-11.97022   24.31369 -12.67643  -0.200000
 -9.64955   23.26629 -14.94057  -0.006000
-10.04274   21.31660 -15.47555   0.103000
 -9.72980   24.46691 -16.61219   0.103000
 -7.01376   23.42886 -13.76429  -0.006000
 -6.62054   25.37855 -13.22931   0.103000
 -6.93348   22.22824 -12.09268   0.103000
 -4.69308   22.38146 -16.02843  -0.200000
-29.26659   11.50718  -5.40598  -0.200000
-27.54729    9.04362  -3.79844  -0.006000
-28.80355    8.07289  -2.48627   0.103000
-26.82315    7.69772  -5.17923   0.103000
-25.33989   10.20505  -2.33695  -0.006000
-24.08363   11.17576  -3.64912   0.103000
-26.06403   11.55091  -0.95616   0.103000
-23.62059    7.74145  -0.72942  -0.200000
  6.21563    3.32647 -21.03987  -0.200000
  7.01572    5.12386 -23.82174  -0.006000
  6.18564    7.00404 -23.68721   0.103000
  9.06371    5.28600 -23.96948   0.103000
  5.98472    3.78185 -26.16558  -0.006000
  6.81484    1.90167 -26.30013   0.103000
  3.93675    3.61969 -26.01786   0.103000
  6.78482    5.57923 -28.94745  -0.200000
 -3.36704   -4.07329  27.21170  -0.200000
 -1.14852   -5.97545  25.45975  -0.006000
  0.73028   -5.76833  26.27787   0.103000
 -1.72086   -7.95214  25.54496   0.103000
 -1.09940   -5.10542  22.70330  -0.006000
 -2.97821   -5.31253  21.88515   0.103000
 -0.52706   -3.12873  22.61809   0.103000
  1.11911   -7.00758  20.95136  -0.200000
  9.54393    2.86959  23.73230  -0.200000
  6.70513    4.74336  23.53386  -0.006000
  6.46564    5.42561  21.60528   0.103000
  5.08227    3.58986  24.06105   0.103000
  6.91001    6.99650  25.33354  -0.006000
  7.14950    6.31426  27.26213   0.103000
  8.53287    8.15003  24.80634   0.103000
  4.07121    8.87028  25.13510  -0.200000
 -0.22340   17.64681  25.97737  -0.200000
 -1.67175   15.44173  23.82119  -0.006000
 -0.23520   14.17138  23.06966   0.103000
 -3.10393   14.34678  24.81726   0.103000
 -2.90789   16.89105  21.64659  -0.006000
 -4.34444   18.16140  22.39809   0.103000
 -1.47571   17.98600  20.65049   0.103000
 -4.35623   14.68599  19.49039  -0.200000
 31.62406   -4.44074  -8.82804  -0.200000
 29.42451   -6.38591  -7.09964  -0.006000
 29.22046   -8.20228  -8.04904   0.103000
 30.12804   -6.68555  -5.18715   0.103000
 26.85509   -5.06596  -6.98437  -0.006000
 27.05914   -3.24961  -6.03497   0.103000
 26.15156   -4.76632  -8.89687   0.103000
 24.65554   -7.01115  -5.25597  -0.200000
 19.49927   11.74786 -15.73465  -0.200000
 21.60412   13.65206 -17.61952  -0.006000
 21.01536   15.62361 -17.52725   0.103000
 23.52458   13.47403 -16.89685   0.103000
 21.52128   12.75021 -20.36499  -0.006000
 22.11004   10.77866 -20.45729   0.103000
 19.60083   12.92826 -21.08768   0.103000
 23.62613   14.65441 -22.24988  -0.200000
 28.18175   12.43402  -4.65226  -0.200000
 30.39288   10.32868  -3.13969  -0.006000
 31.99514   10.00017  -4.39153   0.103000
 31.05583   11.17518  -1.38288   0.103000
 29.08920    7.81334  -2.56436  -0.006000
 27.48692    8.14185  -1.31249   0.103000
 28.42624    6.96683  -4.32114   0.103000
 31.30033    5.70799  -1.05178  -0.200000
  9.92322  -26.84594  -4.38027  -0.200000
 12.00074  -24.22327  -3.73605  -0.006000
 13.82713  -24.55848  -4.62722   0.103000
 11.17620  -22.49254  -4.48906   0.103000
 12.35796  -23.95593  -0.87974  -0.006000
 10.53158  -23.62071   0.01143   0.103000
 13.18248  -25.68667  -0.12673   0.103000
 14.43549  -21.33327  -0.23555  -0.200000
-14.22578  -13.29677  15.69453  -0.200000
-13.00787  -13.75250  18.84380  -0.006000
-11.01041  -13.25214  18.88704   0.103000
-14.04456  -12.55589  20.16120   0.103000
-13.32298  -16.52291  19.60731  -0.006000
-15.32044  -17.02330  19.56407   0.103000
-12.28630  -17.71953  18.28988   0.103000
-12.10506  -16.97864  22.75657  -0.200000
 -1.43271  -10.51593 -27.10332  -0.200000
 -4.17225  -10.62438 -25.08022  -0.006000
 -5.78814   -9.81454 -26.06781   0.103000
 -4.58140  -12.58057 -24.58203   0.103000
 -3.65460   -9.10650 -22.67490  -0.006000
 -2.03871   -9.91632 -21.68733   0.103000
 -3.24543   -7.15031 -23.17311   0.103000
 -6.39413   -9.21495 -20.65183  -0.200000
 24.13303    6.24813 -18.06941  -0.200000
 24.27244    5.77444 -14.69814  -0.006000
 22.59891    6.59282 -13.81955   0.103000
 24.34544    3.75683 -14.29030   0.103000
 26.63860    7.05631 -13.64197  -0.006000
 28.31212    6.23791 -14.52056   0.103000
 26.56558    9.07390 -14.04981   0.103000
 26.77802    6.58260 -10.27072  -0.200000
 -7.16684   -1.85673  21.75179  -0.200000
 -9.21542   -1.96692  24.47216  -0.006000
 -8.11312   -2.45184  26.14311   0.103000
-10.09862   -0.12593  24.74218   0.103000
-11.26282   -3.96514  24.05633  -0.006000
-12.36510   -3.48023  22.38536   0.103000
-10.37962   -5.80613  23.78630   0.103000
-13.31140   -4.07535  26.77670  -0.200000
 20.80048   25.20819   8.39208  -0.200000
 22.22093   22.12616   8.69646  -0.006000
 21.19252   20.77726   7.52810   0.103000
 24.18470   22.21090   8.08124   0.103000
 22.11344   21.28425  11.46004  -0.006000
 23.14185   22.63316  12.62840   0.103000
 20.14966   21.19951  12.07526   0.103000
 23.53389   18.20224  11.76441  -0.200000
-17.89746  -24.17583   4.41553  -0.200000
-18.64054  -23.74118   1.11883  -0.006000
-18.75791  -25.57733   0.19313   0.103000
-20.44686  -22.76706   0.94433   0.103000
-16.56972  -22.16137  -0.13557  -0.006000
-16.45233  -20.32521   0.79013   0.103000
-14.76339  -23.13548   0.03893   0.103000
-17.31278  -21.72671  -3.43227  -0.200000
  1.67091  -24.51455   9.55156  -0.200000
  0.98432  -27.63755  10.72837  -0.006000
 -0.44923  -27.51657  12.20234   0.103000
  0.28835  -28.81454   9.18811   0.103000
  3.39212  -28.80653  11.82092  -0.006000
  4.82566  -28.92751  10.34693   0.103000
  4.08806  -27.62953  13.36116   0.103000
  2.70552  -31.92953  12.99771  -0.200000
-25.63102   -9.51967   5.24288  -0.200000
-28.26743   -8.08062   3.63428  -0.006000
-28.98207   -9.37049   2.19632   0.103000
-29.76045   -7.67076   4.99269   0.103000
-27.40583   -5.62254   2.38003  -0.006000
-26.69121   -4.33265   3.81800   0.103000
-25.91281   -6.03240   1.02164   0.103000
-30.04226   -4.18351   0.77144  -0.200000
 11.36508   20.73869  18.40000  -0.200000
 14.19402   22.08279  17.05841  -0.006000
 14.66204   21.09624  15.31200   0.103000
 13.88302   24.07900  16.65769   0.103000
 16.37586   21.80612  18.93475  -0.006000
 15.90781   22.79267  20.68118   0.103000
 16.68683   19.80990  19.33549   0.103000
 19.20478   23.15022  17.59316  -0.200000
 17.27452   19.84074 -14.19421  -0.200000
 17.38304   23.23772 -14.43558  -0.006000
 15.54876   24.02188 -13.92295   0.103000
 18.82453   23.97144 -13.16041   0.103000
 18.02685   23.99072 -17.15148  -0.006000
 19.86115   23.20656 -17.66410   0.103000
 16.58537   23.25701 -18.42664   0.103000
 18.13536   27.38769 -17.39285  -0.200000
-24.53184    9.72986 -17.39935  -0.200000
-24.47226    7.92158 -14.51217  -0.006000
-26.38434    7.32006 -14.03864   0.103000
-23.27341    6.26567 -14.76322   0.103000
-23.41985    9.55650 -12.37276  -0.006000
-21.50777   10.15803 -12.84626   0.103000
-24.61867   11.21244 -12.12170   0.103000
-23.36027    7.74824  -9.48556  -0.200000
 -5.46456  -25.68270  11.46327  -0.200000
 -6.63929  -26.21252   8.30909  -0.006000
 -8.46563  -25.28556   8.09137   0.103000
 -5.30841  -25.43811   6.94115   0.103000
 -6.94102  -29.05195   7.85744  -0.006000
 -5.11468  -29.97894   8.07516   0.103000
 -8.27190  -29.82638   9.22538   0.103000
 -8.11573  -29.58177   4.70326  -0.200000
 23.94648   -8.24879 -11.42583  -0.200000
 23.87576  -11.38180 -12.76317  -0.006000
 24.14673  -11.26504 -14.80158   0.103000
 25.38110  -12.51692 -11.93392   0.103000
 21.32093  -12.61226 -12.20060  -0.006000
 21.04998  -12.72904 -10.16219   0.103000
 19.81561  -11.47714 -13.02985   0.103000
 21.25023  -15.74529 -13.53796  -0.200000
-22.44613   -5.67099 -15.21299  -0.200000
-23.84247   -7.33384 -12.58726  -0.006000
-22.41132   -8.49865 -11.67227   0.103000
-24.59080   -5.97452 -11.23280   0.103000
-25.98736   -9.01913 -13.54473  -0.006000
-27.41853   -7.85433 -14.45969   0.103000
-25.23903  -10.37845 -14.89917   0.103000
-27.38370  -10.68200 -10.91899  -0.200000
 17.79136    9.26153  19.62656  -0.200000
 18.07988    8.34191  22.89462  -0.006000
 20.01760    7.75665  23.27517   0.103000
 17.59435    9.93771  24.10287   0.103000
 16.28530    6.14167  23.43854  -0.006000
 14.34756    6.72695  23.05798   0.103000
 16.77081    4.54585  22.23027   0.103000
 16.57381    5.22203  26.70659  -0.200000
 -6.65331   11.14579  26.13699  -0.200000
 -9.24414    9.61513  24.53894  -0.006000
 -8.58714    7.85502  23.69486   0.103000
-10.74330    9.21054  25.89210   0.103000
-10.26157   11.35552  22.46692  -0.006000
-10.91859   13.11564  23.31102   0.103000
 -8.76241   11.76011  21.11376   0.103000
-12.85241    9.82486  20.86889  -0.200000
-23.83623  -20.52781   4.79437  -0.200000
-22.86552  -18.80500   7.56903  -0.006000
-24.07269  -19.32167   9.15586   0.103000
-20.90870  -19.26752   8.01533   0.103000
-23.09404  -15.96662   7.06990  -0.006000
-21.88688  -15.44997   5.48310   0.103000
-25.05087  -15.50413   6.62360   0.103000
-22.12335  -14.24381   9.84458  -0.200000
-20.38425   23.95179  -1.51830  -0.200000
-21.63196   20.98505  -0.39983  -0.006000
-20.08684   19.65289  -0.11679   0.103000
-22.61762   21.28300   1.38394   0.103000
-23.47730   19.91817  -2.35278  -0.006000
-25.02239   21.25037  -2.63581   0.103000
-22.49163   19.62021  -4.13653   0.103000
-24.72497   16.95141  -1.23429  -0.200000
 11.82810  -17.71076 -17.56621  -0.200000
 14.49061  -16.22243 -19.08446  -0.006000
 16.00761  -15.96639 -17.71503   0.103000
 15.15354  -17.41188 -20.62976   0.103000
 13.69003  -13.64751 -20.12683  -0.006000
 12.17303  -13.90357 -21.49626   0.103000
 13.02711  -12.45808 -18.58153   0.103000
 16.35254  -12.15920 -21.64507  -0.200000
 -0.02965  -19.92223  22.10768  -0.200000
 -2.85405  -18.49227  20.84793  -0.006000
 -4.04519  -17.84270  22.39762   0.103000
 -2.34154  -16.89137  19.65769   0.103000
 -4.29964  -20.43869  19.27332  -0.006000
 -3.10851  -21.08829  17.72363   0.103000
 -4.81213  -22.03959  20.46358   0.103000
 -7.12402  -19.00874  18.01359  -0.200000
 14.23020   -2.36494 -25.06062  -0.200000
 12.34154   -5.14557 -25.61754  -0.006000
 10.92419   -4.73688 -27.05500   0.103000
 13.55291   -6.68075 -26.26404   0.103000
 11.02689   -5.92488 -23.16356  -0.006000
 12.44422   -6.33359 -21.72609   0.103000
  9.81552   -4.38970 -22.51707   0.103000
  9.13821   -8.70551 -23.72048  -0.200000
  5.60120   -1.80898  25.65371  -0.200000
  8.65073   -3.09142  24.83839  -0.006000
  9.06390   -2.67861  22.86327   0.103000
 10.09577   -2.24131  26.03478   0.103000
  8.63068   -5.95434  25.23971  -0.006000
  8.21753   -6.36713  27.21482   0.103000
  7.18566   -6.80445  24.04333   0.103000
 11.68023   -7.23676  24.42437  -0.200000
-21.42889   13.49206  14.87664  -0.200000
-20.02805   11.20842  16.98185  -0.006000
-18.13880   10.72871  16.31637   0.103000
-19.90711   12.00496  18.87738   0.103000
-21.66167    8.82406  17.04204  -0.006000
-23.55092    9.30375  17.70755   0.103000
-21.78263    8.02750  15.14650   0.103000
-20.26083    6.54042  19.14729  -0.200000
 -5.49281   30.92085  -4.66143  -0.200000
 -4.46185   33.23875  -2.38686  -0.006000
 -2.40562   33.21878  -2.26932   0.103000
 -5.09833   35.10762  -2.97365   0.103000
 -5.58030   32.61042   0.20386  -0.006000
 -7.63653   32.63035   0.08630   0.103000
 -4.94383   30.74154   0.79066   0.103000
 -4.54935   34.92830   2.47845  -0.200000
-24.44591   -3.02779  11.43279  -0.200000
-25.97204   -6.00147  12.09404  -0.006000
-25.19269   -7.46132  10.86778   0.103000
-25.65203   -6.51510  14.06279   0.103000
-28.81196   -5.75512  11.61278  -0.006000
-29.59130   -4.29527  12.83906   0.103000
-29.13194   -5.24148   9.64403   0.103000
-30.33808   -8.72880  12.27404  -0.200000
  0.24621   -0.87619 -28.69834  -0.200000
  1.54721   -3.80406 -27.53892  -0.006000
  0.36271   -5.37313 -28.15308   0.103000
  3.45283   -4.05053 -28.28053   0.103000
  1.63924   -3.74062 -24.65014  -0.006000
  2.82372   -2.17154 -24.03597   0.103000
 -0.26638   -3.49418 -23.90853   0.103000
  2.94022   -6.66848 -23.49069  -0.200000
 25.98530    9.35959  20.85553  -0.200000
 25.18723    9.10854  17.55261  -0.006000
 23.17296    8.72434  17.35974   0.103000
 25.64385   10.87622  16.59918   0.103000
 26.69722    6.95230  16.35758  -0.006000
 28.71150    7.33652  16.55043   0.103000
 26.24060    5.18461  17.31101   0.103000
 25.89917    6.70127  13.05464  -0.200000
 10.23886  -17.94212  23.76229  -0.200000
  7.10342  -16.64407  23.45717  -0.006000
  5.96660  -17.86948  22.25372   0.103000
  6.23183  -16.50853  25.31836   0.103000
  7.26152  -14.01098  22.27418  -0.006000
  8.39834  -12.78557  23.47762   0.103000
  8.13314  -14.14651  20.41299   0.103000
  4.12608  -12.71292  21.96903  -0.200000
 21.57376   27.17300  -7.96487  -0.200000
 18.56488   28.35347  -6.88692  -0.006000
 17.85013   29.74142  -8.23036   0.103000
 17.22909   26.79310  -6.73497   0.103000
 18.88961   29.59821  -4.29796  -0.006000
 19.60438   28.21029  -2.95451   0.103000
 20.22540   31.15860  -4.44991   0.103000
 15.88073   30.77871  -3.21998  -0.200000
-27.55861    1.39636   4.59122  -0.200000
-28.29572    4.63223   3.81995  -0.006000
-27.76815    5.85108   5.39420   0.103000
-27.24966    5.19272   2.13656   0.103000
-31.13192    4.88122   3.31823  -0.006000
-31.65949    3.66236   1.74395   0.103000
-32.17797    4.32073   5.00159   0.103000
-31.86902    8.11709   2.54694  -0.200000
 28.17268   -2.83665   8.68099  -0.200000
 29.21418   -0.25094  10.64022  -0.006000
 31.13027    0.28561  10.10839   0.103000
 27.95370    1.35747  10.38234   0.103000
 29.17777   -1.06764  13.41314  -0.006000
 27.26168   -1.60419  13.94497   0.103000
 30.43823   -2.67602  13.67098   0.103000
 30.21925    1.51805  15.37236  -0.200000
  3.82607  -33.69737  -8.84367  -0.200000
  5.14102  -30.56562  -8.57514  -0.006000
  4.74461  -29.81251  -6.69957   0.103000
  7.17839  -30.64866  -8.86567   0.103000
  3.95300  -28.84709 -10.57336  -0.006000
  4.34941  -29.60018 -12.44895   0.103000
  1.91563  -28.76403 -10.28283   0.103000
  5.26795  -25.71534 -10.30483  -0.200000
  0.93950  -17.42978 -28.31518  -0.200000
  1.18851  -16.46343 -25.05739  -0.006000
  1.29490  -14.40903 -24.95635   0.103000
 -0.46516  -17.11769 -24.01836   0.103000
  3.57311  -17.60928 -23.89196  -0.006000
  3.46670  -19.66372 -23.99302   0.103000
  5.22676  -16.95506 -24.93099   0.103000
  3.82208  -16.64295 -20.63417  -0.200000
 21.94159   14.37252  16.95528  -0.200000
 22.25290   17.19702  18.83535  -0.006000
 21.71380   18.83499  17.70898   0.103000
 21.02613   17.06338  20.48442   0.103000
 24.99735   17.48290  19.69779  -0.006000
 25.53646   15.84492  20.82416   0.103000
 26.22411   17.61652  18.04870   0.103000
 25.30865   20.30739  21.57786  -0.200000
 36.03935    3.88943 -10.77692  -0.200000
 33.46108    2.19272  -9.33370  -0.006000
 32.00332    1.82969 -10.74270   0.103000
 34.15117    0.40346  -8.58240   0.103000
 32.34969    3.77467  -7.18430  -0.006000
 33.80745    4.13771  -5.77531   0.103000
 31.65962    5.56394  -7.93558   0.103000
 29.77143    2.07796  -5.74106  -0.200000
 27.75707   -9.28124   4.88587  -0.200000
 28.47851  -11.50709   2.40912  -0.006000
 29.95420  -12.79324   3.04966   0.103000
 26.78653  -12.58289   1.93788   0.103000
 29.39499  -10.08003   0.06792  -0.006000
 27.91932   -8.79388  -0.57262   0.103000
 31.08698   -9.00420   0.53916   0.103000
 30.11645  -12.30586  -2.40883  -0.200000
-10.98027  -25.14341 -14.43539  -0.200000
 -7.65286  -25.66762 -13.92271  -0.006000
 -6.93760  -26.97958 -15.34027   0.103000
 -6.64439  -23.87794 -14.07196   0.103000
 -7.24810  -26.78377 -11.28679  -0.006000
 -7.96336  -25.47179  -9.86921   0.103000
 -8.25659  -28.57343 -11.13754   0.103000
 -3.92069  -27.30798 -10.77412  -0.200000
 26.92159   18.13946   5.91276  -0.200000
 30.07236   16.99244   6.51818  -0.006000
 30.07767   14.93371   6.45670   0.103000
 31.35761   17.72584   5.08552   0.103000
 30.93550   17.87974   9.13067  -0.006000
 30.93019   19.93848   9.19216   0.103000
 29.65024   17.14634  10.56330   0.103000
 34.08626   16.73271   9.73608  -0.200000
-15.43882   28.22875  -4.55124  -0.200000
-12.75270   28.57192  -6.61912  -0.006000
-11.01837   28.28332  -5.54625   0.103000
-12.86612   27.17672  -8.13004   0.103000
-12.74811   31.22820  -7.76008  -0.006000
-14.48245   31.51680  -8.83298   0.103000
-12.63469   32.62338  -6.24919   0.103000
-10.06202   31.57135  -9.82799  -0.200000
 21.08496   -4.02264 -25.09768  -0.200000
 21.25925   -6.41258 -22.67558  -0.006000
 19.89218   -7.89968 -23.07805   0.103000
 23.15583   -7.21492 -22.63724   0.103000
 20.66355   -5.22683 -20.10714  -0.006000
 22.03062   -3.73973 -19.70467   0.103000
 18.76696   -4.42449 -20.14548   0.103000
 20.83784   -7.61679 -17.68504  -0.200000
 -1.21997   23.22674 -24.00115  -0.200000
 -1.05450   19.92057 -23.19414  -0.006000
  0.34780   19.64472 -21.71104   0.103000
 -2.89565   19.28345 -22.52593   0.103000
 -0.29765   18.39510 -25.53033  -0.006000
 -1.69996   18.67093 -27.01346   0.103000
  1.54351   19.03223 -26.19858   0.103000
 -0.13217   15.08893 -24.72332  -0.200000
 18.96017  -25.62287   1.08948  -0.200000
 21.36252  -23.21251   0.92228  -0.006000
 23.21884  -24.09871   0.81770   0.103000
 21.05856  -22.05465  -0.75377   0.103000
 21.22240  -21.54709   3.28113  -0.006000
 19.36610  -20.66089   3.38571   0.103000
 21.52636  -22.70495   4.95721   0.103000
 23.62477  -19.13675   3.11393  -0.200000
 -1.64928   23.11252  20.77550  -0.200000
  0.93128   24.33986  22.63119  -0.006000
  0.81207   26.39490  22.69928   0.103000
  0.82402   23.58170  24.54327   0.103000
  3.44085   23.56056  21.42606  -0.006000
  3.56007   21.50550  21.35801   0.103000
  3.54813   24.31870  19.51397   0.103000
  6.02142   24.78788  23.28177  -0.200000
  7.78388   32.77811   2.07893  -0.200000
  8.37693   36.06455   2.75484  -0.006000
  6.60913   37.11668   2.65376   0.103000
  9.17609   36.24398   4.64466   0.103000
 10.24099   37.12590   0.81670  -0.006000
 12.00877   36.07379   0.91778   0.103000
  9.44181   36.94649  -1.07312   0.103000
 10.83403   40.41234   1.49262  -0.200000
-29.49573  -18.43020   1.66137  -0.200000
-27.42497  -15.92519   0.63850  -0.006000
-27.35734  -14.45727   2.08174   0.103000
-25.53220  -16.67889   0.33592   0.103000
-28.41978  -14.80096  -1.83213  -0.006000
-28.48739  -16.26886  -3.27535   0.103000
-30.31255  -14.04726  -1.52956   0.103000
-26.34900  -12.29594  -2.85498  -0.200000
-23.33795   15.16260  -7.64572  -0.200000
-23.72925   17.16807 -10.37233  -0.006000
-22.56760   18.85514 -10.15673   0.103000
-23.15051   16.14709 -12.06494   0.103000
-26.50604   17.93567 -10.61344  -0.006000
-27.66769   16.24862 -10.82906   0.103000
-27.08478   18.95667  -8.92083   0.103000
-26.89736   19.94116 -13.34005  -0.200000
 -2.05612  -23.18335 -16.30870  -0.200000
  0.89943  -24.71386 -17.03781  -0.006000
  1.65999  -23.94052 -18.78877   0.103000
  2.23719  -24.39001 -15.50556   0.103000
  0.46238  -27.55449 -17.34986  -0.006000
 -0.29818  -28.32781 -15.59888   0.103000
 -0.87536  -27.87832 -18.88211   0.103000
  3.41795  -29.08502 -18.07899  -0.200000
 26.91577   -0.40089 -16.11146  -0.200000
 27.21631   -3.64643 -15.11889  -0.006000
 26.35280   -3.88031 -13.26369   0.103000
 26.26853   -4.87086 -16.47711   0.103000
 30.01545   -4.35455 -14.97404  -0.006000
 30.87894   -4.12068 -16.82924   0.103000
 30.96320   -3.13010 -13.61582   0.103000
 30.31599   -7.60008 -13.98148  -0.200000
-14.82951   11.49870 -24.29082  -0.200000
-12.69662    8.94381 -25.02045  -0.006000
-12.31593    8.92338 -27.04453   0.103000
-10.93167    9.20727 -23.99206   0.103000
-13.89886    6.43267 -24.24167  -0.006000
-14.27956    6.45309 -22.21757   0.103000
-15.66381    6.16918 -25.27006   0.103000
-11.76596    3.87777 -24.97128  -0.200000
-27.46774    2.67540  -8.28276  -0.200000
-29.23469    1.39052  -5.66814  -0.006000
-29.49016   -0.63497  -5.94085   0.103000
-28.20681    1.72341  -3.91461   0.103000
-31.82000    2.67657  -5.52752  -0.006000
-31.56451    4.70207  -5.25484   0.103000
-32.84788    2.34368  -7.28108   0.103000
-33.58693    1.39169  -2.91292  -0.200000
  0.07880    3.44939  25.60743  -0.200000
 -2.91175    2.64514  27.02830  -0.006000
 -4.16558    1.86246  25.59385   0.103000
 -2.61336    1.25096  28.51468   0.103000
 -4.10951    5.01953  28.16196  -0.006000
 -2.85570    5.80220  29.59640   0.103000
 -4.40790    6.41373  26.67558   0.103000
 -7.10008    4.21528  29.58281  -0.200000
 20.05198  -20.55310  -6.63738  -0.200000
 19.42839  -21.56255  -9.83138  -0.006000
 17.60386  -22.51522  -9.90702   0.103000
 19.39923  -19.92242 -11.07697   0.103000
 21.50231  -23.38530 -10.68818  -0.006000
 23.32685  -22.43264 -10.61253   0.103000
 21.53148  -25.02542  -9.44258   0.103000
 20.87873  -24.39476 -13.88215  -0.200000
 -8.01629   12.60941 -27.37346  -0.200000
 -6.01371   10.34895 -28.95108  -0.006000
 -7.10322    9.34838 -30.38425   0.103000
 -4.44040   11.33180 -29.84596   0.103000
 -4.99254    8.45422 -27.02112  -0.006000
 -3.90306    9.45481 -25.58795   0.103000
 -6.56589    7.47137 -26.12624   0.103000
 -2.98998    6.19377 -28.59876  -0.200000
 -5.35652   -3.33659 -25.93991  -0.200000
 -7.08103   -0.53974 -26.84175  -0.006000
 -9.05736   -0.74656 -26.29975   0.103000
 -6.27586    1.10033 -25.89095   0.103000
 -6.90071   -0.17765 -29.70426  -0.006000
 -4.92438    0.02916 -30.24626   0.103000
 -7.70589   -1.81771 -30.65508   0.103000
 -8.62522    2.61920 -30.60610  -0.200000
  8.85042  -23.24722 -24.30834  -0.200000
  7.54503  -22.44197 -21.26584  -0.006000
  7.88063  -20.44665 -20.88051   0.103000
  5.51851  -22.80975 -21.26855   0.103000
  8.81142  -24.04387 -19.21938  -0.006000
  8.47580  -26.03916 -19.60474   0.103000
 10.83796  -23.67606 -19.21670   0.103000
  7.50601  -23.23860 -16.17691  -0.200000
-19.15973   17.76371  21.35094  -0.200000
-16.27173   18.77341  19.85131  -0.006000
-14.65964   18.11144  20.94913   0.103000
-16.17536   17.99042  17.94868   0.103000
-16.21859   21.66031  19.70803  -0.006000
-17.83066   22.32230  18.61019   0.103000
-16.31495   22.44329  21.61064   0.103000
-13.33060   22.67002  18.20838  -0.200000
 29.48664   -0.11484  22.57140  -0.200000
 28.24655   -2.52414  20.50589  -0.006000
 29.47179   -2.71669  18.86155   0.103000
 28.16363   -4.31795  21.51466   0.103000
 25.58905   -1.78048  19.64436  -0.006000
 24.36380   -1.58794  21.28873   0.103000
 25.67197    0.01332  18.63561   0.103000
 24.34897   -4.18981  17.57886  -0.200000
 32.03931   -3.66820   1.93663  -0.200000
 33.58635   -0.70989   1.25557  -0.006000
 32.16862    0.73735   0.88441   0.103000
 34.73555   -0.14791   2.86983   0.103000
 35.27735   -1.01945  -1.06872  -0.006000
 36.69508   -2.46672  -0.69757   0.103000
 34.12815   -1.58144  -2.68296   0.103000
 36.82441    1.93886  -1.74975  -0.200000
-12.75505    4.38677  25.12614  -0.200000
-16.15825    4.54740  25.08534  -0.006000
-16.83481    5.24802  26.90016   0.103000
-16.76801    5.82160  23.58639   0.103000
-17.24175    1.91021  24.60701  -0.006000
-16.56517    1.20958  22.79219   0.103000
-16.63197    0.63599  26.10596   0.103000
-20.64496    2.07084  24.56621  -0.200000
-27.76609    3.55522  18.25383  -0.200000
-25.26386    1.39758  19.08604  -0.006000
-23.44785    2.35530  18.92173   0.103000
-25.52823    0.75381  21.02458   0.103000
-25.31829   -0.87574  17.30092  -0.006000
-27.13431   -1.83343  17.46521   0.103000
-25.05393   -0.23196  15.36236   0.103000
-22.81606   -3.03337  18.13313  -0.200000
-24.37718  -20.47770  15.28104  -0.200000
-22.10314  -22.27467  13.48975  -0.006000
-21.58379  -23.96800  14.54095   0.103000
-22.92570  -22.81457  11.68026   0.103000
-19.74613  -20.66414  13.03346  -0.006000
-20.26548  -18.97081  11.98226   0.103000
-18.92357  -20.12424  14.84295   0.103000
-17.47209  -22.46111  11.24217  -0.200000
-29.46724  -19.50388 -12.83479  -0.200000
-27.69670  -19.02595  -9.96322  -0.006000
-28.25694  -17.24205  -9.09945   0.103000
-28.07721  -20.57160  -8.65612   0.103000
-24.87174  -18.95473 -10.57351  -0.006000
-24.31152  -20.73865 -11.43728   0.103000
-24.49123  -17.40908 -11.88059   0.103000
-23.10118  -18.47680  -7.70192  -0.200000
 12.41941   27.14187 -22.38054  -0.200000
 10.26197   24.62302 -21.59944  -0.006000
 10.98186   22.84469 -22.34877   0.103000
 10.08137   24.48310 -19.55247   0.103000
  7.67240   25.17811 -22.75860  -0.006000
  6.95251   26.95643 -22.00926   0.103000
  7.85300   25.31800 -24.80555   0.103000
  5.51496   22.65923 -21.97750  -0.200000
 -2.09877   30.21615 -13.95083  -0.200000
 -1.84558   33.47090 -12.97514  -0.006000
  0.13183   33.93325 -12.63135   0.103000
 -2.58906   34.69235 -14.45750   0.103000
 -3.36367   33.86998 -10.54741  -0.006000
 -5.34110   33.40766 -10.89121   0.103000
 -2.62022   32.64855  -9.06504   0.103000
 -3.11051   37.12475  -9.57171  -0.200000
 18.23066  -19.01735  21.47972  -0.200000
 15.60528  -20.56162  19.95254  -0.006000
 15.50388  -22.52198  20.57623   0.103000
 13.85628  -19.59228  20.44618   0.103000
 15.97454  -20.48119  17.08641  -0.006000
 16.07594  -18.52083  16.46273   0.103000
 17.72353  -21.45051  16.59280   0.103000
 13.34916  -22.02544  15.55923  -0.200000
-11.60666   17.30974 -21.84074  -0.200000
-14.18837   19.53300 -21.80984  -0.006000
-14.21924   20.52501 -20.00509   0.103000
-13.94236   20.89279 -23.33714   0.103000
-16.68301   18.11798 -22.17335  -0.006000
-16.65212   17.12595 -23.97809   0.103000
-16.92902   16.75817 -20.64603   0.103000
-19.26470   20.34122 -22.14245  -0.200000
  6.65380   31.11997  16.63923  -0.200000
  8.77780   29.32152  18.60477  -0.006000
  8.36671   29.70083  20.58705   0.103000
  8.53104   27.31244  18.22418   0.103000
 11.50556   30.08327  18.02451  -0.006000
 11.91663   29.70396  16.04223   0.103000
 11.75232   32.09235  18.40512   0.103000
 13.62952   28.28482  19.99007  -0.200000
-21.96618    5.70871 -28.00601  -0.200000
-21.67433    5.66315 -24.61160  -0.006000
-20.20404    6.98335 -24.03066   0.103000
-23.46730    6.21353 -23.76040   0.103000
-20.97330    2.99724 -23.74040  -0.006000
-22.44358    1.67704 -24.32134   0.103000
-19.18034    2.44684 -24.59159   0.103000
-20.68147    2.95168 -20.34600  -0.200000
 24.70316  -15.66392  17.81641  -0.200000
 23.78107  -13.20800  19.99068  -0.006000
 23.12745  -14.05737  21.74952   0.103000
 25.39601  -11.98878  20.37506   0.103000
 21.64791  -11.64181  18.82700  -0.006000
 22.30153  -10.79241  17.06816   0.103000
 20.03299  -12.86100  18.44263   0.103000
 20.72582   -9.18588  21.00126  -0.200000
 11.37434  -28.30205   4.02011  -0.200000
 13.50754  -30.78158   4.97440  -0.006000
 13.10550  -32.48779   3.89293   0.103000
 15.44923  -30.18915   4.62637   0.103000
 13.15671  -31.32304   7.79244  -0.006000
 13.55877  -29.61681   8.87391   0.103000
 11.21503  -31.91547   8.14049   0.103000
 15.28991  -33.80257   8.74673  -0.200000
 13.12895   35.03497 -17.45529  -0.200000
 13.37261   32.51856 -15.17108  -0.006000
 12.02174   31.03501 -15.63644   0.103000
 15.28104   31.74451 -15.20256   0.103000
 12.79647   33.55226 -12.53344  -0.006000
 14.14734   35.03579 -12.06807   0.103000
 10.88802   34.32633 -12.50194   0.103000
 13.04013   31.03584 -10.24923  -0.200000
 20.45704    8.53765 -24.92012  -0.200000
 17.75405    9.80226 -26.56452  -0.006000
 18.10433    9.76329 -28.59382   0.103000
 16.09257    8.66436 -26.13217   0.103000
 17.30018   12.52900 -25.71815  -0.006000
 16.94992   12.56794 -23.68885   0.103000
 18.96166   13.66690 -26.15050   0.103000
 14.59721   13.79360 -27.36255  -0.200000
-15.89479   27.80239  11.29002  -0.200000
-17.41143   28.39072   8.29622  -0.006000
-17.83302   30.39927   8.12257   0.103000
-16.15744   27.81713   6.76630   0.103000
-19.86854   26.87489   8.14644  -0.006000
-19.44694   24.86636   8.32009   0.103000
-21.12253   27.44848   9.67636   0.103000
-21.38518   27.46322   5.15266  -0.200000
-15.63879   -2.88287 -26.68290  -0.200000
-14.54114   -5.59648 -28.42666  -0.006000
-15.90866   -7.12640 -28.24914   0.103000
-14.32477   -5.09538 -30.41267   0.103000
-11.99222   -6.45600 -27.36749  -0.006000
-10.62472   -4.92610 -27.54501   0.103000
-12.20861   -6.95708 -25.38148   0.103000
-10.89457   -9.16961 -29.11125  -0.200000
 -4.31538  -36.85593  -1.72264  -0.200000
 -2.30344  -34.19342  -1.03559  -0.006000
 -3.42396  -32.46523  -1.04426   0.103000
 -1.44133  -34.44398   0.81812   0.103000
 -0.23187  -34.00757  -3.04350  -0.006000
  0.88866  -35.73572  -3.03482   0.103000
 -1.09398  -33.75699  -4.89719   0.103000
  1.78007  -31.34504  -2.35643  -0.200000
-21.84843  -25.92035  -8.03404  -0.200000
-19.32997  -27.09482 -10.00559  -0.006000
-19.68333  -29.07072 -10.46725   0.103000
-19.24310  -25.98876 -11.74093   0.103000
-16.81690  -26.87055  -8.59430  -0.006000
-16.46356  -24.89467  -8.13263   0.103000
-16.90375  -27.97660  -6.85899   0.103000
-14.29842  -28.04501 -10.56586  -0.200000
-10.58173  -18.88356 -25.53256  -0.200000
-12.50022  -16.57384 -23.92206  -0.006000
-14.30341  -17.42165 -23.40063   0.103000
-11.52521  -15.93432 -22.22426   0.103000
-12.96628  -14.31980 -25.67125  -0.006000
-11.16307  -13.47199 -26.19268   0.103000
-13.94127  -14.95934 -27.36904   0.103000
-14.88477  -12.01008 -24.06073  -0.200000
-20.47989   -4.55360 -21.34655  -0.200000
-22.63686   -6.64201 -22.95739  -0.006000
-24.30449   -6.94353 -21.78675   0.103000
-23.19947   -5.79889 -24.75040   0.103000
-21.33644   -9.17626 -23.45129  -0.006000
-19.66880   -8.87474 -24.62196   0.103000
-20.77383  -10.01937 -21.65828   0.103000
-23.49342  -11.26468 -25.06213  -0.200000
 30.59451   21.57806  -8.16615  -0.200000
 27.95581   23.23628  -9.54346  -0.006000
 26.23133   22.14959  -9.24756   0.103000
 27.76499   25.08375  -8.65323   0.103000
 28.40502   23.57586 -12.37903  -0.006000
 30.12953   24.66253 -12.67494   0.103000
 28.59586   21.72835 -13.26926   0.103000
 25.76634   25.23406 -13.75636  -0.200000
-10.45289  -29.96303  18.71220  -0.200000
-10.22261  -28.80215  15.51715  -0.006000
 -8.43714  -27.80413  15.27575   0.103000
-10.30759  -30.38578  14.20295   0.103000
-12.41533  -26.99381  14.98853  -0.006000
-14.20080  -27.99183  15.22993   0.103000
-12.33035  -25.41018  16.30272   0.103000
-12.18505  -25.83295  11.79348  -0.200000
 29.97659  -16.48862   8.25177  -0.200000
 26.80818  -17.66261   8.69004  -0.006000
 25.45918  -16.28938   7.95741   0.103000
 26.59030  -19.44517   7.68143   0.103000
 26.31803  -18.08470  11.50771  -0.006000
 27.66705  -19.45791  12.24032   0.103000
 26.53591  -16.30214  12.51630   0.103000
 23.14962  -19.25871  11.94596  -0.200000
  0.00355  -18.39941  30.93162  -0.200000
 -0.92825  -16.76813  28.08917  -0.006000
  0.75090  -16.21840  27.03062   0.103000
 -2.09240  -18.01298  26.93281   0.103000
 -2.44289  -14.40638  28.78607  -0.006000
 -4.12204  -14.95609  29.84461   0.103000
 -1.27874  -13.16155  29.94245   0.103000
 -3.37469  -12.77510  25.94362  -0.200000
 36.18393   11.63408   0.40387  -0.200000
 36.47026    8.43181   1.53196  -0.006000
 35.75933    7.13287   0.10034   0.103000
 38.44990    8.01340   1.91694   0.103000
 34.93151    8.12425   3.96000  -0.006000
 35.64243    9.42318   5.39162   0.103000
 32.95185    8.54266   3.57500   0.103000
 35.21784    4.92198   5.08809  -0.200000
 -1.68025   30.41219  16.14684  -0.200000
 -2.10527   33.73817  15.54135  -0.006000
 -2.71204   34.00961  13.59189   0.103000
 -3.53579   34.49151  16.81739   0.103000
  0.39522   35.12345  15.97300  -0.006000
  1.00199   34.85201  17.92245   0.103000
  1.82574   34.37011  14.69695   0.103000
 -0.02982   38.44943  15.36752  -0.200000
-19.39925   20.80122 -14.57653  -0.200000
-20.72618   23.93138 -14.35177  -0.006000
-22.10942   24.20068 -15.85386   0.103000
-21.64534   24.15826 -12.52259   0.103000
-18.61934   25.89271 -14.62032  -0.006000
-17.23606   25.62340 -13.11825   0.103000
-17.70020   25.66583 -16.44952   0.103000
-19.94629   29.02287 -14.39556  -0.200000
-10.46731   31.73646   6.27746  -0.200000
 -9.95239   33.90634   8.85346  -0.006000
-11.63257   35.06742   9.11999   0.103000
 -9.56861   32.84716  10.57770   0.103000
 -7.69438   35.60594   8.24503  -0.006000
 -6.01420   34.44483   7.97846   0.103000
 -8.07816   36.66513   6.52076   0.103000
 -7.17949   37.77581  10.82103  -0.200000
 32.40455   22.90800   0.78121  -0.200000
 33.81708   20.88591  -1.56932  -0.006000
 33.95934   21.90302  -3.35470   0.103000
 35.69798   20.32081  -0.94881   0.103000
 32.17516   18.53392  -1.92949  -0.006000
 32.03290   17.51682  -0.14411   0.103000
 30.29424   19.09903  -2.55000   0.103000
 33.58769   16.51184  -4.28002  -0.200000
 26.38781  -10.44389  13.84888  -0.200000
 29.76228   -9.98352  13.95019  -0.006000
 30.51673  -10.00721  12.03378   0.103000
 30.18208   -8.16987  14.83142   0.103000
 30.97868  -12.10647  15.48993  -0.006000
 30.22422  -12.08278  17.40632   0.103000
 30.55886  -13.92014  14.60868   0.103000
 34.35314  -11.64612  15.59120  -0.200000
-14.26322   31.79623  15.80586  -0.200000
-11.43734   29.92313  15.46643  -0.006000
-11.88827   28.17164  14.48097   0.103000
-10.03864   30.97955  14.38477   0.103000
-10.36862   29.30871  18.08139  -0.006000
 -9.91772   31.06018  19.06683   0.103000
-11.76734   28.25229  19.16303   0.103000
 -7.54277   27.43561  17.74196  -0.200000
 12.69019  -28.92485 -15.32626  -0.200000
 14.86024  -29.29824 -12.72617  -0.006000
 14.89771  -31.27255 -12.14064   0.103000
 16.74687  -28.72112 -13.31754   0.103000
 14.00079  -27.65302 -10.50983  -0.006000
 13.96334  -25.67869 -11.09536   0.103000
 12.11416  -28.23015  -9.91845   0.103000
 16.17084  -28.02643  -7.90971  -0.200000
-30.52068   -4.62633 -16.30607  -0.200000
-29.21507   -1.80327 -17.69704  -0.006000
-27.36896   -2.22655 -18.50626   0.103000
-30.47410   -1.12119 -19.17755   0.103000
-28.93082    0.23075 -15.66248  -0.006000
-30.77695    0.65405 -14.85325   0.103000
-27.67179   -0.45130 -14.18198   0.103000
-27.62521    3.05384 -17.05346  -0.200000
 13.89024   35.80668   8.84103  -0.200000
 14.99823   34.52702   5.88404  -0.006000
 16.06246   32.79964   6.23867   0.103000
 13.38763   34.10498   4.67152   0.103000
 16.70646   36.45907   4.57763  -0.006000
 15.64223   38.18645   4.22301   0.103000
 18.31706   36.88110   5.79016   0.103000
 17.81445   35.17941   1.62065  -0.200000
-17.62228  -17.95085 -18.76991  -0.200000
-20.89036  -17.65014 -19.68569  -0.006000
-22.09024  -18.48294 -18.23346   0.103000
-21.36145  -15.65729 -19.90651   0.103000
-21.31889  -19.02416 -22.19291  -0.006000
-20.11901  -18.19137 -23.64512   0.103000
-20.84780  -21.01702 -21.97205   0.103000
-24.58696  -18.72346 -23.10865  -0.200000
-30.47225    0.79429  12.40634  -0.200000
-32.15481    3.36126  10.92685  -0.006000
-31.94127    3.23472   8.88219   0.103000
-34.15191    3.24693  11.41744   0.103000
-31.07866    5.87950  11.85308  -0.006000
-31.29218    6.00604  13.89775   0.103000
-29.08154    5.99383  11.36249   0.103000
-32.76122    8.44645  10.37359  -0.200000
  0.19797   35.47689   8.83929  -0.200000
  2.77705   37.31797   7.58706  -0.006000
  3.95956   37.98607   9.13543   0.103000
  3.90240   36.14974   6.31779   0.103000
  1.72592   39.58390   6.13163  -0.006000
  0.54341   38.91581   4.58327   0.103000
  0.60059   40.75210   7.40090   0.103000
  4.30502   41.42497   4.87941  -0.200000
 17.93286   16.87544  32.55206  -0.200000
 17.54909   16.60748  29.17713  -0.006000
 19.09340   17.58755  28.23007   0.103000
 17.56491   14.61928  28.63952   0.103000
 15.03209   17.79585  28.39608  -0.006000
 13.48781   16.81578  29.34310   0.103000
 15.01627   19.78409  28.93367   0.103000
 14.64833   17.52789  25.02113  -0.200000
 -4.63659   26.10589  26.11928  -0.200000
 -6.53426   23.27646  26.16755  -0.006000
 -5.30973   21.62557  26.03597   0.103000
 -7.60651   23.19820  27.92433   0.103000
 -8.35971   23.30216  23.92595  -0.006000
 -9.58422   24.95306  24.05756   0.103000
 -7.28745   23.38041  22.16917   0.103000
-10.25738   20.47274  23.97420  -0.200000
 -6.78009  -31.41108  -5.60744  -0.200000
 -9.70544  -33.14349  -5.83181  -0.006000
-11.04787  -32.07976  -6.97574   0.103000
 -9.35448  -34.97384  -6.70862   0.103000
-10.79723  -33.53793  -3.18415  -0.006000
 -9.45481  -34.60168  -2.04022   0.103000
-11.14819  -31.70760  -2.30734   0.103000
-13.72261  -35.27036  -3.40852  -0.200000
  4.31277   35.38745  -9.44621  -0.200000
  3.72794   38.52585  -8.25561  -0.006000
  2.10710   39.33996  -9.23152   0.103000
  3.33780   38.43263  -6.23538   0.103000
  6.05567   40.17862  -8.71124  -0.006000
  7.67652   39.36451  -7.73535   0.103000
  6.44582   40.27184 -10.73147   0.103000
  5.47083   43.31702  -7.52064  -0.200000
 14.33189   19.48224 -24.25741  -0.200000
 12.34225   20.26072 -26.91161  -0.006000
 12.35679   18.70464 -28.26089   0.103000
 10.41668   20.58327 -26.25557   0.103000
 13.33667   22.65436 -28.19201  -0.006000
 13.32215   24.21043 -26.84273   0.103000
 15.26224   22.33178 -28.84803   0.103000
 11.34701   23.43281 -30.84621  -0.200000
 32.51357    7.75795  11.21985  -0.200000
 33.17344   10.05310  13.65010  -0.006000
 31.61032   11.38828  13.77682   0.103000
 33.40497    9.09276  15.45741   0.103000
 35.60410   11.47568  12.99761  -0.006000
 37.16721   10.14048  12.87091   0.103000
 35.37257   12.43600  11.19032   0.103000
 36.26398   13.77081  15.42786  -0.200000
 22.97325    4.40951 -30.45885  -0.200000
 22.28420    2.81216 -27.52919  -0.006000
 20.61238    3.65040 -26.66630   0.103000
 21.93836    0.81587 -27.89990   0.103000
 24.53284    3.08209 -25.73240  -0.006000
 26.20466    2.24384 -26.59529   0.103000
 24.87868    5.07837 -25.36169   0.103000
 23.84379    1.48474 -22.80276  -0.200000
-20.54214   33.33823   2.53713  -0.200000
-18.05643   32.40034   0.40395  -0.006000
-17.86447   30.34987   0.43176   0.103000
-18.51839   33.02128  -1.50477   0.103000
-15.56618   33.61163   1.23405  -0.006000
-15.75812   35.66210   1.20621   0.103000
-15.10420   32.99067   3.14277   0.103000
-13.08044   32.67374  -0.89913  -0.200000
-13.60467  -10.94588  25.94157  -0.200000
-11.69366  -12.30420  28.41388  -0.006000
-10.48025  -13.76660  27.61937   0.103000
-10.52991  -10.83518  29.26831   0.103000
-13.40936  -13.46693  30.42926  -0.006000
-14.62280  -12.00452  31.22377   0.103000
-14.57311  -14.93594  29.57484   0.103000
-11.49838  -14.82524  32.90157  -0.200000
  9.81478  -27.78060  14.08534  -0.200000
  9.02114  -30.23539  16.31093  -0.006000
  7.21252  -29.80187  17.19598   0.103000
  8.88912  -32.03940  15.32591   0.103000
 11.07276  -30.39524  18.34147  -0.006000
 12.88134  -30.82875  17.45642   0.103000
 11.20477  -28.59124  19.32649   0.103000
 10.27907  -32.85004  20.56706  -0.200000
 31.06149  -20.13745   1.71221  -0.200000
 30.61547  -19.78201  -1.64697  -0.006000
 30.76249  -17.79083  -2.15266   0.103000
 32.06079  -20.85388  -2.64915   0.103000
 28.00041  -20.77138  -2.38187  -0.006000
 27.85341  -22.76258  -1.87616   0.103000
 26.55509  -19.69951  -1.37967   0.103000
 27.55442  -20.41594  -5.74103  -0.200000
 13.31452   10.88282  28.27495  -0.200000
 13.08737   10.45979  31.64817  -0.006000
 14.33310    8.92771  32.23391   0.103000
 13.64530   12.20017  32.59796   0.103000
 10.36133    9.80802  32.35621  -0.006000
  9.11559   11.34010  31.77049   0.103000
  9.80343    8.06764  31.40642   0.103000
 10.13419    9.38498  35.72945  -0.200000
-17.10074  -30.50838   0.60443  -0.200000
-16.86836  -32.18183   3.56329  -0.006000
-18.59203  -31.89302   4.65317   0.103000
-16.61585  -34.19295   3.19719   0.103000
-14.60482  -31.18407   5.05946  -0.006000
-12.88115  -31.47290   3.96958   0.103000
-14.85733  -29.17295   5.42555   0.103000
-14.37244  -32.85752   8.01832  -0.200000
 25.16956   19.38661 -17.90211  -0.200000
 27.69639   20.18917 -20.04221  -0.006000
 29.30810   20.89200 -18.96951   0.103000
 28.25522   18.51514 -21.10405   0.103000
 26.79388   22.23476 -21.87481  -0.006000
 25.18219   21.53192 -22.94751   0.103000
 26.23509   23.90878 -20.81297   0.103000
 29.32071   23.03733 -24.01490  -0.200000
  7.83150  -13.31046 -28.79047  -0.200000
  5.77185  -12.10710 -31.22336  -0.006000
  6.76960  -12.09686 -33.02518   0.103000
  4.10464  -13.30777 -31.36804   0.103000
  4.96299   -9.41312 -30.55561  -0.006000
  3.96525   -9.42333 -28.75379   0.103000
  6.63020   -8.21243 -30.41093   0.103000
  2.90336   -8.20976 -32.98850  -0.200000
 -6.84124   20.01543 -25.50722  -0.200000
 -9.06562   19.64455 -28.06136  -0.006000
 -8.91195   17.74211 -28.83548   0.103000
-10.97729   19.94736 -27.35702   0.103000
 -8.48557   21.57633 -30.13250  -0.006000
 -8.63924   23.47877 -29.35837   0.103000
 -6.57388   21.27352 -30.83685   0.103000
-10.70995   21.20545 -32.68663  -0.200000
 32.26554   11.02423 -12.31223  -0.200000
 33.61362   13.75501 -13.84026  -0.006000
 32.95983   13.84328 -15.79138   0.103000
 33.02924   15.45924 -12.84211   0.103000
 36.49745   13.55659 -13.79942  -0.006000
 37.15124   13.46834 -11.84830   0.103000
 37.08181   11.85236 -14.79758   0.103000
 37.84551   16.28738 -15.32742  -0.200000
 26.95078  -13.86537 -18.83384  -0.200000
 25.07959  -16.12496 -20.56653  -0.006000
 26.20944  -16.92885 -22.08950   0.103000
 24.46831  -17.62780 -19.29764   0.103000
 22.76213  -14.80415 -21.68121  -0.006000
 21.63226  -14.00024 -20.15824   0.103000
 23.37340  -13.30131 -22.95008   0.103000
 20.89092  -17.06372 -23.41390  -0.200000
 38.56693    0.91281   7.50418  -0.200000
 37.68144   -1.95303   9.12037  -0.006000
 39.37698   -2.94179   9.74447   0.103000
 36.51637   -1.48854  10.75407   0.103000
 36.18429   -3.65044   7.32174  -0.006000
 34.48875   -2.66166   6.69761   0.103000
 37.34934   -4.11492   5.68800   0.103000
 35.29878   -6.51629   8.93791  -0.200000
 20.44013   -3.80729  25.23419  -0.200000
 23.34483   -4.53343  26.86047  -0.006000
 24.92222   -4.39794  25.54305   0.103000
 23.62126   -3.19685  28.40302   0.103000
 23.20792   -7.21758  27.92548  -0.006000
 21.63054   -7.35308  29.24289   0.103000
 22.93151   -8.55419  26.38292   0.103000
 26.11263   -7.94373  29.55176  -0.200000
-35.09482  -11.77197   7.43222  -0.200000
-33.64217  -14.16461   9.37506  -0.006000
-32.97672  -13.31461  11.12922   0.103000
-35.02167  -15.63297   9.80318   0.103000
-31.40566  -15.32802   7.96004  -0.006000
-32.07113  -16.17800   6.20590   0.103000
-30.02618  -13.85965   7.53196   0.103000
-29.95303  -17.72064   9.90288  -0.200000
  6.27310   14.13353 -36.27106  -0.200000
  5.08807   15.33335 -33.31041  -0.006000
  4.54695   17.30776 -33.53648   0.103000
  3.44622   14.23300 -32.73096   0.103000
  7.14768   15.12473 -31.29249  -0.006000
  7.68882   13.15032 -31.06642   0.103000
  8.78953   16.22508 -31.87193   0.103000
  5.96265   16.32453 -28.33185  -0.200000
-29.29247   17.47878  12.52939  -0.200000
-28.50822   15.04205  14.77806  -0.006000
-30.19006   13.93129  15.20202   0.103000
-27.05693   13.81533  13.98365   0.103000
-27.51834   16.25571  17.20807  -0.006000
-25.83649   17.36645  16.78411   0.103000
-28.96963   17.48242  18.00249   0.103000
-26.73407   13.81898  19.45673  -0.200000
 18.52249   -2.68472  31.34014  -0.200000
 16.59962    0.10858  31.00918  -0.006000
 16.57879    1.14332  32.78992   0.103000
 17.37907    1.30760  29.52697   0.103000
 13.90115   -0.65655  30.30886  -0.006000
 13.92197   -1.69127  28.52812   0.103000
 13.12171   -1.85556  31.79109   0.103000
 11.97829    2.13675  29.97790  -0.200000
  2.15618   -1.80359  32.43293  -0.200000
  3.71326    1.00755  33.56524  -0.006000
  2.59516    1.85144  35.07519   0.103000
  5.57978    0.51671  34.28451   0.103000
  3.98447    2.89909  31.39583  -0.006000
  5.10254    2.05521  29.88589   0.103000
  2.11793    3.38992  30.67657   0.103000
  5.54153    5.71024  32.52812  -0.200000
  4.57784   39.11977 -15.68885  -0.200000
  6.25380   36.55129 -17.17328  -0.006000
  6.98711   37.17142 -18.99536   0.103000
  7.81678   35.96304 -15.96781   0.103000
  4.45187   34.32533 -17.56793  -0.006000
  3.71857   33.70519 -15.74586   0.103000
  2.88888   34.91356 -18.77341   0.103000
  6.12783   31.75683 -19.05235  -0.200000
 20.44243  -26.24856   8.29093  -0.200000
 20.14042  -25.98485  11.67450  -0.006000
 21.87821  -26.63064  12.57182   0.103000
 19.79452  -24.01893  12.18225   0.103000
 17.92898  -27.61489  12.57452  -0.006000
 16.19119  -26.96909  11.67722   0.103000
 18.27486  -29.58081  12.06679   0.103000
 17.62697  -27.35116  15.95811  -0.200000
-28.01991  -23.87856  -4.71929  -0.200000
-27.22281  -26.35994  -2.52458  -0.006000
-28.89250  -26.87548  -1.43436   0.103000
-26.54570  -28.00457  -3.56327   0.103000
-25.15176  -25.43320  -0.73306  -0.006000
-23.48204  -24.91766  -1.82326   0.103000
-25.82883  -23.78857   0.30564   0.103000
-24.35462  -27.91456   1.46165  -0.200000
 16.67976  -33.19886  -0.70604  -0.200000
 14.41421  -34.78515  -2.69602  -0.006000
 15.28877  -36.44584  -3.54429   0.103000
 12.79316  -35.36443  -1.56509   0.103000
 13.53860  -32.98636  -4.78293  -0.006000
 12.66404  -31.32571  -3.93466   0.103000
 15.15965  -32.40710  -5.91386   0.103000
 11.27303  -34.57269  -6.77293  -0.200000
-19.61505   -9.19992  31.37399  -0.200000
-20.76380   -6.69143  29.37479  -0.006000
-22.81878   -6.78279  29.26991   0.103000
-20.19603   -4.87338  30.15876   0.103000
-19.65058   -6.98613  26.72307  -0.006000
-17.59556   -6.89476  26.82793   0.103000
-20.21833   -8.80418  25.93906   0.103000
-20.79931   -4.47765  24.72385  -0.200000
-36.38129   -8.73787  -2.76979  -0.200000
-35.65658   -5.70962  -4.15313  -0.006000
-37.38908   -4.61431  -4.35531   0.103000
-34.34069   -4.69538  -2.93578   0.103000
-34.45600   -6.10074  -6.75377  -0.006000
-32.72350   -7.19606  -6.55159   0.103000
-35.77191   -7.11497  -7.97109   0.103000
-33.73131   -3.07251  -8.13712  -0.200000
-32.62204   24.76696   0.83770  -0.200000
-31.25473   22.09402   2.44863  -0.006000
-32.55263   21.43155   3.90427   0.103000
-30.90883   20.57989   1.09587   0.103000
-28.75651   22.88105   3.67219  -0.006000
-27.45861   23.54347   2.21655   0.103000
-29.10239   24.39515   5.02497   0.103000
-27.38920   20.20809   5.28313  -0.200000
-14.86838   17.09896  27.41889  -0.200000
-13.03253   14.27820  27.95020  -0.006000
-13.81129   12.73144  26.83515   0.103000
-11.07931   14.61391  27.38941   0.103000
-13.12300   13.58369  30.75495  -0.006000
-12.34426   15.13045  31.86999   0.103000
-15.07624   13.24798  31.31575   0.103000
-11.28715   10.76294  31.28627  -0.200000
 -2.70546  -27.34426  19.79779  -0.200000
 -0.22236  -27.32652  22.13083  -0.006000
  0.22509  -25.38246  22.64319   0.103000
 -0.84512  -28.35228  23.80484   0.103000
  2.13259  -28.60125  21.04138  -0.006000
  1.68514  -30.54531  20.52898   0.103000
  2.75533  -27.57547  19.36737   0.103000
  4.61569  -28.58349  23.37440  -0.200000
  6.75008  -33.37855   6.13445  -0.200000
  8.13661  -35.73174   4.09751  -0.006000
  9.78906  -34.93926   3.15756   0.103000
  8.70121  -37.36455   5.21891   0.103000
  6.20027  -36.54997   2.11290  -0.006000
  4.54781  -37.34244   3.05285   0.103000
  5.63567  -34.91717   0.99148   0.103000
  7.58683  -38.90317   0.07595  -0.200000
-23.23139   31.84986  -7.36989  -0.200000
-23.66336   28.56612  -6.57020  -0.006000
-21.86974   27.57131  -6.75896   0.103000
-24.33219   28.41419  -4.62805   0.103000
-25.60987   27.38803  -8.35363  -0.006000
-27.40347   28.38284  -8.16488   0.103000
-24.94104   27.53996 -10.29576   0.103000
-26.04184   24.10429  -7.55393  -0.200000
  0.57801   38.84702  -0.63291  -0.200000
 -1.41832   41.51413  -1.34719  -0.006000
 -3.39259   40.97820  -1.10787   0.103000
 -0.96924   43.06911  -0.07334   0.103000
 -0.97153   42.34795  -4.07897  -0.006000
  1.00276   42.88388  -4.31833   0.103000
 -1.42060   40.79297  -5.35284   0.103000
 -2.96785   45.01505  -4.79327  -0.200000
-18.14952  -27.97706 -16.67732  -0.200000
-17.55582  -25.23661 -18.61301  -0.006000
-19.26491  -24.74655 -19.65279   0.103000
-17.00370  -23.65531 -17.41430   0.103000
-15.42670  -25.81853 -20.48004  -0.006000
-13.71762  -26.30860 -19.44022   0.103000
-15.97881  -27.39986 -21.67871   0.103000
-14.83301  -23.07811 -22.41570  -0.200000
-27.55691   -8.45388  18.86480  -0.200000
-26.35813   -8.46862  22.05414  -0.006000
-24.34742   -8.02268  22.03445   0.103000
-27.36312   -7.06089  23.17241   0.103000
-26.75261  -11.08457  23.21980  -0.006000
-28.76329  -11.53052  23.23951   0.103000
-25.74759  -12.49232  22.10156   0.103000
-25.55378  -11.09931  26.40917  -0.200000
-30.99366   15.68512   2.51693  -0.200000
-33.74287   15.33554   4.49902  -0.006000
-35.17438   16.70524   3.93611   0.103000
-34.49799   13.43002   4.29658   0.103000
-33.00647   15.79118   7.25723  -0.006000
-31.57494   14.42146   7.82014   0.103000
-32.25133   17.69668   7.45968   0.103000
-35.75566   15.44158   9.23932  -0.200000
 28.31585  -20.26937 -14.25133  -0.200000
 29.36033  -17.08014 -13.66219  -0.006000
 30.98102  -16.65557 -14.86020   0.103000
 27.83079  -15.76710 -14.08498   0.103000
 30.11919  -16.81210 -10.88554  -0.006000
 28.49851  -17.23665  -9.68751   0.103000
 31.64874  -18.12514 -10.46275   0.103000
 31.16368  -13.62285 -10.29638  -0.200000
-33.71906   -3.31762   6.88165  -0.200000
-36.27843   -3.38142   4.63338  -0.006000
-36.03942   -4.98701   3.36562   0.103000
-38.06910   -3.55803   5.63564   0.103000
-36.27267   -0.93252   3.09702  -0.006000
-36.51170    0.67304   4.36478   0.103000
-34.48202   -0.75595   2.09476   0.103000
-38.83204   -0.99634   0.84875  -0.200000
 -4.14833  -35.70214  -9.50914  -0.200000
 -3.16943  -34.28585 -12.44936  -0.006000
 -1.91374  -32.69948 -12.06337   0.103000
 -2.17774  -35.68540 -13.58953   0.103000
 -5.49451  -33.34539 -13.88716  -0.006000
 -6.75020  -34.93176 -14.27316   0.103000
 -6.48622  -31.94584 -12.74698   0.103000
 -4.51561  -31.92908 -16.82739  -0.200000
  6.41925  -10.62997  37.61118  -0.200000
  6.25286   -9.80129  34.31049  -0.006000
  7.93218   -8.73061  33.78541   0.103000
  6.14930  -11.51703  33.17571   0.103000
  3.89837   -8.19155  33.83863  -0.006000
  2.21905   -9.26221  34.36371   0.103000
  4.00195   -6.47581  34.97339   0.103000
  3.73200   -7.36285  30.53794  -0.200000
$end
