Header
  1      1(1)a  3.73600  0.00000 0.015630 0.039620 0.167280 0.000010 0.663270 0.011390 0.102800
  2      2(1)a  3.96700  0.49200 0.030700 0.407410 0.128360 0.016120 0.069450 0.228680 0.119270
  3      3(1)a  4.47200  0.00100 0.016740 0.054200 0.168630 0.000000 0.644200 0.017600 0.098620
  4      4(1)a  4.64300  0.01300 0.029140 0.069630 0.215920 0.003630 0.000980 0.579080 0.101620
  5      5(1)a  5.43800  0.00800 0.028810 0.231380 0.139330 0.001790 0.238940 0.246510 0.113250
  6      6(1)a  5.63300  0.00000 0.205260 0.007830 0.224660 0.137970 0.001110 0.343620 0.079560
  7      7(1)a  5.87000  0.34200 0.026260 0.135360 0.171320 0.001510 0.411170 0.142930 0.111450
  8      8(1)a  6.15500  0.01000 0.047610 0.202030 0.222440 0.038740 0.046740 0.339770 0.102680
  9      9(1)a  6.41800  0.00900 0.141080 0.081240 0.203450 0.102910 0.012060 0.374310 0.084970
 10     10(1)a  6.44100  0.00000 0.117420 0.035650 0.257350 0.069880 0.004130 0.431560 0.084010
 11     11(1)a  6.65000  0.00000 0.008540 0.001380 0.742420 0.000020 0.015930 0.066470 0.165240
 12     13(1)a  6.89200  0.00500 0.028640 0.047140 0.290050 0.016260 0.006180 0.525560 0.086170
 13     12(1)a  6.94000  0.63600 0.017720 0.014380 0.056870 0.008360 0.001490 0.816890 0.084290
 14     14(1)a  7.07700  0.02700 0.047200 0.365350 0.123330 0.005240 0.037370 0.278780 0.142720
 15     15(1)a  7.32500  0.00000 0.092080 0.037300 0.040850 0.001660 0.003390 0.742640 0.082080
