3
     1(1)a  0.89720  0.66327  0.16721  0.01462  0.03947  0.01139  0.00101  0.00015  0.00007  0.00001
     2(1)a  0.88073  0.06945  0.03547  0.00376  0.30986  0.22868  0.02694  0.09755  0.09289  0.01612
     3(1)a  0.90138  0.64420  0.16859  0.01512  0.05411  0.01760  0.00162  0.00009  0.00004  0.00000
     4(1)a  0.89838  0.00098  0.06768  0.00093  0.06821  0.57908  0.02821  0.00142  0.14824  0.00363
     5(1)a  0.88675  0.23894  0.08979  0.00754  0.23031  0.24651  0.02127  0.00107  0.04954  0.00179
     6(1)a  0.92044  0.00111  0.04569  0.02154  0.00588  0.34362  0.18372  0.00195  0.17897  0.13797
     7(1)a  0.88855  0.41117  0.13630  0.01246  0.13490  0.14293  0.01380  0.00046  0.03502  0.00151
     8(1)a  0.89732  0.04674  0.03721  0.00391  0.17780  0.33977  0.04370  0.02423  0.18523  0.03874
     9(1)a  0.91503  0.01206  0.05908  0.01443  0.06126  0.37431  0.12665  0.01998  0.14437  0.10291
    10(1)a  0.91599  0.00413  0.05684  0.01259  0.02574  0.43156  0.10483  0.00991  0.20051  0.06988
    11(1)a  0.83476  0.01593  0.74141  0.00785  0.00136  0.06647  0.00069  0.00002  0.00101  0.00002
    13(1)a  0.91383  0.00618  0.07562  0.00313  0.03461  0.52556  0.02551  0.01253  0.21443  0.01626
    12(1)a  0.91571  0.00149  0.02785  0.00083  0.01344  0.81689  0.01689  0.00094  0.02902  0.00836
    14(1)a  0.85728  0.03737  0.05975  0.00886  0.24320  0.27878  0.03834  0.12215  0.06358  0.00524
    15(1)a  0.91792  0.00339  0.03742  0.00157  0.03690  0.74264  0.09051  0.00040  0.00343  0.00166
