Header
  1      1(1)a  3.70700  0.00000 0.026010 0.049860 0.223350 0.000050 0.565090 0.019390 0.083500
  2      2(1)a  4.23800  0.41500 0.047100 0.396780 0.140050 0.013560 0.047180 0.291980 0.046900
  3      3(1)a  4.43700  0.00000 0.023330 0.068440 0.223440 0.000030 0.577530 0.023330 0.061260
  4      4(1)a  4.61900  0.01500 0.031760 0.079230 0.211300 0.003340 0.001660 0.601700 0.043940
  5      5(1)a  5.54100  0.00900 0.047500 0.226100 0.157470 0.001770 0.192700 0.285320 0.057480
  6      6(1)a  5.88700  0.00200 0.271240 0.014120 0.143020 0.132520 0.001720 0.217170 0.064250
  7      7(1)a  5.97000  0.31500 0.041680 0.124510 0.223790 0.001350 0.343340 0.151550 0.082410
  8      8(1)a  6.21300  0.00500 0.055430 0.195020 0.155430 0.019960 0.032890 0.340870 0.125180
  9      9(1)a  6.39200  0.00600 0.086930 0.057300 0.204780 0.039580 0.006710 0.381550 0.064820
 10     10(1)a  6.51500  0.00000 0.021220 0.001560 0.816470 0.000040 0.014690 0.069410 0.048630
