3
     1(1)a  0.91650  0.56509  0.22283  0.02389  0.04850  0.01939  0.00212  0.00136  0.00052  0.00005
     2(1)a  0.95310  0.04718  0.04494  0.00640  0.29658  0.29198  0.04070  0.10020  0.09511  0.01356
     3(1)a  0.93874  0.57753  0.22320  0.02137  0.06810  0.02333  0.00196  0.00034  0.00024  0.00003
     4(1)a  0.95606  0.00166  0.07009  0.00177  0.07687  0.60170  0.02999  0.00236  0.14121  0.00334
     5(1)a  0.94252  0.19270  0.11882  0.01432  0.22448  0.28532  0.03318  0.00162  0.03865  0.00177
     6(1)a  0.93575  0.00172  0.02700  0.02851  0.01010  0.21717  0.24273  0.00402  0.11602  0.13252
     7(1)a  0.91759  0.34334  0.19481  0.02436  0.12299  0.15155  0.01732  0.00152  0.02898  0.00135
     8(1)a  0.87482  0.03289  0.03865  0.00556  0.17268  0.34087  0.04987  0.02234  0.11678  0.01996
     9(1)a  0.93518  0.00671  0.05280  0.00901  0.04262  0.38155  0.07792  0.01468  0.15198  0.03958
    10(1)a  0.95137  0.01469  0.81487  0.01953  0.00145  0.06941  0.00169  0.00011  0.00160  0.00004
