Header
  1      1(1)a  3.71000  0.00000 0.026980 0.046360 0.234370 0.000030 0.562910 0.018900 0.074020
  2      2(1)a  3.96200  0.52800 0.042680 0.435390 0.128970 0.011950 0.056520 0.264220 0.049230
  3      3(1)a  4.47800  0.00000 0.028660 0.054890 0.241370 0.000020 0.503910 0.023690 0.087610
  4      4(1)a  4.61500  0.01200 0.038310 0.102650 0.215040 0.003990 0.001920 0.576460 0.048960
  5      5(1)a  5.42000  0.01300 0.042680 0.274560 0.156370 0.001580 0.149850 0.289050 0.061430
  6      6(1)a  5.71400  0.00600 0.164050 0.011460 0.239490 0.069590 0.008290 0.393500 0.057830
  7      7(1)a  5.81800  0.26900 0.045970 0.111650 0.233910 0.002720 0.309240 0.137780 0.091870
  8      8(1)a  6.11500  0.01600 0.059730 0.205490 0.168460 0.021700 0.038360 0.361420 0.108890
  9      9(1)a  6.35800  0.00600 0.154790 0.108300 0.178790 0.059960 0.013800 0.340970 0.053800
 10     10(1)a  6.53600  0.00400 0.103860 0.046290 0.223630 0.036810 0.004730 0.409160 0.059460
