3
     1(1)a  0.92598  0.56291  0.23408  0.02499  0.04560  0.01890  0.00199  0.00076  0.00029  0.00003
     2(1)a  0.95077  0.05652  0.04435  0.00626  0.32756  0.26422  0.03642  0.10783  0.08462  0.01195
     3(1)a  0.91239  0.50391  0.24124  0.02628  0.05468  0.02369  0.00238  0.00021  0.00013  0.00002
     4(1)a  0.95104  0.00192  0.07479  0.00221  0.09969  0.57646  0.03610  0.00296  0.14025  0.00399
     5(1)a  0.93857  0.14985  0.11251  0.01362  0.27285  0.28905  0.02906  0.00171  0.04386  0.00158
     6(1)a  0.94217  0.00829  0.06165  0.01936  0.00806  0.39350  0.14469  0.00340  0.17784  0.06959
     7(1)a  0.90813  0.30924  0.20541  0.02684  0.11085  0.13778  0.01913  0.00080  0.02850  0.00272
     8(1)a  0.89111  0.03836  0.04419  0.00642  0.18270  0.36142  0.05331  0.02279  0.12427  0.02170
     9(1)a  0.94620  0.01380  0.05117  0.01740  0.08001  0.34097  0.13739  0.02829  0.12762  0.05996
    10(1)a  0.94054  0.00473  0.05971  0.01317  0.03263  0.40916  0.09069  0.01366  0.16392  0.03681
