$coord
    2.62528313285005      0.00000000000000      0.00000000000000      c
    0.00000000000000      0.00000000000000      0.00000000000000      c
   -1.34389763666295      2.25523696150838      0.00000000000000      c
   -0.06438296934741      4.50958575173431      0.00026456165860      c
    2.58983187059712      4.55815171334947      0.00175744530358      c
    3.90687649891177      2.25319605728487      0.00026456165860      c
    3.63639999751184     -1.77107022900175      0.00183303434890      h
   -3.38296882583055      2.21721567171473      0.00181413708757      h
   -1.10210717796024      6.27111286376499     -0.00145508912232      h
    5.95135230481941      2.26343837292511     -0.00145508912232      h
   -1.34389763666295     -2.36523791970366      0.00332591799388      n
   -3.65178236823353     -2.32379622560948      0.00479990437753      o
   -0.12687621256194     -4.32660357028700      0.00468652080956      o
    3.85549484535860      6.78559080344311     -0.04663844095962      n
    2.92219690284904      8.41213477780177      0.25044540439133      h
    5.73051890893040      6.81652562023845      0.25042650713001      h
    3.29447295102752    -10.41622713624965     -6.16793381690944      cl
    4.98592901805080    -10.44627378176253     -3.21036124085277      c
    4.22057103697078    -11.92343490531658     -1.99617440595109      h
    6.98159319794601    -10.81295624058766     -3.56391010305435      h
    4.69441986479186     -7.88212328931133     -1.90747066127344      c
    5.45979674313320     -6.40494326849595     -3.12163859891379      h
    2.69877458215797     -7.51542193322487     -1.55390290181054      h
    6.38589482907647     -7.91216993482421      1.05012081204455      cl
    2.33596606190526      9.64744875086911      8.53451344216744      cl
    1.11234949360048     10.25055484617957      5.41230792541378      c
    2.51108698263977     11.29096246590109      4.31534080253500      h
    0.69925536095167      8.46158891069939      4.47885880481359      h
   -1.31107309373473     11.81400086496117      5.61250551193169      c
   -2.70979168551270     10.77359324523966      6.70947263481048      h
   -0.89797896108593     13.60296680044136      6.54595463253188      h
   -2.53468966203951     12.41710696027163      2.49031889243936      cl
   -1.90951156549696    -13.44868955895257      2.81797850662040      cl
   -1.31536277205638    -10.12900766131236      3.30392158169194      c
    0.44707140851809     -9.89135570284066      4.34302529038177      h
   -1.17062864753867     -9.18278399205387      1.48022247988932      h
   -3.48928481806670     -8.97257085703166      4.81857487172244      c
   -5.25173789590249     -9.21024171276469      3.77949006029394      h
   -3.63403783984574     -9.91881342355149      6.64227397352506      h
   -2.89515492188745     -5.65290785665278      5.30451794679399      cl
    0.79920297612000      4.08486980336826    -10.47822905066963      cl
    0.31034972280381      5.64793787692330     -7.49040195922547      c
    0.13418945269621      4.23884468867579     -5.99855766361890      h
    1.91274299718419      6.87775274694394     -7.08811706005677      h
   -2.10804619301792      7.22714421165317     -7.61340423321499      c
   -1.93186702564899      8.63625629716201     -9.10524852882157      h
   -3.71043946739830      5.99732934163252     -8.01568913238369      h
   -2.59689944633411      8.79021228520820     -4.62557714177083      cl
    2.89090303808846     18.32034683774777      1.45686546488686      cl
    2.45394166438131     15.62227145425897     -0.57755699799384      c
    3.07694657587105     13.91841878380396      0.39763617288180      h
    0.46071523119752     15.44495845121031     -1.06501185397169      h
    4.00746662096527     15.97302352178387     -2.99024594089426      c
    3.38446170947553     17.67687619223889     -3.96543911176989      h
    6.00073084867172     16.15033652483253     -2.50280998217773      h
    3.57052414451945     13.27498593281772     -5.02466840377495      cl
$user-defined bonds
$end
