$point_charges nocheck
  9.43894    6.92745   4.47181  -0.200000
 12.61880    6.24764   3.45414  -0.006000
 13.57506    5.12473   4.89184   0.103000
 12.56367    5.19522   1.68454   0.103000
 14.05369    8.72562   3.05610  -0.006000
 13.09743    9.84853   1.61844   0.103000
 14.10881    9.77805   4.82572   0.103000
 17.23355    8.04583   2.03845  -0.200000
 12.28275   16.25346  -6.73313  -0.200000
 10.65609   13.28528  -6.34183  -0.006000
  8.64287   13.55493  -6.68307   0.103000
 11.40212   11.91104  -7.68234   0.103000
 11.05441   12.31603  -3.64751  -0.006000
 13.06765   12.04640  -3.30625   0.103000
 10.30840   13.69031  -2.30698   0.103000
  9.42773    9.34787  -3.25619  -0.200000
 -7.76207    6.08205   7.76693  -0.200000
 -5.05787    4.73316   6.19299  -0.006000
 -5.60580    2.97454   5.27137   0.103000
 -4.35278    6.05759   4.78199   0.103000
 -2.98214    4.19740   8.13259  -0.006000
 -2.43421    5.95600   9.05419   0.103000
 -3.68721    2.87297   9.54357   0.103000
 -0.27794    2.84850   6.55867  -0.200000
-16.01613   -1.08591  -1.65716  -0.200000
-12.86263    0.17828  -1.91486  -0.006000
-12.92044    1.96588  -2.93628   0.103000
-12.09056    0.48827  -0.03071   0.103000
-11.18776   -1.69414  -3.34540  -0.006000
-11.12998   -3.48173  -2.32397   0.103000
-11.95985   -2.00411  -5.22957   0.103000
 -8.03427   -0.42995  -3.60310  -0.200000
 -9.68696   -7.87819  -8.06314  -0.200000
 -8.28919   -9.43491  -5.37391  -0.006000
 -9.63534   -9.45473  -3.81521   0.103000
 -7.79546  -11.36946  -5.87990   0.103000
 -5.90488   -8.01217  -4.56872  -0.006000
 -4.55874   -7.99235  -6.12744   0.103000
 -6.39859   -6.07760  -4.06272   0.103000
 -4.50709   -9.56887  -1.87948  -0.200000
-12.36924    9.82057  -5.68719  -0.200000
 -9.54576    9.91445  -3.78234  -0.006000
 -7.92999    9.33311  -4.91971   0.103000
 -9.24598   11.83182  -3.09229   0.103000
 -9.83835    8.11783  -1.53642  -0.006000
-11.45412    8.69915  -0.39905   0.103000
-10.13814    6.20044  -2.22648   0.103000
 -7.01487    8.21171   0.36840  -0.200000
  6.44614   -0.27386   5.80008  -0.200000
  6.69655   -3.47464   6.94091  -0.006000
  6.83183   -4.76544   5.34161   0.103000
  8.37935   -3.65605   8.11454   0.103000
  4.35561   -4.12514   8.50760  -0.006000
  4.22029   -2.83434  10.10692   0.103000
  2.67277   -3.94373   7.33397   0.103000
  4.60600   -7.32590   9.64843  -0.200000
  2.81212   -1.68091  -6.84835  -0.200000
  0.76043   -3.68332  -8.68955  -0.006000
  1.28607   -3.56315 -10.67741   0.103000
  0.94413   -5.63148  -8.04691   0.103000
 -1.97817   -2.81643  -8.36389  -0.006000
 -2.50379   -2.93658  -6.37605   0.103000
 -2.16187   -0.86827  -9.00655   0.103000
 -4.02986   -4.81882 -10.20511  -0.200000
 11.87115    2.22604  -2.74838  -0.200000
 14.48539    0.05372  -2.98518  -0.006000
 15.24599    0.10000  -4.89872   0.103000
 15.95467    0.59855  -1.64848   0.103000
 13.57375   -2.62122  -2.37612  -0.006000
 12.81314   -2.66750  -0.46260   0.103000
 12.10447   -3.16603  -3.71284   0.103000
 16.18800   -4.79355  -2.61292  -0.200000
 -9.91494   -0.00501  10.25464  -0.200000
-10.98966   -2.81705   8.65876  -0.006000
-10.00315   -4.45769   9.41845   0.103000
-13.01672   -3.03927   8.94850   0.103000
-10.44098   -2.58874   5.82956  -0.006000
-11.42750   -0.94808   5.06985   0.103000
 -8.41395   -2.36652   5.53983   0.103000
-11.51571   -5.40078   4.23369  -0.200000
  9.23084    0.75888  -9.90438  -0.200000
  8.33158    3.94528 -10.70904  -0.006000
  9.85152    4.84042 -11.77229   0.103000
  6.62083    3.90767 -11.85542   0.103000
  7.83575    5.44689  -8.28892  -0.006000
  6.31577    4.55173  -7.22567   0.103000
  9.54650    5.48451  -7.14254   0.103000
  6.93649    8.63329  -9.09359  -0.200000
  9.03336   15.66224  10.81914  -0.200000
  9.70263   15.16159   7.51601  -0.006000
 10.27748   16.94168   6.65399   0.103000
 11.22093   13.78321   7.32382   0.103000
  7.33098   14.17225   6.19146  -0.006000
  6.75609   12.39216   7.05350   0.103000
  5.81267   15.55063   6.38368   0.103000
  8.00021   13.67160   2.88833  -0.200000
 11.89320   -0.89029  12.81202  -0.200000
 14.61240   -0.37522  10.82465  -0.006000
 15.62371    1.30094  11.46487   0.103000
 15.85913   -2.01135  10.92853   0.103000
 13.75023    0.00599   8.09171  -0.006000
 12.73893   -1.67018   7.45151   0.103000
 12.50349    1.64210   7.98782   0.103000
 16.46944    0.52104   6.10434  -0.200000
  7.02717   -6.02945  -9.94285  -0.200000
  9.29059   -8.01913  -8.35312  -0.006000
  8.85575   -8.08259  -6.34088   0.103000
  9.20142   -9.92225  -9.13562   0.103000
 11.94866   -6.94677  -8.73018  -0.006000
 12.38351   -6.88329 -10.74241   0.103000
 12.03784   -5.04362  -7.94766   0.103000
 14.21208   -8.93644  -7.14044  -0.200000
 -3.00026   -0.23091  14.09237  -0.200000
 -1.98383   -2.98250  12.35898  -0.006000
 -2.50149   -2.77542  10.37622   0.103000
  0.06023   -3.17869  12.51855   0.103000
 -3.26456   -5.33456  13.44763  -0.006000
 -2.74692   -5.54164  15.43039   0.103000
 -5.30864   -5.13837  13.28806   0.103000
 -2.24815   -8.08616  11.71424  -0.200000
 -6.78848   13.52902  -7.99632  -0.200000
 -3.88199   15.30635  -8.04209  -0.006000
 -2.28625   14.01899  -7.84586   0.103000
 -3.72760   16.32506  -9.82550   0.103000
 -3.87165   17.19313  -5.85173  -0.006000
 -5.46739   18.48048  -6.04796   0.103000
 -4.02602   16.17441  -4.06832   0.103000
 -0.96514   18.97045  -5.89751  -0.200000
  8.38999   21.10760  -4.41215  -0.200000
  8.70030   22.11690  -1.17263  -0.006000
 10.23965   23.47696  -1.02121   0.103000
  6.94310   22.99666  -0.55575   0.103000
  9.26982   19.82831   0.49938  -0.006000
  7.73047   18.46826   0.34797   0.103000
 11.02702   18.94855  -0.11750   0.103000
  9.58016   20.83761   3.73888  -0.200000
 -6.90287    2.28326 -12.09754  -0.200000
 -9.79897    0.60851 -11.45187  -0.006000
-10.58600   -0.10813 -13.21518   0.103000
 -9.41343   -0.96616 -10.18150   0.103000
-11.69457    2.40437 -10.21119  -0.006000
-10.90754    3.12101  -8.44787   0.103000
-12.08009    3.97905 -11.48158   0.103000
-14.59065    0.72962  -9.56555  -0.200000
-10.03966   18.74572   0.04377  -0.200000
 -9.25979   16.60451   2.57672  -0.006000
 -7.46587   15.67940   2.16655   0.103000
 -9.10321   17.65545   4.34110   0.103000
-11.33694   14.60928   2.82584  -0.006000
-13.13086   15.53440   3.23600   0.103000
-11.49352   13.55835   1.06146   0.103000
-10.55707   12.46809   5.35879  -0.200000
 -7.57510  -17.27561  -3.81791  -0.200000
 -4.59954  -16.74656  -2.24458  -0.006000
 -4.65664  -14.94059  -1.25589   0.103000
 -4.25961  -18.26074  -0.89031   0.103000
 -2.46968  -16.70709  -4.19905  -0.006000
 -2.41258  -18.51306  -5.18773   0.103000
 -2.80961  -15.19291  -5.55332   0.103000
  0.50588  -16.17806  -2.62574  -0.200000
  9.42299  -14.57920   9.89415  -0.200000
 11.20398  -11.78968   9.08437  -0.006000
 11.20883  -10.48979  10.68200   0.103000
 13.14029  -12.32024   8.62446   0.103000
  9.99021  -10.50126   6.79871  -0.006000
  9.98537  -11.80117   5.20106   0.103000
  8.05392   -9.97071   7.25861   0.103000
 11.77122   -7.71176   5.98894  -0.200000
  5.38477    0.57482  13.71284  -0.200000
  7.27461    3.37074  14.18222  -0.006000
  8.04919    3.36407  16.09064   0.103000
  8.81525    3.39610  12.81552   0.103000
  5.62776    5.71899  13.82002  -0.006000
  4.85318    5.72566  11.91161   0.103000
  4.08712    5.69361  15.18673   0.103000
  7.51760    8.51490  14.28939  -0.200000
  3.92024  -15.28758   6.08739  -0.200000
  6.14467  -17.05684   4.20834  -0.006000
  8.05972  -16.43960   4.64848   0.103000
  5.95600  -19.06420   4.62922   0.103000
  5.60903  -16.60695   1.40329  -0.006000
  3.69396  -17.22417   0.96317   0.103000
  5.79770  -14.59957   0.98239   0.103000
  7.83346  -18.37621  -0.47572  -0.200000
-21.83614    8.07648   2.76059  -0.200000
-19.64871    5.60714   3.61295  -0.006000
-19.94132    5.07966   5.58231   0.103000
-19.96169    3.96606   2.40836   0.103000
-16.94036    6.55582   3.26273  -0.006000
-16.64771    7.08328   1.29339   0.103000
-16.62734    8.19688   4.46731   0.103000
-14.75290    4.08646   4.11512  -0.200000
-12.24905  -11.99659   1.60426  -0.200000
-13.83977  -13.80286   4.01599  -0.006000
-13.05708  -15.70699   4.07676   0.103000
-13.57396  -12.89207   5.84411   0.103000
-16.66338  -13.94162   3.41109  -0.006000
-17.44608  -12.03748   3.35033   0.103000
-16.92921  -14.85240   1.58299   0.103000
-18.25409  -15.74788   5.82281  -0.200000
  3.46323   26.50821  10.17774  -0.200000
  3.42350   23.38833   8.80881  -0.006000
  3.80139   23.51968   6.78841   0.103000
  4.86965   22.22673   9.70412   0.103000
  0.82795   22.18576   9.22644  -0.006000
  0.45004   22.05439  11.24686   0.103000
 -0.61821   23.34734   8.33112   0.103000
  0.78820   19.06586   7.85752  -0.200000
 -0.03184   11.65542 -12.65909  -0.200000
  1.22432    9.23857 -14.70619  -0.006000
  3.16170    8.80947 -14.15429   0.103000
  0.07257    7.53825 -14.54904   0.103000
  1.18758   10.17684 -17.44038  -0.006000
 -0.74981   10.60594 -17.99227   0.103000
  2.33933   11.87714 -17.59753   0.103000
  2.44372    7.75999 -19.48748  -0.200000
 13.66359  -14.35933   1.92915  -0.200000
 15.70517  -11.76969   1.07208  -0.006000
 16.65094  -12.19988  -0.70627   0.103000
 14.58570  -10.05417   0.85743   0.103000
 17.68300  -11.37557   3.14348  -0.006000
 16.73723  -10.94537   4.92185   0.103000
 18.80247  -13.09106   3.35816   0.103000
 19.72458   -8.78592   2.28644  -0.200000
 23.65947   15.81905   3.12714  -0.200000
 20.83423   14.84119   1.49273  -0.006000
 21.32123   14.21955  -0.40950   0.103000
 19.95012   13.28872   2.51761   0.103000
 18.99271   17.06430   1.33708  -0.006000
 18.50573   17.68597   3.23931   0.103000
 19.87686   18.61677   0.31218   0.103000
 16.16751   16.08646  -0.29731  -0.200000
  1.88009   -8.57854 -14.65889  -0.200000
  1.75210   -5.53488 -16.18499  -0.006000
  1.26128   -5.78167 -18.17002   0.103000
  0.32821   -4.36462 -15.26557   0.103000
  4.33254   -4.24699 -15.98432  -0.006000
  4.82336   -4.00021 -13.99932   0.103000
  5.75643   -5.41724 -16.90375   0.103000
  4.20457   -1.20332 -17.51043  -0.200000
-11.18635    9.83472  13.11638  -0.200000
-13.72782    8.21050  11.53145  -0.006000
-15.53249    8.97246  12.16746   0.103000
-13.54911    8.47512   9.49663   0.103000
-13.60240    5.38925  12.14996  -0.006000
-11.79771    4.62728  11.51393   0.103000
-13.78111    5.12463  14.18478   0.103000
-16.14387    3.76505  10.56504  -0.200000
 -8.36871  -13.79358   7.57625  -0.200000
 -7.50643  -16.47699   9.49062  -0.006000
 -5.49801  -16.86987   9.25815   0.103000
 -7.90121  -16.06447  11.46954   0.103000
 -9.04051  -18.78352   8.66351  -0.006000
-11.04893  -18.39064   8.89598   0.103000
 -8.64572  -19.19606   6.68460   0.103000
 -8.17821  -21.46693  10.57787  -0.200000
  1.11481   15.40665  12.99173  -0.200000
  3.32853   14.24772  15.30818  -0.006000
  2.40861   12.83453  16.49085   0.103000
  4.94233   13.39782  14.35136   0.103000
  4.23393   16.44211  16.95819  -0.006000
  5.15383   17.85532  15.77553   0.103000
  2.62012   17.29201  17.91502   0.103000
  6.44765   15.28316  19.27464  -0.200000
  2.66712   27.42051   3.36704  -0.200000
 -0.57145   26.48920   2.86375  -0.006000
 -1.33267   25.68431   4.60010   0.103000
 -1.68418   28.13634   2.32453   0.103000
 -0.68988   24.51517   0.75498  -0.006000
  0.07134   25.32006  -0.98135   0.103000
  0.42285   22.86801   1.29422   0.103000
 -3.92846   23.58384   0.25169  -0.200000
  2.32075   19.65400 -17.25464  -0.200000
  4.76716   17.76964 -15.81468  -0.006000
  4.43672   15.77984 -16.23154   0.103000
  6.60032   18.33361 -16.56547   0.103000
  4.73416   18.17191 -12.95213  -0.006000
  5.06458   20.16171 -12.53527   0.103000
  2.90098   17.60796 -12.20136   0.103000
  7.18054   16.28755 -11.51217  -0.200000
 -4.76646   12.24433  18.69653  -0.200000
 -3.52186    9.08620  18.40202  -0.006000
 -2.17354    8.73484  19.91883   0.103000
 -5.06360    7.72598  18.52446   0.103000
 -2.19329    8.80820  15.84951  -0.006000
 -3.54161    9.15958  14.33268   0.103000
 -0.65156   10.16843  15.72708   0.103000
 -0.94870    5.65007  15.55498  -0.200000
 19.68575   -2.28126 -13.99869  -0.200000
 19.83999   -1.25472 -10.75345  -0.006000
 18.57446   -2.40689  -9.60752   0.103000
 21.76898   -1.45581 -10.06018   0.103000
 19.03905    1.51768 -10.58067  -0.006000
 20.30456    2.66984 -11.72660   0.103000
 17.11005    1.71876 -11.27394   0.103000
 19.19329    2.54421  -7.33543  -0.200000
 -6.64592    9.98012 -13.62319  -0.200000
 -9.08622   10.82099 -15.84734  -0.006000
 -8.31079   10.80823 -17.75543   0.103000
-10.62759    9.46054 -15.72301   0.103000
-10.08278   13.46377 -15.23087  -0.006000
-10.85823   13.47651 -13.32278   0.103000
 -8.54141   14.82422 -15.35520   0.103000
-12.52308   14.30462 -17.45502  -0.200000
 13.80420    0.19564 -15.40214  -0.200000
 12.58114   -2.88159 -14.59970  -0.006000
 13.97730   -3.90661 -13.48509   0.103000
 10.84973   -2.66861 -13.50463   0.103000
 12.01327   -4.35440 -17.02169  -0.006000
 10.61709   -3.32938 -18.13633   0.103000
 13.74464   -4.56739 -18.11679   0.103000
 10.79019   -7.43165 -16.21929  -0.200000
  0.98545  -17.23355  12.47643  -0.200000
  2.62007  -14.51841  13.72758  -0.006000
  4.56441  -15.03183  14.17255   0.103000
  2.61160  -13.00657  12.32886   0.103000
  1.28923  -13.61489  16.12968  -0.006000
 -0.65511  -13.10147  15.68471   0.103000
  1.29771  -15.12673  17.52840   0.103000
  2.92388  -10.89977  17.38081  -0.200000
-23.00573   -2.62772  -9.55961  -0.200000
-20.36227   -3.44775  -7.57240  -0.006000
-18.76362   -2.22778  -8.01756   0.103000
-20.88582   -3.20035  -5.59580   0.103000
-19.62726   -6.20507  -8.03568  -0.006000
-21.22588   -7.42502  -7.59054   0.103000
-19.10368   -6.45247 -10.01226   0.103000
-16.98376   -7.02509  -6.04847  -0.200000
  4.87188  -24.15622  -8.20925  -0.200000
  4.66781  -20.84532  -7.43088  -0.006000
  3.62567  -19.85565  -8.90624   0.103000
  3.69084  -20.62156  -5.63150   0.103000
  7.33032  -19.73800  -7.22490  -0.006000
  8.37249  -20.72769  -5.74953   0.103000
  8.30731  -19.96176  -9.02427   0.103000
  7.12627  -16.42709  -6.44652  -0.200000
 15.50229    8.28299 -11.95263  -0.200000
 16.35195   11.53721 -12.49823  -0.006000
 14.69831   12.57953 -13.14735   0.103000
 17.04459   12.36949 -10.74615   0.103000
 18.42326   11.66791 -14.51077  -0.006000
 20.07690   10.62557 -13.86169   0.103000
 17.73062   10.83561 -16.26289   0.103000
 19.27290   14.92213 -15.05639  -0.200000
 -9.37552    4.48545  17.20667  -0.200000
 -7.61722    1.79883  18.34663  -0.006000
 -5.62974    2.01866  17.85275   0.103000
 -7.80648    1.67220  20.39366   0.103000
 -8.64947   -0.61361  17.13335  -0.006000
-10.63695   -0.83344  17.62721   0.103000
 -8.46019   -0.48698  15.08631   0.103000
 -6.89117   -3.30024  18.27329  -0.200000
 18.40544   13.94699  -6.51115  -0.200000
 19.87215   16.97955  -5.99984  -0.006000
 18.50473   18.27140  -5.16097   0.103000
 21.47887   16.76026  -4.72995   0.103000
 20.78156   18.04851  -8.52724  -0.006000
 22.14897   16.75667  -9.36609   0.103000
 19.17482   18.26781  -9.79712   0.103000
 22.24824   21.08109  -8.01592  -0.200000
-14.18676  -20.63915  -1.83156  -0.200000
-13.97050  -18.58141  -4.53861  -0.006000
-12.10579  -18.76490  -5.39390   0.103000
-15.41177  -19.10252  -5.91463   0.103000
-14.38152  -15.84437  -3.70375  -0.006000
-16.24620  -15.66088  -2.84846   0.103000
-12.94022  -15.32326  -2.32773   0.103000
-14.16525  -13.78663  -6.41082  -0.200000
-19.94266    6.24252  -7.04257  -0.200000
-21.81044    3.76995  -5.62590  -0.006000
-23.80732    4.12762  -5.98200   0.103000
-21.28109    1.95502  -6.44327   0.103000
-21.33550    3.71686  -2.77474  -0.006000
-19.33864    3.35921  -2.41862   0.103000
-21.86485    5.53183  -1.95740   0.103000
-23.20332    1.24431  -1.35805  -0.200000
 14.67274    8.30036  13.76975  -0.200000
 14.24540   11.63102  14.34688  -0.006000
 15.41372   12.71051  13.03847   0.103000
 12.26576   12.12777  14.07052   0.103000
 15.02200   12.24580  17.06287  -0.006000
 13.85370   11.16634  18.37129   0.103000
 17.00164   11.74907  17.33926   0.103000
 14.59466   15.57648  17.64003  -0.200000
 -0.60006  -14.63219 -18.41258  -0.200000
 -1.74424  -14.76689 -15.20612  -0.006000
 -1.66045  -12.88769 -14.36717   0.103000
 -3.69211  -15.43608 -15.19924   0.103000
 -0.09781  -16.58070 -13.67088  -0.006000
 -0.18162  -18.45992 -14.50981   0.103000
  1.85008  -15.91153 -13.67776   0.103000
 -1.24198  -16.71542 -10.46440  -0.200000
 -7.12550   17.73489  10.00113  -0.200000
 -5.88228   17.26367  13.13819  -0.006000
 -7.35621   16.49245  14.35268   0.103000
 -4.29901   15.94865  13.05939   0.103000
 -4.98005   19.79363  14.20724  -0.006000
 -3.50614   20.56485  12.99274   0.103000
 -6.56332   21.10868  14.28603   0.103000
 -3.73684   19.32241  17.34428  -0.200000
 -2.13874    0.21562 -16.28793  -0.200000
 -2.26665    2.99796 -18.25046  -0.006000
 -1.36382    4.57019 -17.27316   0.103000
 -1.28233    2.63445 -20.02282   0.103000
 -5.02571    3.66316 -18.80053  -0.006000
 -5.92854    2.09094 -19.77785   0.103000
 -6.01005    4.02669 -17.02817   0.103000
 -5.15362    6.44548 -20.76308  -0.200000
-17.42227   10.60227  -2.13936  -0.200000
-19.49844   12.61405  -3.94259  -0.006000
-18.37812   13.93688  -5.05492   0.103000
-20.64991   11.46060  -5.20196   0.103000
-21.21786   14.08466  -2.14303  -0.006000
-22.33819   12.76183  -1.03068   0.103000
-20.06640   15.23813  -0.88365   0.103000
-23.29403   16.09646  -3.94624  -0.200000
-11.17886  -19.93950 -11.54320  -0.200000
 -8.74975  -17.65484 -12.24278  -0.006000
 -7.14589  -17.95026 -10.98479   0.103000
 -8.13984  -17.87717 -14.19744   0.103000
 -9.79615  -14.98746 -11.85835  -0.006000
-11.40002  -14.69202 -13.11634   0.103000
-10.40606  -14.76515  -9.90370   0.103000
 -7.36704  -12.70280 -12.55793  -0.200000
-16.26372   -8.39586   9.50714  -0.200000
-18.84960  -10.17279  10.83563  -0.006000
-18.40635  -12.18318  10.77151   0.103000
-19.14631   -9.59669  12.79071   0.103000
-21.25141   -9.66739   9.30802  -0.006000
-21.69464   -7.65700   9.37215   0.103000
-20.95468  -10.24349   7.35296   0.103000
-23.83727  -11.44431  10.63651  -0.200000
  3.08473   28.53993  -5.15139  -0.200000
  2.09185   25.61955  -6.59862  -0.006000
  3.38312   24.10971  -6.05538   0.103000
  0.18674   25.15386  -5.96940   0.103000
  2.11071   25.91408  -9.47448  -0.006000
  0.81944   27.42389 -10.01774   0.103000
  4.01584   26.37976 -10.10370   0.103000
  1.11785   22.99368 -10.92171  -0.200000
 -8.11966   -9.04412  21.78488  -0.200000
 -6.79043  -10.15405  18.85053  -0.006000
 -5.28033   -8.88542  18.25693   0.103000
 -6.03087  -12.05029  19.11411   0.103000
 -8.84936  -10.21518  16.82206  -0.006000
-10.35946  -11.48379  17.41566   0.103000
 -9.60894   -8.31891  16.55850   0.103000
 -7.52015  -11.32509  13.88771  -0.200000
 -5.30053   24.79992   7.70891  -0.200000
 -7.65330   23.11553   5.90980  -0.006000
 -7.73505   23.88060   3.99927   0.103000
 -7.15694   21.11822   5.82937   0.103000
-10.23374   23.41580   7.17824  -0.006000
-10.15199   22.65073   9.08877   0.103000
-10.73011   25.41311   7.25865   0.103000
-12.58650   21.73142   5.37912  -0.200000
 -9.30802   -1.57475 -18.42050  -0.200000
 -8.29743   -4.81292 -18.73973  -0.006000
 -9.04213   -5.92276 -17.17262   0.103000
 -8.99825   -5.57919 -20.51846   0.103000
 -5.40887   -4.92788 -18.71367  -0.006000
 -4.66417   -3.81804 -20.28081   0.103000
 -4.70804   -4.16163 -16.93497   0.103000
 -4.39826   -8.16605 -19.03292  -0.200000
  8.53157    2.92229 -20.03393  -0.200000
  9.37028    5.67133 -18.20407  -0.006000
  7.69733    6.83546 -17.90682   0.103000
 10.12782    5.07932 -16.38258   0.103000
 11.36825    7.20248 -19.62585  -0.006000
 13.04121    6.03836 -19.92310   0.103000
 10.61072    7.79450 -21.44733   0.103000
 12.20697    9.95152 -17.79600  -0.200000
-17.03983   18.38331  -6.96685  -0.200000
-13.76463   18.51603  -7.89662  -0.006000
-12.74284   19.78279  -6.63437   0.103000
-12.94323   16.63025  -7.79007   0.103000
-13.57190   19.49808 -10.60883  -0.006000
-14.59369   18.23132 -11.87109   0.103000
-14.39333   21.38384 -10.71537   0.103000
-10.29670   19.63078 -11.53861  -0.200000
-24.97369   -7.58984  -4.69459  -0.200000
-24.32421   -6.16667  -1.66778  -0.006000
-23.75983   -4.20439  -1.93812   0.103000
-26.01707   -6.23961  -0.49685   0.103000
-22.18769   -7.61167  -0.36213  -0.006000
-22.75208   -9.57394  -0.09178   0.103000
-20.49484   -7.53874  -1.53306   0.103000
-21.53821   -6.18848   2.66470  -0.200000
 22.47655   20.29264  11.59370  -0.200000
 19.80858   19.25856   9.74390  -0.006000
 20.03486   19.89275   7.79741   0.103000
 19.69752   17.20237   9.78799   0.103000
 17.38096   20.37754  10.84485  -0.006000
 17.15469   19.74335  12.79133   0.103000
 17.49202   22.43371  10.80075   0.103000
 14.71297   19.34344   8.99506  -0.200000
 27.94606    1.32765   3.71841  -0.200000
 27.09552    3.28633   6.37344  -0.006000
 27.24395    2.19057   8.11112   0.103000
 28.36787    4.90312   6.46999   0.103000
 24.37775    4.21798   6.05213  -0.006000
 24.22929    5.31374   4.31447   0.103000
 23.10538    2.60119   5.95559   0.103000
 23.52717    6.17666   8.70718  -0.200000
 20.48590  -14.47118  -3.28211  -0.200000
 21.78745  -12.49740  -5.73551  -0.006000
 23.78071  -12.94719  -5.99414   0.103000
 20.77349  -12.83207  -7.49679   0.103000
 21.51735   -9.71943  -4.98215  -0.006000
 19.52408   -9.26965  -4.72354   0.103000
 22.53132   -9.38474  -3.22085   0.103000
 22.81890   -7.74565  -7.43556  -0.200000
  3.61631  -25.46100   8.66746  -0.200000
  1.70262  -22.92977   7.42662  -0.006000
  1.85633  -21.28542   8.65733   0.103000
  2.35660  -22.43691   5.53678   0.103000
 -1.05694  -23.78171   7.29861  -0.006000
 -1.21067  -25.42606   6.06789   0.103000
 -1.71094  -24.27455   9.18843   0.103000
 -2.97061  -21.25048   6.05778  -0.200000
 23.61075   -2.62003   1.70285  -0.200000
 26.03593   -3.77734  -0.39193  -0.006000
 25.37107   -3.67019  -2.33838   0.103000
 27.73196   -2.62785  -0.18102   0.103000
 26.64725   -6.52511   0.26658  -0.006000
 27.31214   -6.63226   2.21304   0.103000
 24.95123   -7.67459   0.05567   0.103000
 29.07243   -7.68244  -1.82820  -0.200000
  8.72502    0.09396  21.15977  -0.200000
 11.22777   -2.17468  20.71410  -0.006000
 12.77105   -1.29862  19.66865   0.103000
 11.91440   -2.80955  22.54927   0.103000
 10.22130   -4.44002  19.22653  -0.006000
  8.67800   -5.31610  20.27200   0.103000
  9.53469   -3.80515  17.39136   0.103000
 12.72406   -6.70866  18.78085  -0.200000
 23.14285   -2.64705   9.44661  -0.200000
 23.66432   -5.97053   8.90670  -0.006000
 24.09975   -6.28351   6.91804   0.103000
 25.24051   -6.61576  10.06495   0.103000
 21.28185   -7.44724   9.61444  -0.006000
 20.84642   -7.13428  11.60309   0.103000
 19.70567   -6.80203   8.45617   0.103000
 21.80334  -10.77074   9.07448  -0.200000
-22.04966    2.39663 -15.42716  -0.200000
-20.13146    4.34280 -13.39200  -0.006000
-21.26533    5.89944 -12.66164   0.103000
-19.42727    3.21023 -11.82235   0.103000
-17.89896    5.40001 -14.89395  -0.006000
-16.76508    3.84338 -15.62431   0.103000
-18.60314    6.53258 -16.46360   0.103000
-15.98075    7.34618 -12.85879  -0.200000
-19.08839   13.35381   7.04911  -0.200000
-17.26543   14.37129   9.74175  -0.006000
-17.69022   13.16353  11.35514   0.103000
-15.25776   14.24576   9.29936   0.103000
-17.94032   17.10803  10.38386  -0.006000
-17.51553   18.31579   8.77048   0.103000
-19.94799   17.23358  10.82626   0.103000
-16.11736   18.12553  13.07649  -0.200000
 14.36963  -15.92089 -16.03945  -0.200000
 11.46979  -14.95711 -14.53243  -0.006000
 11.87411  -14.29498 -12.62447   0.103000
 10.60363  -13.43626 -15.61828   0.103000
  9.65569  -17.20458 -14.40725  -0.006000
  9.25134  -17.86666 -16.31522   0.103000
 10.52183  -18.72541 -13.32140   0.103000
  6.75583  -16.24080 -12.90023  -0.200000
 10.39113  -21.84111   6.51961  -0.200000
 12.33604  -20.31928   8.86709  -0.006000
 11.13408  -19.43464  10.28665   0.103000
 13.54737  -21.71996   9.76879   0.103000
 13.97447  -18.30213   7.60061  -0.006000
 15.17643  -19.18675   6.18105   0.103000
 12.76315  -16.90145   6.69891   0.103000
 15.91937  -16.78028   9.94809  -0.200000
 -1.36024    2.21355  23.20189  -0.200000
  0.90714   -0.25768  22.60078  -0.006000
  2.73938    0.29002  23.36578   0.103000
  0.27943   -2.00011  23.50196   0.103000
  1.14094   -0.67839  19.75015  -0.006000
 -0.69130   -1.22609  18.98517   0.103000
  1.76865    1.06399  18.84898   0.103000
  3.40831   -3.14964  19.14905  -0.200000
 18.52689   23.27268  -2.48554  -0.200000
 16.89740   25.40754  -4.58223  -0.006000
 15.37689   26.34785  -3.55960   0.103000
 18.22112   26.81625  -5.29312   0.103000
 15.78997   23.92117  -6.80086  -0.006000
 17.31046   22.98087  -7.82349   0.103000
 14.46625   22.51244  -6.08996   0.103000
 14.16044   26.05604  -8.89755  -0.200000
  0.29022  -26.25226   0.55106  -0.200000
 -2.09574  -25.14730  -1.61581  -0.006000
 -2.57721  -23.19488  -1.17036   0.103000
 -1.37672  -25.25511  -3.54284   0.103000
 -4.45567  -26.79970  -1.37504  -0.006000
 -3.97421  -28.75213  -1.82049   0.103000
 -5.17471  -26.69191   0.55201   0.103000
 -6.84164  -25.69474  -3.54188  -0.200000
 26.33169    8.03298 -11.13400  -0.200000
 24.79829    6.16432  -8.73278  -0.006000
 23.18386    7.20025  -7.98266   0.103000
 24.15420    4.38764  -9.55183   0.103000
 26.66814    5.61772  -6.59679  -0.006000
 28.28257    4.58179  -7.34693   0.103000
 27.31221    7.39440  -5.77776   0.103000
 25.13472    3.74907  -4.19559  -0.200000
 29.65398   15.56256  10.00784  -0.200000
 26.26980   15.17896   9.91269  -0.006000
 25.49779   15.41733  11.80722   0.103000
 25.45334   16.59134   8.65536   0.103000
 25.62682   12.53476   8.93680  -0.006000
 26.39881   12.29641   7.04225   0.103000
 26.44326   11.12240  10.19411   0.103000
 22.24264   12.15118   8.84165  -0.200000
 12.57554   20.68012 -13.28466  -0.200000
 12.97082   18.36406 -15.75227  -0.006000
 14.97113   17.92178 -15.96543   0.103000
 11.93740   16.65191 -15.25946   0.103000
 11.94855   19.42291 -18.24047  -0.006000
  9.94822   19.86516 -18.02729   0.103000
 12.98195   21.13504 -18.73327   0.103000
 12.34380   17.10682 -20.70805  -0.200000
  8.51280   21.42101  13.83104  -0.200000
 11.47483   23.08408  14.09541  -0.006000
 12.91856   21.80529  14.81833   0.103000
 12.03979   23.78026  12.24112   0.103000
 11.16909   25.31454  15.90894  -0.006000
  9.72536   26.59332  15.18607   0.103000
 10.60416   24.61833  17.76324   0.103000
 14.13113   26.97760  16.17335  -0.200000
 18.93587   -0.94707  15.02192  -0.200000
 21.20450    1.59478  15.05685  -0.006000
 22.84817    1.03351  16.16379   0.103000
 21.78816    2.02133  13.12819   0.103000
 20.00288    3.94265  16.24050  -0.006000
 18.35922    4.50392  15.13357   0.103000
 19.41922    3.51608  18.16917   0.103000
 22.27152    6.48450  16.27544  -0.200000
-14.40911   25.56779  -1.54113  -0.200000
-16.61287   24.11912   0.61613  -0.006000
-16.00475   24.46330   2.55361   0.103000
-18.48589   24.92672   0.33017   0.103000
-16.70786   21.27119   0.12854  -0.006000
-17.31598   20.92702  -1.80894   0.103000
-14.83482   20.46358   0.41449   0.103000
-18.91160   19.82251   2.28577  -0.200000
 -3.61665   18.99349 -15.10360  -0.200000
 -3.63109   22.30859 -15.89063  -0.006000
 -1.70895   23.04362 -15.80429   0.103000
 -4.37780   22.55968 -17.79370   0.103000
 -5.29418   23.73885 -14.00756  -0.006000
 -7.21632   23.00383 -14.09388   0.103000
 -4.54746   23.48777 -12.10451   0.103000
 -5.30862   27.05394 -14.79459  -0.200000
 27.12649   12.42977  -4.79698  -0.200000
 26.27018   10.93921  -1.85516  -0.006000
 24.96867   12.15589  -0.82177   0.103000
 25.36162    9.13121  -2.23995   0.103000
 28.64679   10.50378  -0.26791  -0.006000
 29.94829    9.28708  -1.30128   0.103000
 29.55534   12.31177   0.11690   0.103000
 27.79046    9.01320   2.67391  -0.200000
-16.18212   -1.67755 -16.33373  -0.200000
-18.92298   -3.60341 -15.71122  -0.006000
-19.62690   -3.20488 -13.81705   0.103000
-20.38994   -3.17784 -17.09295   0.103000
-18.20175   -6.39646 -15.90229  -0.006000
-17.49784   -6.79496 -17.79646   0.103000
-16.73479   -6.82202 -14.52056   0.103000
-20.94261   -8.32232 -15.27978  -0.200000
  3.19303    6.21973  28.50153  -0.200000
  2.43631    7.56850  25.46550  -0.006000
  0.46699    7.17329  25.00969   0.103000
  2.73201    9.60591  25.52585   0.103000
  4.14432    6.40742  23.44254  -0.006000
  6.11366    6.80262  23.89836   0.103000
  3.84865    4.37003  23.38219   0.103000
  3.38762    7.75621  20.40651  -0.200000
 10.23890    6.90975  19.92040  -0.200000
 13.29005    5.68301  20.81208  -0.006000
 13.69917    3.99156  19.71037   0.103000
 14.73499    7.10524  20.44956   0.103000
 13.27705    5.01941  23.62577  -0.006000
 12.86792    6.71087  24.72748   0.103000
 11.83210    3.59717  23.98830   0.103000
 16.32820    3.79270  24.51746  -0.200000
 -7.76031   26.43699  -7.85416  -0.200000
 -5.79150   29.05885  -6.92740  -0.006000
 -4.06002   29.04577  -8.04275   0.103000
 -6.80239   30.82440  -7.24871   0.103000
 -5.13159   28.82416  -4.12259  -0.006000
 -6.86309   28.83724  -3.00722   0.103000
 -4.12070   27.05861  -3.80126   0.103000
 -3.16278   31.44603  -3.19581  -0.200000
 -9.76386  -22.64988   2.74205  -0.200000
-10.60237  -25.94859   2.58522  -0.006000
-10.09420  -26.69952   0.73586   0.103000
 -9.59034  -26.98516   4.04938   0.103000
-13.44958  -26.23951   2.99306  -0.006000
-13.95774  -25.48855   4.84242   0.103000
-14.46160  -25.20294   1.52892   0.103000
-14.28809  -29.53821   2.83623  -0.200000
 16.48591  -11.30274  14.02043  -0.200000
 18.02355   -9.72085  16.61708  -0.006000
 18.26324   -7.72652  16.16169   0.103000
 16.87000   -9.90443  18.31351   0.103000
 20.61285  -10.92073  17.07916  -0.006000
 20.37314  -12.91505  17.53452   0.103000
 21.76638  -10.73716  15.38273   0.103000
 22.15048   -9.33884  19.67581  -0.200000
 -8.49619   -9.64384 -23.30359  -0.200000
 -7.63334  -12.77517 -22.27413  -0.006000
 -8.08330  -14.13375 -23.75535   0.103000
 -5.61319  -12.83555 -21.87708   0.103000
 -9.10587  -13.44147 -19.87718  -0.006000
 -8.65591  -12.08289 -18.39595   0.103000
-11.12603  -13.38109 -20.27425   0.103000
 -8.24300  -16.57280 -18.84773  -0.200000
  9.60920   36.42825  -3.82312  -0.200000
 10.93987   33.47536  -2.76529  -0.006000
 12.85205   33.27927  -3.50506   0.103000
 10.99310   33.44411  -0.70659   0.103000
  9.30951   31.28695  -3.71942  -0.006000
  7.39735   31.48303  -2.97964   0.103000
  9.25628   31.31819  -5.77812   0.103000
 10.64018   28.33404  -2.66158  -0.200000
-21.70267  -19.70238 -10.10350  -0.200000
-20.65626  -17.05807 -11.98001  -0.006000
-20.25745  -17.69213 -13.89863   0.103000
-22.13060  -15.62057 -12.02401   0.103000
-18.25685  -15.94075 -10.81721  -0.006000
-18.65564  -15.30669  -8.89861   0.103000
-16.78249  -17.37824 -10.77323   0.103000
-17.21042  -13.29645 -12.69374  -0.200000
 -1.15183  -29.23202 -14.66713  -0.200000
 -1.03109  -26.46074 -12.68855  -0.006000
  0.88135  -26.21674 -11.96384   0.103000
 -1.56422  -24.80519 -13.79171   0.103000
 -2.86586  -26.77523 -10.47670  -0.006000
 -4.77830  -27.01925 -11.20141   0.103000
 -2.33275  -28.43076  -9.37351   0.103000
 -2.74513  -24.00394  -8.49812  -0.200000
 -1.52285   12.86097 -22.61074  -0.200000
 -2.75751   16.02342 -22.32197  -0.006000
 -1.52025   17.13583 -21.10794   0.103000
 -2.85645   16.89517 -24.18541   0.103000
 -5.40475   15.92240 -21.16465  -0.006000
 -6.64199   14.80999 -22.37868   0.103000
 -5.30577   15.05065 -19.30121   0.103000
 -6.63938   19.08485 -20.87588  -0.200000
 16.38568  -19.55031  -4.09309  -0.200000
 17.50244  -20.65312  -1.06885  -0.006000
 19.18301  -21.81301  -1.33832   0.103000
 17.96597  -19.03840   0.12287   0.103000
 15.43953  -22.22841   0.20417  -0.006000
 13.75898  -21.06850   0.47362   0.103000
 14.97602  -23.84313  -0.98757   0.103000
 16.55631  -23.33120   3.22839  -0.200000
-21.75536  -14.59779  -0.69721  -0.200000
-24.66737  -15.53540  -2.19739  -0.006000
-26.20827  -15.42610  -0.83511   0.103000
-25.06004  -14.27856  -3.78113   0.103000
-24.42460  -18.25043  -3.16032  -0.006000
-22.88368  -18.35973  -4.52262   0.103000
-24.03193  -19.50726  -1.57660   0.103000
-27.33659  -19.18805  -4.66052  -0.200000
-11.76426   14.37568  17.32741  -0.200000
-13.04865   17.03057  19.03364  -0.006000
-11.66382   17.70278  20.40209   0.103000
-13.49877   18.54434  17.71148   0.103000
-15.45216   16.21500  20.41770  -0.006000
-16.83697   15.54277  19.04923   0.103000
-15.00204   14.70124  21.73984   0.103000
-16.73651   18.86990  22.12393  -0.200000
 16.84235   -8.60946 -16.19176  -0.200000
 19.94937   -9.17846 -14.91436  -0.006000
 21.36802   -8.38281 -16.17789   0.103000
 20.10385   -8.29095 -13.06211   0.103000
 20.37856  -12.02571 -14.65626  -0.006000
 18.95991  -12.82138 -13.39272   0.103000
 20.22406  -12.91322 -16.50850   0.103000
 23.48555  -12.59470 -13.37885  -0.200000
 14.39607   31.32865   2.80857  -0.200000
 16.04990   28.37532   2.41891  -0.006000
 14.86340   27.05632   1.37264   0.103000
 17.79871   28.69899   1.38010   0.103000
 16.66457   27.26510   5.01643  -0.006000
 17.85105   28.58407   6.06269   0.103000
 14.91576   26.94141   6.05523   0.103000
 18.31838   24.31176   4.62675  -0.200000
 -4.01820  -17.15081  17.59465  -0.200000
 -4.12901  -20.54850  17.82380  -0.006000
 -3.98677  -21.36917  15.94003   0.103000
 -2.55973  -21.21057  18.98190   0.103000
 -6.62693  -21.35152  19.03754  -0.006000
 -6.76917  -20.53085  20.92131   0.103000
 -8.19620  -20.68946  17.87947   0.103000
 -6.73776  -24.74921  19.26668  -0.200000
-24.89535    0.53430   6.17020  -0.200000
-26.86559   -1.78464   4.63724  -0.006000
-25.70865   -2.96411   3.40737   0.103000
-27.77553   -2.96222   6.06111   0.103000
-28.88560   -0.44354   3.06296  -0.006000
-30.04256    0.73593   4.29283   0.103000
-27.97566    0.73405   1.63909   0.103000
-30.85586   -2.76248   1.53000  -0.200000
  0.10885   24.55899  15.95526  -0.200000
  1.89832   26.62418  17.99055  -0.006000
  0.83445   28.35725  18.31761   0.103000
  2.24762   25.68272  19.78889   0.103000
  4.42149   27.26614  16.73394  -0.006000
  5.48536   25.53307  16.40689   0.103000
  4.07219   28.20760  14.93560   0.103000
  6.21094   29.33133  18.76923  -0.200000
  8.69028  -16.33517 -21.09320  -0.200000
  6.34426  -14.20437 -22.34439  -0.006000
  5.84967  -14.77543 -24.26047   0.103000
  4.66305  -14.25874 -21.15573   0.103000
  7.40788  -11.51652 -22.38524  -0.006000
  7.90249  -10.94546 -20.46915   0.103000
  9.08907  -11.46217 -23.57388   0.103000
  5.06186   -9.38574 -23.63643  -0.200000
-21.57260   11.41081 -10.61697  -0.200000
-21.32393   13.85113 -12.98176  -0.006000
-19.34346   14.13373 -13.47174   0.103000
-22.37402   13.28906 -14.66212   0.103000
-22.41950   16.31599 -11.94169  -0.006000
-24.39997   16.03338 -11.45166   0.103000
-21.36944   16.87805 -10.26129   0.103000
-22.17083   18.75631 -14.30644  -0.200000
-15.38611    0.44178  21.47732  -0.200000
-14.08689    2.50088  23.86082  -0.006000
-15.47158    2.77548  25.36054   0.103000
-12.38228    1.65275  24.64645   0.103000
-13.43270    5.05507  22.67518  -0.006000
-12.04799    4.78048  21.17546   0.103000
-15.13729    5.90320  21.88953   0.103000
-12.13344    7.11418  25.05868  -0.200000
 -2.47042   13.97024  25.60539  -0.200000
 -1.11851   15.93820  23.17468  -0.006000
  0.48383   14.96852  22.31767   0.103000
 -2.53887   16.32385  21.73383   0.103000
 -0.22594   18.42986  24.33769  -0.006000
 -1.82829   19.39951  25.19470   0.103000
  1.19440   18.04420  25.77853   0.103000
  1.12597   20.39782  21.90697  -0.200000
 -2.51061   -6.81277  23.01979  -0.200000
 -0.56295   -9.52031  23.71608  -0.006000
 -0.86789  -10.97177  22.28700   0.103000
  1.41898   -8.95978  23.71402   0.103000
 -1.26423  -10.56837  26.31750  -0.006000
 -0.95928   -9.11689  27.74658   0.103000
 -3.24615  -11.12890  26.31956   0.103000
  0.68344  -13.27589  27.01381  -0.200000
  7.25230  -33.00016  -1.55874  -0.200000
  8.57278  -30.37723   0.16913  -0.006000
  7.46022  -30.04532   1.87039   0.103000
 10.51727  -30.80892   0.69326   0.103000
  8.52573  -28.00950  -1.48897  -0.006000
  9.63828  -28.34141  -3.19024   0.103000
  6.58124  -27.57779  -2.01309   0.103000
  9.84623  -25.38658   0.23892  -0.200000
-23.22438    8.97718  10.29765  -0.200000
-25.66885    7.03991   8.92633  -0.006000
-25.89240    7.52217   6.93645   0.103000
-25.14908    5.05430   9.09784   0.103000
-28.16085    7.50612  10.31564  -0.006000
-27.93731    7.02389  12.30552   0.103000
-28.68064    9.49175  10.14413   0.103000
-30.60531    5.56885   8.94430  -0.200000
 17.95761    1.58813 -22.73082  -0.200000
 19.86769   -0.60528 -20.95616  -0.006000
 21.78015    0.13808 -20.77675   0.103000
 19.05322   -0.86574 -19.08238   0.103000
 19.94772   -3.14621 -22.33273  -0.006000
 18.03528   -3.88955 -22.51212   0.103000
 20.76219   -2.88574 -24.20650   0.103000
 21.85782   -5.33961 -20.55807  -0.200000
-18.06032  -15.22078  22.60271  -0.200000
-16.27905  -12.65920  21.23368  -0.006000
-15.10991  -11.78256  22.68518   0.103000
-15.07557  -13.38657  19.72870   0.103000
-18.09857  -10.69349  20.14609  -0.006000
-19.26772  -11.57015  18.69457   0.103000
-19.30206   -9.96613  21.65105   0.103000
-16.31731   -8.13189  18.77702  -0.200000
-13.24549  -26.72749  10.90699  -0.200000
-14.24260  -23.53510  10.25624  -0.006000
-12.94232  -22.66929   8.91388   0.103000
-16.14083  -23.55761   9.45715   0.103000
-14.24963  -22.00841  12.71115  -0.006000
-15.54991  -22.87425  14.05352   0.103000
-12.35142  -21.98594  13.51026   0.103000
-15.24675  -18.81604  12.06042  -0.200000
  1.12065  -24.45667  16.68214  -0.200000
  3.98978  -24.68183  14.85829  -0.006000
  3.97277  -26.42623  13.76339   0.103000
  4.12077  -23.07070  13.58188   0.103000
  6.26641  -24.68593  16.64008  -0.006000
  6.28341  -22.94150  17.73502   0.103000
  6.13541  -26.29705  17.91649   0.103000
  9.13556  -24.91109  14.81623  -0.200000
 -0.37163   -3.77726 -23.71954  -0.200000
  1.34569   -1.97263 -26.04404  -0.006000
  2.43370   -3.24974 -27.23876   0.103000
  0.01865   -0.90862 -27.20552   0.103000
  3.13987   -0.14078 -24.70883  -0.006000
  2.05188    1.13633 -23.51411   0.103000
  4.46695   -1.20479 -23.54735   0.103000
  4.85722    1.66383 -27.03331  -0.200000
-28.17769    5.65056   0.88320  -0.200000
-27.94119    7.00261  -2.23532  -0.006000
-26.41070    6.08794  -3.26645   0.103000
-29.71464    6.71885  -3.24353   0.103000
-27.39899    9.83408  -2.01940  -0.006000
-28.92944   10.74874  -0.98825   0.103000
-25.62552   10.11782  -1.01119   0.103000
-27.16247   11.18612  -5.13792  -0.200000
  2.92409   34.81493  -2.63503  -0.200000
  1.98663   33.97151   0.53024  -0.006000
  1.31793   32.02354   0.55271   0.103000
  3.59949   34.15892   1.79739   0.103000
 -0.13559   35.72794   1.40700  -0.006000
  0.53309   37.67590   1.38453   0.103000
 -1.74845   35.54055   0.13984   0.103000
 -1.07302   34.88451   4.57227  -0.200000
  4.92200   35.16121   6.52938  -0.200000
  7.33849   32.75948   6.56842  -0.006000
  6.87505   31.29617   5.19503   0.103000
  9.15427   33.60383   6.08645   0.103000
  7.49129   31.58913   9.20748  -0.006000
  7.95473   33.05243  10.58088   0.103000
  5.67551   30.74479   9.68946   0.103000
  9.90776   29.18741   9.24652  -0.200000
-18.46856    7.98508  17.47668  -0.200000
-21.22743    9.94404  17.87677  -0.006000
-21.20292   10.79011  19.75446   0.103000
-21.22593   11.43205  16.45265   0.103000
-23.60703    8.32953  17.57944  -0.006000
-23.63157    7.48347  15.70175   0.103000
-23.60852    6.84153  19.00356   0.103000
-26.36593   10.28850  17.97953  -0.200000
  1.71100   32.68227  12.88092  -0.200000
 -1.18057   33.50766  11.27889  -0.006000
 -2.54546   34.21888  12.64765   0.103000
 -0.79580   34.96260   9.87272   0.103000
 -2.25972   31.16621   9.97095  -0.006000
 -0.89486   30.45502   8.60218   0.103000
 -2.64452   29.71129  11.37712   0.103000
 -5.15130   31.99163   8.36894  -0.200000
  4.85875   14.38174  27.02170  -0.200000
  7.69544   12.49825  27.14289  -0.006000
  8.63064   12.78056  28.95618   0.103000
  7.20917   10.50888  26.92300   0.103000
  9.47390   13.29619  25.00796  -0.006000
  8.53869   13.01388  23.19469   0.103000
  9.96016   15.28556  25.22786   0.103000
 12.31058   11.41266  25.12914  -0.200000
 28.38741   10.57485 -19.85713  -0.200000
 25.34514    9.83315 -18.51414  -0.006000
 25.39323   10.16070 -16.48127   0.103000
 23.90570   11.03258 -19.36939   0.103000
 24.71567    7.05866 -19.02752  -0.006000
 24.66760    6.73111 -21.06037   0.103000
 26.15513    5.85923 -18.17223   0.103000
 21.67342    6.31696 -17.68451  -0.200000
-23.23843    0.85994  21.54448  -0.200000
-23.78708   -1.65840  19.31610  -0.006000
-24.96886   -3.10227  20.18830   0.103000
-24.73712   -0.90701  17.65033   0.103000
-21.25870   -2.82461  18.53825  -0.006000
-20.07692   -1.38075  17.66607   0.103000
-20.30866   -3.57602  20.20403   0.103000
-21.80736   -5.34297  16.30989  -0.200000
 29.60248   25.62506   0.14243  -0.200000
 27.73984   22.80616  -0.29767  -0.006000
 28.21660   21.43288   1.16144   0.103000
 25.73898   23.27780  -0.16975   0.103000
 28.29855   21.67856  -2.90031  -0.006000
 27.82178   23.05184  -4.35943   0.103000
 30.29943   21.20690  -3.02823   0.103000
 26.43589   18.85964  -3.34043  -0.200000
-24.76753   19.23543   6.95408  -0.200000
-26.87419   16.59843   6.48745  -0.006000
-26.98028   15.48895   8.21948   0.103000
-28.75052   17.29555   6.00205   0.103000
-25.87885   14.93817   4.34017  -0.006000
-25.77277   16.04765   2.60814   0.103000
-24.00251   14.24105   4.82557   0.103000
-27.98548   12.30119   3.87354  -0.200000
 12.42754   30.45530 -14.19604  -0.200000
  9.94321   30.43910 -11.86427  -0.006000
  8.94751   28.63750 -11.93372   0.103000
 10.75757   30.70225  -9.99083   0.103000
  8.08810   32.58619 -12.41775  -0.006000
  9.08382   34.38780 -12.34832   0.103000
  7.27374   32.32305 -14.29119   0.103000
  5.60376   32.57000 -10.08600  -0.200000
-13.08573   -1.78230 -28.49688  -0.200000
-10.14951   -2.72476 -27.04788  -0.006000
-10.51039   -4.20940 -25.66664   0.103000
 -8.86461   -3.43012 -28.49482   0.103000
 -8.95373   -0.44921 -25.72505  -0.006000
 -8.59285    1.03542 -27.10627   0.103000
-10.23865    0.25615 -24.27809   0.103000
 -6.01751   -1.39167 -24.27605  -0.200000
-16.53078  -24.48097 -12.13229  -0.200000
-15.85658  -26.27054  -9.31240  -0.006000
-17.45328  -26.14028  -8.01790   0.103000
-15.53533  -28.24298  -9.81083   0.103000
-13.49272  -25.20290  -8.03574  -0.006000
-11.89601  -25.33312  -9.33026   0.103000
-13.81401  -23.23044  -7.53730   0.103000
-12.81852  -26.99245  -5.21585  -0.200000
-33.10101  -10.73525   8.06887  -0.200000
-30.00139  -11.77197   7.10616  -0.006000
-28.64173  -11.34607   8.59351   0.103000
-30.03168  -13.80275   6.76395   0.103000
-29.23614  -10.39829   4.68025  -0.006000
-30.59584  -10.82418   3.19288   0.103000
-29.20587   -8.36750   5.02246   0.103000
-26.13654  -11.43500   3.71754  -0.200000
 24.54922  -23.36529 -13.01407  -0.200000
 23.32918  -20.72895 -11.23348  -0.006000
 23.04394  -21.29636  -9.27415   0.103000
 24.67198  -19.16893 -11.30840   0.103000
 20.80787  -19.88423 -12.36784  -0.006000
 21.09310  -19.31682 -14.32717   0.103000
 19.46507  -21.44425 -12.29291   0.103000
 19.58781  -17.24789 -10.58725  -0.200000
  3.28334   27.35590 -15.51873  -0.200000
  1.36982   27.91672 -18.28155  -0.006000
  1.68794   26.41438 -19.65410   0.103000
 -0.61858   27.94771 -17.74540   0.103000
  2.09072   30.45942 -19.45311  -0.006000
  1.77262   31.96175 -18.08054   0.103000
  4.07913   30.42839 -19.98926   0.103000
  0.17720   31.02021 -22.21592  -0.200000
 19.20232  -26.48918  -9.19376  -0.200000
 16.38523  -24.78094  -8.32487  -0.006000
 16.63573  -23.94684  -6.45835   0.103000
 16.03346  -23.29025  -9.70191   0.103000
 14.13511  -26.59533  -8.27434  -0.006000
 13.88459  -27.42943 -10.14086   0.103000
 14.48689  -28.08602  -6.89727   0.103000
 11.31802  -24.88707  -7.40544  -0.200000
 -8.97841   29.96316   3.53541  -0.200000
-11.44335   31.49962   5.31635  -0.006000
-11.49522   30.72749   7.22510   0.103000
-11.06873   33.52299   5.40365   0.103000
-13.99015   31.04701   4.02536  -0.006000
-13.93828   31.81915   2.11663   0.103000
-14.36477   29.02364   3.93806   0.103000
-16.45509   32.58349   5.80632  -0.200000
 30.39921   -7.94600   6.33081  -0.200000
 31.07371   -4.68851   5.59376  -0.006000
 29.67477   -3.98264   4.25700   0.103000
 31.00383   -3.56508   7.31868   0.103000
 33.70950   -4.49129   4.42266  -0.006000
 35.10845   -5.19718   5.75941   0.103000
 33.77940   -5.61472   2.69774   0.103000
 34.38400   -1.23382   3.68561  -0.200000
 12.14948    0.54279 -28.82961  -0.200000
 11.55995   -1.13964 -25.92602  -0.006000
 12.11700    0.03315 -24.32711   0.103000
  9.55402   -1.58525 -25.78531   0.103000
 13.09416   -3.58978 -25.90346  -0.006000
 12.53709   -4.76258 -27.50237   0.103000
 15.10008   -3.14416 -26.04417   0.103000
 12.50462   -5.27222 -22.99988  -0.200000
 -3.87522  -24.96169 -24.80084  -0.200000
 -4.14610  -24.80063 -21.40825  -0.006000
 -5.89455  -25.71303 -20.81452   0.103000
 -2.54208  -25.76152 -20.54450   0.103000
 -4.17329  -22.03279 -20.57402  -0.006000
 -2.42484  -21.12039 -21.16775   0.103000
 -5.77731  -21.07190 -21.43775   0.103000
 -4.44416  -21.87173 -17.18141  -0.200000
 24.76537  -17.42156  13.81639  -0.200000
 22.37759  -17.43860  11.38588  -0.006000
 20.87308  -18.74404  11.90994   0.103000
 21.59968  -15.54332  11.17361   0.103000
 23.55534  -18.28159   8.88390  -0.006000
 25.05985  -16.97615   8.35985   0.103000
 24.33323  -20.17687   9.09618   0.103000
 21.16754  -18.29863   6.45340  -0.200000
  9.15170  -27.32211 -15.01234  -0.200000
  6.90884  -24.75936 -14.90438  -0.006000
  5.99480  -24.72363 -13.05897   0.103000
  7.88836  -22.97535 -15.22059   0.103000
  4.91227  -25.13893 -16.96039  -0.006000
  5.82633  -25.17467 -18.80578   0.103000
  3.93278  -26.92297 -16.64416   0.103000
  2.66941  -22.57620 -16.85243  -0.200000
 31.97889   -1.65563  12.24140  -0.200000
 29.11395   -3.39021  12.86792  -0.006000
 27.55848   -2.55334  11.80858   0.103000
 29.35935   -5.35272  12.29305   0.103000
 28.52094   -3.28232  15.69531  -0.006000
 30.07641   -4.11921  16.75467   0.103000
 28.27554   -1.31980  16.27020   0.103000
 25.65600   -5.01692  16.32185  -0.200000
 32.78059   -6.56803 -15.80234  -0.200000
 30.83234   -3.82369 -15.27124  -0.006000
 31.92398   -2.12067 -15.65886   0.103000
 29.19634   -3.89028 -16.52078   0.103000
 29.94229   -3.79138 -12.52091  -0.006000
 28.85066   -5.49440 -12.13327   0.103000
 31.57833   -3.72478 -11.27135   0.103000
 27.99406   -1.04704 -11.98978  -0.200000
-28.25226  -13.42575  -9.47599  -0.200000
-28.90512  -10.53108 -11.15031  -0.006000
-30.56358  -10.78716 -12.34450   0.103000
-29.25984   -9.01955  -9.79691   0.103000
-26.63214   -9.83597 -12.79583  -0.006000
-24.97368   -9.57989 -11.60161   0.103000
-26.27742  -11.34752 -14.14923   0.103000
-27.28500   -6.94130 -14.47011  -0.200000
 29.28964  -20.52919   2.78215  -0.200000
 29.13909  -17.12929   2.94750  -0.006000
 29.69204  -16.50787   4.83175   0.103000
 30.41832  -16.31627   1.55296   0.103000
 26.43787  -16.25661   2.40012  -0.006000
 25.88492  -16.87803   0.51586   0.103000
 25.15864  -17.06961   3.79466   0.103000
 26.28732  -12.85673   2.56545  -0.200000
 36.44401    3.77004  -2.71850  -0.200000
 34.08493    2.38616  -4.75036  -0.006000
 32.65959    3.79994  -5.21047   0.103000
 34.97626    1.71978  -6.48350   0.103000
 32.83155    0.16104  -3.39550  -0.006000
 34.25692   -1.25272  -2.93541   0.103000
 31.94021    0.82742  -1.66237   0.103000
 30.47246   -1.22284  -5.42737  -0.200000
-25.30164  -18.78596   9.14238  -0.200000
-24.18456  -19.08043   5.93699  -0.006000
-25.67614  -19.87523   4.75988   0.103000
-23.65920  -17.22278   5.21908   0.103000
-21.87878  -20.82327   5.87635  -0.006000
-20.38722  -20.02845   7.05346   0.103000
-22.40416  -22.68091   6.59426   0.103000
-20.76172  -21.11773   2.67096  -0.200000
 -6.52311   -1.92145  25.34397  -0.200000
 -5.34305   -1.44141  28.50401  -0.006000
 -3.56771   -0.40032  28.42367   0.103000
 -6.72032   -0.36772  29.59606   0.103000
 -4.89995   -4.00397  29.76680  -0.006000
 -6.67531   -5.04504  29.84713   0.103000
 -3.52266   -5.07764  28.67474   0.103000
 -3.71989   -3.52390  32.92685  -0.200000
 22.48916   27.12192   8.69763  -0.200000
 25.66870   26.57626   7.60127  -0.006000
 25.95904   27.56309   5.81692   0.103000
 27.00770   27.27780   9.00018   0.103000
 26.08039   23.74140   7.21155  -0.006000
 25.79006   22.75455   8.99591   0.103000
 24.74137   23.03986   5.81265   0.103000
 29.25991   23.19573   6.11517  -0.200000
 25.80593   14.44195 -13.75386  -0.200000
 28.59165   15.82031 -12.35781  -0.006000
 28.34453   17.85903 -12.20073   0.103000
 28.89015   15.01807 -10.48445   0.103000
 30.88536   15.25427 -14.02404  -0.006000
 31.13250   13.21555 -14.18113   0.103000
 30.58686   16.05651 -15.89742   0.103000
 33.67108   16.63263 -12.62800  -0.200000
 30.14654    2.69418  19.43850  -0.200000
 28.58944    4.76665  17.22722  -0.006000
 26.67464    4.09037  16.88308   0.103000
 28.51551    6.67187  18.00620   0.103000
 30.06018    4.80060  14.73856  -0.006000
 31.97496    5.47686  15.08272   0.103000
 30.13408    2.89538  13.95958   0.103000
 28.50308    6.87305  12.52730  -0.200000
-18.60965   -3.05761 -24.19420  -0.200000
-20.21300   -0.05575 -24.35866  -0.006000
-19.45985    1.04018 -25.93150   0.103000
-22.22898   -0.36831 -24.64209   0.103000
-19.80100    1.39318 -21.89123  -0.006000
-20.55415    0.29725 -20.31837   0.103000
-17.78504    1.70572 -21.60781   0.103000
-21.40438    4.39505 -22.05567  -0.200000
 -3.07468   25.20757  23.19344  -0.200000
 -5.47883   25.14483  20.77990  -0.006000
 -6.46874   26.95074  20.74910   0.103000
 -4.60286   24.81012  18.94607   0.103000
 -7.36058   23.02525  21.34907  -0.006000
 -6.37066   21.21936  21.37989   0.103000
 -8.23654   23.35998  23.18290   0.103000
 -9.76473   22.96252  18.93555  -0.200000
-14.85546   28.66834 -15.88400  -0.200000
-13.68114   25.49069 -16.24792  -0.006000
-12.45694   25.39578 -17.90158   0.103000
-12.61215   24.95689 -14.57024   0.103000
-15.90454   23.67502 -16.59066  -0.006000
-17.12872   23.76994 -14.93698   0.103000
-16.97352   24.20879 -18.26836   0.103000
-14.73021   20.49735 -16.95459  -0.200000
-20.49865   23.15665  10.42881  -0.200000
-20.34169   24.52156   7.31082  -0.006000
-18.38173   24.56890   6.67946   0.103000
-21.45657   23.38328   6.00561   0.103000
-21.39516   27.21272   7.38282  -0.006000
-23.35513   27.16538   8.01416   0.103000
-20.28026   28.35099   8.68802   0.103000
-21.23816   28.57763   4.26481  -0.200000
-31.19195   13.49680 -13.64923  -0.200000
-29.07338   11.68590 -11.68930  -0.006000
-27.27886   12.68156 -11.51467   0.103000
-29.90677   11.43923  -9.82198   0.103000
-28.62414    9.09603 -12.89264  -0.006000
-30.41866    8.10033 -13.06725   0.103000
-27.79075    9.34267 -14.75995   0.103000
-26.50556    7.28510 -10.93269  -0.200000
  7.80958   22.23869  21.84297  -0.200000
  9.34324   21.18109  24.69577  -0.006000
  9.38856   22.72101  26.06288   0.103000
  8.30108   19.59045  25.48698   0.103000
 12.04576   20.35422  24.08724  -0.006000
 12.00044   18.81432  22.72012   0.103000
 13.08794   21.94488  23.29603   0.103000
 13.57944   19.29665  26.94005  -0.200000
 18.58459   -5.44676  24.91772  -0.200000
 19.80735   -2.40647  23.98457  -0.006000
 18.58168   -1.58450  22.54778   0.103000
 19.87580   -1.16099  25.62359   0.103000
 22.47105   -2.72824  22.90813  -0.006000
 23.69671   -3.55021  24.34493   0.103000
 22.40257   -3.97374  21.26913   0.103000
 23.69380    0.31205  21.97498  -0.200000
 24.23149   13.84079  17.36469  -0.200000
 26.16965   14.64438  20.04930  -0.006000
 24.97405   14.90782  21.70555   0.103000
 27.51301   13.12453  20.40640   0.103000
 27.60809   17.09151  19.50133  -0.006000
 28.80370   16.82807  17.84506   0.103000
 26.26470   18.61136  19.14421   0.103000
 29.54626   17.89510  22.18593  -0.200000
  2.67032   15.61592 -31.69001  -0.200000
  2.70932   17.75830 -29.04090  -0.006000
  4.29295   19.06106 -29.23410   0.103000
  0.94643   18.82231 -28.99171   0.103000
  2.99427   16.25363 -26.58888  -0.006000
  1.41066   14.95087 -26.39568   0.103000
  4.75718   15.18962 -26.63807   0.103000
  3.03329   18.39601 -23.93977  -0.200000
 -3.88991    3.69392  32.70075  -0.200000
 -3.26511    5.34466  29.78628  -0.006000
 -1.90239    6.85071  30.12824   0.103000
 -2.49943    4.02689  28.40083   0.103000
 -5.72373    6.48201  28.77683  -0.006000
 -7.08642    4.97593  28.43486   0.103000
 -6.48938    7.79975  30.16230   0.103000
 -5.09892    8.13272  25.86238  -0.200000
-19.64021  -22.93589  -3.13322  -0.200000
-21.24999  -25.87819  -2.53289  -0.006000
-20.10805  -27.44185  -3.23512   0.103000
-21.54515  -26.09886  -0.50648   0.103000
-23.80635  -25.87090  -3.88284  -0.006000
-24.94830  -24.30726  -3.18062   0.103000
-23.51120  -25.65024  -5.90927   0.103000
-25.41614  -28.81324  -3.28251  -0.200000
  8.33154  -10.32873  24.58674  -0.200000
  9.51538   -8.19856  26.96785  -0.006000
  8.35267   -6.49896  27.00857   0.103000
  9.44939   -9.12039  28.80850   0.103000
 12.24654   -7.48180  26.34760  -0.006000
 13.40923   -9.18139  26.30690   0.103000
 12.31253   -6.55998  24.50695   0.103000
 13.43036   -5.35159  28.72873  -0.200000
-28.75039   -6.84251  18.05656  -0.200000
-28.81674   -7.68446  14.75562  -0.006000
-27.47401   -9.20707  14.40784   0.103000
-30.71149   -8.30911  14.24383   0.103000
-28.09770   -5.38372  13.15966  -0.006000
-29.44042   -3.86111  13.50744   0.103000
-26.20292   -4.75909  13.67145   0.103000
-28.16404   -6.22568   9.85876  -0.200000
-16.24216   27.30889  -9.92486  -0.200000
-14.53075   29.78210  -8.32362  -0.006000
-13.14136   28.94531  -7.05418   0.103000
-13.57027   30.96252  -9.71149   0.103000
-16.37786   31.39977  -6.79750  -0.006000
-17.76724   32.23655  -8.06694   0.103000
-17.33831   30.21933  -5.40962   0.103000
-14.66643   33.87298  -5.19627  -0.200000
-18.76447   10.45570 -28.63099  -0.200000
-16.53561    9.27901 -26.33819  -0.006000
-14.67040   10.06003 -26.72950   0.103000
-17.13281    9.84024 -24.44858   0.103000
-16.42372    6.39451 -26.49534  -0.006000
-18.28892    5.61347 -26.10402   0.103000
-15.82649    5.83328 -28.38493   0.103000
-14.19485    5.21782 -24.20252  -0.200000
 -4.12480    4.43955 -28.33977  -0.200000
 -2.56215    7.46585 -28.43392  -0.006000
 -3.10191    8.46465 -30.15238   0.103000
 -3.11669    8.57682 -26.79057   0.103000
  0.30181    7.07272 -28.40820  -0.006000
  0.84159    6.07396 -26.68974   0.103000
  0.85635    5.96175 -30.05154   0.103000
  1.86446   10.09904 -28.50234  -0.200000
 17.00708   29.59188 -18.20883  -0.200000
 19.63305   27.72880 -17.09437  -0.006000
 20.54059   26.79641 -18.69100   0.103000
 20.99319   28.95406 -16.15047   0.103000
 18.67817   25.73529 -15.23112  -0.006000
 17.77063   26.66766 -13.63451   0.103000
 17.31804   24.51003 -16.17504   0.103000
 21.30415   23.87221 -14.11667  -0.200000
-15.07310   27.26393  12.26891  -0.200000
-15.54226   25.46608  15.12495  -0.006000
-15.57792   23.45672  14.67387   0.103000
-14.00225   25.84824  16.43814   0.103000
-18.05361   26.22473  16.33959  -0.006000
-18.01795   28.23410  16.79069   0.103000
-19.59363   25.84259  15.02642   0.103000
-18.52276   24.42690  19.19565  -0.200000
 -9.86154   35.52517  18.21362  -0.200000
 -7.91304   33.17866  16.69490  -0.006000
 -7.60802   33.70748  14.72779   0.103000
 -6.09924   33.06019  17.66365   0.103000
 -9.23409   30.60967  16.80738  -0.006000
 -9.53909   30.08085  18.77447   0.103000
-11.04791   30.72816  15.83865   0.103000
 -7.28561   28.26316  15.28866  -0.200000
  8.65351  -30.56995  10.19384  -0.200000
 11.41670  -28.62801   9.74341  -0.006000
 12.04948  -28.77628   7.78892   0.103000
 10.95476  -26.66649  10.16905   0.103000
 13.52339  -29.52561  11.50798  -0.006000
 12.89063  -29.37734  13.46247   0.103000
 13.98537  -31.48713  11.08234   0.103000
 16.28659  -27.58367  11.05754  -0.200000
 23.84061   11.84110 -24.45574  -0.200000
 21.42643    9.53000 -23.79290  -0.006000
 22.05412    7.67684 -24.43633   0.103000
 21.07171    9.46929 -21.76488   0.103000
 18.99282   10.25530 -25.17452  -0.006000
 18.36513   12.10846 -24.53108   0.103000
 19.34753   10.31601 -27.20253   0.103000
 16.57862    7.94420 -24.51168  -0.200000
 13.65832  -22.14929  22.61953  -0.200000
 14.14556  -21.19870  19.38411  -0.006000
 14.16852  -22.86546  18.17431   0.103000
 12.61919  -19.94589  18.79877   0.103000
 16.67105  -19.81004  19.15765  -0.006000
 16.64809  -18.14330  20.36745   0.103000
 18.19744  -21.06287  19.74299   0.103000
 17.15830  -18.85945  15.92223  -0.200000
-10.95531  -24.02278 -20.31363  -0.200000
-13.44472  -21.90365 -21.27354  -0.006000
-12.62466  -20.24774 -22.18332   0.103000
-14.69438  -22.86676 -22.59755   0.103000
-14.95542  -21.07712 -18.95146  -0.006000
-15.77547  -22.73305 -18.04169   0.103000
-13.70577  -20.11400 -17.62746   0.103000
-17.44482  -18.95798 -19.91140  -0.200000
 36.24551    9.46294   1.26058  -0.200000
 36.14596    7.15193   3.76229  -0.006000
 35.65233    5.31215   2.97891   0.103000
 37.99241    7.03995   4.66808   0.103000
 34.16149    7.93056   5.71502  -0.006000
 34.65514    9.77034   6.49841   0.103000
 32.31503    8.04256   4.80926   0.103000
 34.06197    5.61955   8.21674  -0.200000
  9.60935    9.51670 -26.36261  -0.200000
  8.09831    6.94025 -28.00213  -0.006000
  9.31195    5.27746 -27.93546   0.103000
  6.29732    6.51300 -27.09871   0.103000
  7.64009    7.68769 -30.75694  -0.006000
  6.42647    9.35046 -30.82363   0.103000
  9.44109    8.11492 -31.66036   0.103000
  6.12908    5.11124 -32.39646  -0.200000
 -1.78672  -12.79842 -26.11673  -0.200000
 -3.14290  -10.09520 -27.68604  -0.006000
 -5.19251  -10.29041 -27.74271   0.103000
 -2.64407   -8.38186 -26.65755   0.103000
 -2.11655   -9.93180 -30.38373  -0.006000
 -0.06693   -9.73659 -30.32708   0.103000
 -2.61536  -11.64513 -31.41224   0.103000
 -3.47275   -7.22858 -31.95308  -0.200000
-22.06495   25.61940  -3.15773  -0.200000
-23.91053   24.01111  -0.78779  -0.006000
-22.70485   22.70474   0.25239   0.103000
-24.71085   25.39212   0.51395   0.103000
-26.04715   22.54046  -2.06432  -0.006000
-27.25284   23.84685  -3.10448   0.103000
-25.24685   21.15945  -3.36604   0.103000
-27.89274   20.93218   0.30561  -0.200000
 -2.69670   34.22039  -9.01481  -0.200000
 -1.93200   33.84942 -12.31429  -0.006000
 -0.56987   35.29086 -12.87017   0.103000
 -1.12157   31.98169 -12.62594   0.103000
 -4.33390   34.13301 -13.89793  -0.006000
 -5.69605   32.69156 -13.34205   0.103000
 -5.14434   36.00078 -13.58626   0.103000
 -3.56922   33.76204 -17.19741  -0.200000
 20.98308    9.33277  22.88511  -0.200000
 22.61552    7.08746  24.86059  -0.006000
 21.82074    7.13825  26.76007   0.103000
 22.39815    5.19580  24.07526   0.103000
 25.42343    7.76602  24.97354  -0.006000
 26.21823    7.71522  23.07409   0.103000
 25.64081    9.65765  25.75889   0.103000
 27.05587    5.52068  26.94904  -0.200000
 11.44679  -32.64920  -6.68079  -0.200000
  9.13571  -32.99494  -9.16041  -0.006000
  9.98694  -32.49371 -10.96771   0.103000
  8.48498  -34.94797  -9.22559   0.103000
  6.89157  -31.24957  -8.63628  -0.006000
  6.04034  -31.75082  -6.82896   0.103000
  7.54227  -29.29654  -8.57106   0.103000
  4.58049  -31.59533 -11.11586  -0.200000
 20.65811  -14.09989 -22.00301  -0.200000
 18.81011  -11.58041 -23.36176  -0.006000
 17.09958  -12.35996 -24.20363   0.103000
 18.29905  -10.23270 -21.89051   0.103000
 20.36080  -10.23884 -25.39966  -0.006000
 22.07132   -9.45929 -24.55777   0.103000
 20.87186  -11.58657 -26.87090   0.103000
 18.51278   -7.71938 -26.75839  -0.200000
 14.53592   34.73290  -8.66426  -0.200000
 17.18797   32.60760  -8.90732  -0.006000
 18.35062   32.76333  -7.21435   0.103000
 16.50390   30.67402  -9.09550   0.103000
 18.76804   33.29975 -11.22722  -0.006000
 17.60537   33.14404 -12.92017   0.103000
 19.45210   35.23334 -11.03902   0.103000
 21.42008   31.17445 -11.47028  -0.200000
  7.27153   -1.65166  27.48098  -0.200000
  7.81874   -0.14496  30.48765  -0.006000
  6.52715    1.44460  30.70470   0.103000
  7.49953   -1.50161  32.00416   0.103000
 10.54571    0.80737  30.60614  -0.006000
 11.83730   -0.78220  30.38906   0.103000
 10.86492    2.16402  29.08961   0.103000
 11.09292    2.31406  33.61279  -0.200000
-26.67494   13.99013 -24.75073  -0.200000
-23.52435   13.09627 -23.81045  -0.006000
-23.06345   11.25666 -24.61393   0.103000
-22.17975   14.49993 -24.49174   0.103000
-23.38453   12.94956 -20.92662  -0.006000
-23.84543   14.78919 -20.12316   0.103000
-24.72915   11.54591 -20.24534   0.103000
-20.23396   12.05572 -19.98635  -0.200000
 15.80070   21.93587 -27.59722  -0.200000
 16.98132   20.64679 -24.67262  -0.006000
 18.46423   21.86929 -23.93198   0.103000
 15.44522   20.52456 -23.30595   0.103000
 18.05860   18.00663 -25.14859  -0.006000
 16.57568   16.78411 -25.88923   0.103000
 19.59468   18.12884 -26.51528   0.103000
 19.23923   16.71756 -22.22401  -0.200000
 -9.52518   18.96497  25.60738  -0.200000
 -8.48610   16.18252  27.27693  -0.006000
 -7.42381   14.96907  25.99570   0.103000
 -7.28291   16.73681  28.85406   0.103000
-10.78552   14.74517  28.27922  -0.006000
-11.84783   15.95860  29.56046   0.103000
-11.98871   14.19088  26.70208   0.103000
 -9.74645   11.96270  29.94876  -0.200000
 23.63274   29.01973  15.52954  -0.200000
 22.27838   25.89688  15.67989  -0.006000
 20.22394   26.03602  15.63365   0.103000
 22.92826   24.78792  14.07052   0.103000
 23.10092   24.60690  18.13289  -0.006000
 25.15534   24.46776  18.17913   0.103000
 22.45102   25.71587  19.74225   0.103000
 21.74653   21.48407  18.28323  -0.200000
 -2.71153  -36.84858   4.09770  -0.200000
 -2.35001  -36.09180   0.79537  -0.006000
 -1.96987  -37.81503  -0.26683   0.103000
 -4.08100  -35.22166   0.09638   0.103000
 -0.14560  -34.25096   0.46429  -0.006000
 -0.52574  -32.52772   1.52648   0.103000
  1.58542  -35.12113   1.16328   0.103000
  0.21594  -33.49419  -2.83805  -0.200000
 29.56958  -15.25950 -13.20599  -0.200000
 30.15241  -12.05846 -12.19471  -0.006000
 31.96324  -11.42109 -12.94088   0.103000
 28.65165  -10.83308 -12.89364   0.103000
 30.21181  -11.95615  -9.30618  -0.006000
 28.40098  -12.59353  -8.55999   0.103000
 31.71259  -13.18154  -8.60725   0.103000
 30.79464   -8.75512  -8.29490  -0.200000
-26.56441  -14.87131  20.85173  -0.200000
-25.45711  -17.01927  18.44972  -0.006000
-25.04295  -18.84822  19.30151   0.103000
-26.91053  -17.24611  17.00803   0.103000
-23.05725  -15.95596  17.23831  -0.006000
-23.47140  -14.12703  16.38651   0.103000
-21.60382  -15.72914  18.68000   0.103000
-21.94994  -18.10392  14.83630  -0.200000
 33.00688    9.62266  -6.84961  -0.200000
 35.36067   11.90397  -7.77938  -0.006000
 36.64670   11.04804  -9.14159   0.103000
 34.43735   13.53356  -8.63618   0.103000
 36.85015   12.75474  -5.45235  -0.006000
 35.56412   13.61068  -4.09012   0.103000
 37.77347   11.12514  -4.59553   0.103000
 39.20392   15.03604  -6.38210  -0.200000
 -2.72895  -29.62303  15.75036  -0.200000
 -0.37156  -31.14690  13.81921  -0.006000
 -1.21483  -32.75428  12.84596   0.103000
  0.35200  -29.80669  12.43272   0.103000
  1.79872  -32.06578  15.49345  -0.006000
  2.64201  -30.45842  16.46670   0.103000
  1.07518  -33.40603  16.87994   0.103000
  4.15611  -33.58966  13.56230  -0.200000
  7.49598   23.67456 -28.06935  -0.200000
  9.53424   24.01878 -25.36084  -0.006000
  9.89132   22.16821 -24.53008   0.103000
 11.31842   24.86466 -25.94675   0.103000
  8.25782   25.72208 -23.40456  -0.006000
  7.90076   27.57265 -24.23532   0.103000
  6.47363   24.87620 -22.81865   0.103000
 10.29610   26.06630 -20.69605  -0.200000
-24.45343   22.46085  17.78295  -0.200000
-23.59535   20.02696  15.55838  -0.006000
-23.48342   20.83374  13.66656   0.103000
-21.76583   19.23586  16.07726   0.103000
-25.59341   17.93796  15.59736  -0.006000
-25.70534   17.13118  17.48917   0.103000
-27.42293   18.72906  15.07846   0.103000
-24.73532   15.50407  13.37278  -0.200000
 39.28064   17.49028   4.77350  -0.200000
 37.17826   16.09259   2.48541  -0.006000
 38.08545   16.08030   0.63635   0.103000
 36.73760   14.16066   3.04732   0.103000
 34.73770   17.63621   2.34999  -0.006000
 33.83054   17.64849   4.19905   0.103000
 35.17837   19.56813   1.78810   0.103000
 32.63532   16.23851   0.06191  -0.200000
-12.51027  -37.06996   8.59788  -0.200000
 -9.82093  -35.37545   7.37112  -0.006000
 -8.61672  -34.77597   8.93083   0.103000
 -8.75153  -36.60386   6.11037   0.103000
-10.73028  -33.05294   5.90942  -0.006000
-11.93449  -33.65239   4.34970   0.103000
-11.79970  -31.82450   7.17017   0.103000
 -8.04094  -31.35840   4.68268  -0.200000
 30.70537    3.17499 -17.89599  -0.200000
 33.09625    4.79297 -16.08627  -0.006000
 33.53793    3.69887 -14.39811   0.103000
 34.79572    5.00772 -17.22994   0.103000
 32.11947    7.40210 -15.31425  -0.006000
 31.67778    8.49621 -17.00241   0.103000
 30.42000    7.18735 -14.17058   0.103000
 34.51035    9.02008 -13.50453  -0.200000
 11.34951  -22.05104 -19.48304  -0.200000
 14.22658  -22.39282 -21.27601  -0.006000
 14.94205  -24.31297 -21.06754   0.103000
 13.84617  -22.01350 -23.26438   0.103000
 16.19934  -20.51912 -20.29881  -0.006000
 15.48387  -18.59897 -20.50727   0.103000
 16.57974  -20.89844 -18.31043   0.103000
 19.07641  -20.86089 -22.09179  -0.200000
  7.75253  -22.77642  26.21337  -0.200000
  5.19601  -22.33675  24.00432  -0.006000
  5.28640  -20.43512  23.21850   0.103000
  5.35681  -23.71680  22.48387   0.103000
  2.67207  -22.69608  25.36751  -0.006000
  2.58171  -24.59773  26.15336   0.103000
  2.51129  -21.31605  26.88797   0.103000
  0.11556  -22.25642  23.15848  -0.200000
  3.34720  -19.69180 -24.16208  -0.200000
  6.18118  -20.70066 -25.76205  -0.006000
  6.09714  -20.12409 -27.73761   0.103000
  7.82152  -19.83787 -24.86375   0.103000
  6.40211  -23.57904 -25.60791  -0.006000
  6.48616  -24.15561 -23.63235   0.103000
  4.76177  -24.44183 -26.50621   0.103000
  9.23609  -24.58791 -27.20788  -0.200000
 17.84654  -29.15626  -1.51790  -0.200000
 17.21195  -29.34573   1.82430  -0.006000
 18.49823  -28.09807   2.83971   0.103000
 15.26766  -28.77146   2.18808   0.103000
 17.59711  -32.06544   2.72559  -0.006000
 16.31079  -33.31307   1.71020   0.103000
 19.54137  -32.63969   2.36182   0.103000
 16.96250  -32.25488   6.06782  -0.200000
 -8.50095   35.04089  -2.57564  -0.200000
 -8.00250   36.71284   0.35098  -0.006000
 -7.59186   35.36341   1.85182   0.103000
 -6.41619   38.00946   0.13995   0.103000
-10.38391   38.20690   1.02484  -0.006000
-10.79455   39.55633  -0.47600   0.103000
-11.97022   36.91030   1.23586   0.103000
 -9.88548   39.87887   3.95146  -0.200000
-33.57690   -0.83144 -12.34099  -0.200000
-34.45150    2.25367 -11.18920  -0.006000
-34.49311    3.58664 -12.75875   0.103000
-36.31577    2.15899 -10.31864   0.103000
-32.51750    3.13449  -9.22921  -0.006000
-32.47589    1.80149  -7.65965   0.103000
-30.65323    3.22916 -10.09975   0.103000
-33.39210    6.21960  -8.07741  -0.200000
 -6.61160   23.56649 -28.68859  -0.200000
 -3.61397   24.68578 -27.51787  -0.006000
 -2.17186   24.42985 -28.96599   0.103000
 -3.76447   26.68450 -27.04383   0.103000
 -2.88230   23.18858 -25.15547  -0.006000
 -4.32441   23.44453 -23.70733   0.103000
 -2.73181   21.18988 -25.62951   0.103000
  0.11533   24.30787 -23.98471  -0.200000
 36.72188   12.97189   9.99777  -0.200000
 34.39462   11.24769  11.79225  -0.006000
 32.63504   11.15492  10.72571   0.103000
 35.08074    9.33944  12.15309   0.103000
 33.92586   12.59376  14.30740  -0.006000
 35.68546   12.68654  15.37392   0.103000
 33.23975   14.50202  13.94656   0.103000
 31.59862   10.86957  16.10188  -0.200000
-10.06852  -28.29561 -13.46757  -0.200000
-11.83358  -29.28382 -16.20930  -0.006000
-13.23931  -27.85203 -16.67421   0.103000
-10.54989  -29.52878 -17.80128   0.103000
-13.16126  -31.78997 -15.64877  -0.006000
-11.75555  -33.22178 -15.18387   0.103000
-14.44497  -31.54503 -14.05680   0.103000
-14.92634  -32.77819 -18.39051  -0.200000
-13.46734  -33.28036  -8.35333  -0.200000
-10.53171  -33.07799  -6.63568  -0.006000
-10.19757  -31.12479  -6.07401   0.103000
-10.63426  -34.26758  -4.95736   0.103000
 -8.36391  -33.97869  -8.32302  -0.006000
 -8.69803  -35.93191  -8.88468   0.103000
 -8.26135  -32.78913 -10.00132   0.103000
 -5.42826  -33.77632  -6.60537  -0.200000
-10.82909   24.55179 -22.99532  -0.200000
-12.73071   22.94670 -25.32265  -0.006000
-14.65260   23.68520 -25.26745   0.103000
-11.92992   23.25454 -27.19511   0.103000
-12.77103   20.11398 -24.74676  -0.006000
-10.84916   19.37548 -24.80194   0.103000
-13.57182   19.80614 -22.87427   0.103000
-14.67263   18.50888 -27.07409  -0.200000
 29.12520  -11.28675  15.67556  -0.200000
 30.62371  -13.87418  14.04193  -0.006000
 32.60777  -13.97332  14.58598   0.103000
 29.68522  -15.63811  14.54192   0.103000
 30.42784  -13.45485  11.18831  -0.006000
 28.44378  -13.35568  10.64426   0.103000
 31.36634  -11.69089  10.68833   0.103000
 31.92636  -16.04224   9.55466  -0.200000
-22.72466  -10.31942 -20.87057  -0.200000
-21.75434   -9.86059 -24.10429  -0.006000
-22.14527   -7.91914 -24.67003   0.103000
-19.73585  -10.23287 -24.27538   0.103000
-23.21627  -11.67484 -25.81568  -0.006000
-22.82534  -13.61631 -25.24992   0.103000
-25.23478  -11.30257 -25.64457   0.103000
-22.24597  -11.21603 -29.04940  -0.200000
 28.01213   25.70186 -16.40915  -0.200000
 28.91852   26.87302 -13.34071  -0.006000
 30.56513   25.83473 -12.66795   0.103000
 29.37827   28.87598 -13.47811   0.103000
 26.72980   26.51280 -11.48672  -0.006000
 25.08319   27.55111 -12.15946   0.103000
 26.27005   24.50984 -11.34932   0.103000
 27.63621   27.68398  -8.41828  -0.200000
 11.23119  -15.10235  26.50003  -0.200000
  8.24591  -16.18259  27.73719  -0.006000
  6.74982  -15.76383  26.38500   0.103000
  8.33101  -18.21505  28.06011   0.103000
  7.69249  -14.83369  30.23356  -0.006000
  9.18859  -15.25243  31.58575   0.103000
  7.60739  -12.80123  29.91064   0.103000
  4.70721  -15.91395  31.47074  -0.200000
-31.74908    2.02129 -17.67931  -0.200000
-28.73117    0.45609 -17.90561  -0.006000
-27.22345    1.81969 -17.57468   0.103000
-28.62585   -1.04050 -16.49446   0.103000
-28.43367   -0.68642 -20.54452  -0.006000
-29.94137   -2.05001 -20.87545   0.103000
-28.53895    0.81016 -21.95567   0.103000
-25.41576   -2.25159 -20.77081  -0.200000
-10.90234  -18.77006  25.45597  -0.200000
-10.38936  -16.02843  27.41280  -0.006000
 -9.36102  -16.57868  29.11040   0.103000
 -9.29267  -14.63345  26.36712   0.103000
-12.93826  -14.88656  28.15896  -0.006000
-13.96659  -14.33631  26.46134   0.103000
-14.03492  -16.28154  29.20462   0.103000
-12.42525  -12.14493  30.11579  -0.200000
 25.27342  -21.85610  -3.45518  -0.200000
 25.91801  -24.80763  -1.87971  -0.006000
 27.56986  -25.69491  -2.73194   0.103000
 26.28057  -24.45576   0.11705   0.103000
 23.63628  -26.56220  -2.14919  -0.006000
 21.98443  -25.67492  -1.29696   0.103000
 23.27372  -26.91408  -4.14595   0.103000
 24.28085  -29.51374  -0.57372  -0.200000
  6.28491   -1.88005 -36.73849  -0.200000
  6.91816   -2.53461 -33.45528  -0.006000
  8.94067   -2.81883 -33.18901   0.103000
  6.29027   -0.94603 -32.30443   0.103000
  5.49725   -4.92243 -32.65726  -0.006000
  3.47472   -4.63820 -32.92349   0.103000
  6.12513   -6.51101 -33.80809   0.103000
  6.13048   -5.57700 -29.37404  -0.200000
-14.89393  -20.74643  20.57281  -0.200000
-16.13008  -23.06320  22.74395  -0.006000
-15.52455  -24.94346  22.16053   0.103000
-15.42650  -22.67231  24.63986   0.103000
-19.01834  -22.93891  22.74438  -0.006000
-19.62384  -21.05864  23.32780   0.103000
-19.72190  -23.32978  20.84848   0.103000
-20.25448  -25.25568  24.91553  -0.200000
-21.57676   25.36770 -13.30035  -0.200000
-23.16031   25.66749 -10.29842  -0.006000
-23.30425   23.81514  -9.40957   0.103000
-22.08687   26.93327  -9.07875   0.103000
-25.81073   26.74599 -10.71051  -0.006000
-25.66679   28.59834 -11.59938   0.103000
-26.88417   25.48020 -11.93022   0.103000
-27.39428   27.04580  -7.70863  -0.200000
-20.93042   -4.66462  32.94713  -0.200000
-20.04748   -5.69779  29.82266  -0.006000
-21.01147   -7.46457  29.38528   0.103000
-20.58566   -4.26264  28.44680   0.103000
-17.18804   -6.10935  29.71596  -0.006000
-16.22405   -4.34259  30.15334   0.103000
-16.64987   -7.54450  31.09182   0.103000
-16.30511   -7.14254  26.59151  -0.200000
-26.17690  -16.23619 -16.69080  -0.200000
-23.65561  -16.77298 -18.91886  -0.006000
-22.97053  -14.96535 -19.62978   0.103000
-22.11539  -17.77259 -17.98577   0.103000
-24.63993  -18.36366 -21.12306  -0.006000
-25.32503  -20.17128 -20.41214   0.103000
-26.18017  -17.36403 -22.05613   0.103000
-22.11866  -18.90042 -23.35112  -0.200000
 18.52510   34.31197  16.43829  -0.200000
 19.42555   35.28482  13.29953  -0.006000
 19.60763   37.33562  13.24156   0.103000
 21.22809   34.42076  12.80303   0.103000
 17.40292   34.44428  11.41272  -0.006000
 17.22087   32.39348  11.47069   0.103000
 15.60041   35.30834  11.90922   0.103000
 18.30340   35.41710   8.27396  -0.200000
-31.93991  -12.33262  -2.38087  -0.200000
-34.06280  -14.73229  -3.54035  -0.006000
-35.78624  -13.84608  -4.23798   0.103000
-33.15610  -15.77048  -5.07080   0.103000
-34.71854  -16.55659  -1.39571  -0.006000
-32.99511  -17.44280  -0.69812   0.103000
-35.62527  -15.51837   0.13472   0.103000
-36.84146  -18.95624  -2.55519  -0.200000
 -9.88215   -0.63417  33.23715  -0.200000
-13.17906    0.17915  32.95805  -0.006000
-14.29977   -1.54126  32.79572   0.103000
-13.77121    1.22989  34.62757   0.103000
-13.57317    1.81047  30.60404  -0.006000
-12.45244    3.53088  30.76639   0.103000
-12.98100    0.75973  28.93454   0.103000
-16.87008    2.62379  30.32496  -0.200000
 33.33243   18.31831  -5.91747  -0.200000
 35.80638   20.64811  -5.67041  -0.006000
 35.43131   21.88076  -4.06344   0.103000
 37.61649   19.70242  -5.40307   0.103000
 35.89187   22.22354  -8.09281  -0.006000
 36.26694   20.99087  -9.69976   0.103000
 34.08176   23.16921  -8.36013   0.103000
 38.36582   24.55333  -7.84573  -0.200000
 38.22466   -9.02184  -1.27619  -0.200000
 35.80704  -10.82985  -2.85585  -0.006000
 34.53221   -9.55258  -3.84862   0.103000
 36.68232  -12.11441  -4.20717   0.103000
 34.31505  -12.35512  -0.90516  -0.006000
 35.58987  -13.63235   0.08759   0.103000
 33.43976  -11.07054   0.44616   0.103000
 31.89742  -14.16312  -2.48484  -0.200000
-19.13278   20.88947 -22.95373  -0.200000
-21.49344   20.52214 -20.52435  -0.006000
-21.08362   18.83409 -19.41769   0.103000
-21.47421   22.17270 -19.29244   0.103000
-24.10087   20.26291 -21.74576  -0.006000
-24.51069   21.95096 -22.85244   0.103000
-24.12012   18.61237 -22.97771   0.103000
-26.46151   19.89558 -19.31640  -0.200000
-20.96457  -26.42623  11.01172  -0.200000
-20.84691  -29.39265   9.33965  -0.006000
-21.74147  -30.85836  10.47700   0.103000
-21.84350  -29.21052   7.54638   0.103000
-18.09092  -30.10899   8.84091  -0.006000
-17.19634  -28.64328   7.70358   0.103000
-17.09433  -30.29114  10.63421   0.103000
-17.97324  -33.07539   7.16885  -0.200000
-27.29859   20.10342  -8.25483  -0.200000
-30.17528   18.69585  -9.41794  -0.006000
-31.46617   20.17861 -10.03227   0.103000
-29.74168   17.46029 -11.00781   0.103000
-31.41420   17.15337  -7.30997  -0.006000
-30.12331   15.67063  -6.69566   0.103000
-31.84780   18.38894  -5.72013   0.103000
-34.29089   15.74582  -8.47308  -0.200000
-33.05961    0.00531  22.61840  -0.200000
-32.12423    1.02939  19.50623  -0.006000
-31.35880   -0.56973  18.45790   0.103000
-33.76162    1.78360  18.51009   0.103000
-30.10519    3.08587  19.73479  -0.006000
-30.87062    4.68499  20.78311   0.103000
-28.46778    2.33166  20.73090   0.103000
-29.16981    4.10993  16.62260  -0.200000
  6.64021   36.04246  15.18212  -0.200000
  9.41505   35.13290  16.93763  -0.006000
  8.84787   34.23691  18.70338   0.103000
 10.53012   33.80826  15.82224   0.103000
 11.00202   37.47924  17.51512  -0.006000
 11.56919   38.37524  15.74939   0.103000
  9.88693   38.80388  18.63051   0.103000
 13.77684   36.56966  19.27063  -0.200000
-34.04708   -1.23599  12.98179  -0.200000
-34.73611    0.00939   9.88606  -0.006000
-35.74387    1.79596  10.07292   0.103000
-32.97587    0.31732   8.86195   0.103000
-36.37827   -1.87472   8.43304  -0.006000
-35.37050   -3.66127   8.24618   0.103000
-38.13851   -2.18265   9.45713   0.103000
-37.06728   -0.62934   5.33730  -0.200000
  2.33018   -6.76397  30.55772  -0.200000
  2.17559   -9.46719  32.62620  -0.006000
  1.86765  -11.17017  31.50939   0.103000
  3.94497   -9.63840  33.66649   0.103000
 -0.00830   -9.13053  34.49032  -0.006000
  0.29963   -7.42755  35.60716   0.103000
 -1.77768   -8.95934  33.45006   0.103000
 -0.16289  -11.83377  36.55879  -0.200000
 -3.52184   14.90041 -29.43899  -0.200000
 -4.60188   15.77950 -32.54861  -0.006000
 -4.06998   17.73155 -32.93432   0.103000
 -3.73877   14.54229 -33.95095   0.103000
 -7.47844   15.52206 -32.67815  -0.006000
 -8.01034   13.56999 -32.29241   0.103000
 -8.34155   16.75926 -31.27578   0.103000
 -8.55846   16.40114 -35.78775  -0.200000
  8.96401  -11.67985 -28.94110  -0.200000
  6.75947  -12.76134 -31.30324  -0.006000
  5.36746  -11.28820 -31.66964   0.103000
  7.77403  -13.19575 -33.04226   0.103000
  5.41745  -15.13877 -30.35218  -0.006000
  6.80948  -16.61192 -29.98576   0.103000
  4.40291  -14.70439 -28.61314   0.103000
  3.21293  -16.22028 -32.71432  -0.200000
 13.09935  -16.54725 -25.28558  -0.200000
 15.98506  -16.94561 -27.05283  -0.006000
 17.59891  -16.61064 -25.81768   0.103000
 16.07582  -18.86404 -27.79681   0.103000
 16.04164  -15.05995 -29.24338  -0.006000
 14.42781  -15.39488 -30.47850   0.103000
 15.95086  -13.14150 -28.49939   0.103000
 18.92735  -15.45828 -31.01061  -0.200000
 28.83745  -18.21161  -6.76182  -0.200000
 30.00713  -21.09705  -8.14566  -0.006000
 29.36546  -22.70417  -7.02869   0.103000
 29.29822  -21.27206 -10.07154   0.103000
 32.89734  -21.04456  -8.18488  -0.006000
 33.53901  -19.43744  -9.30186   0.103000
 33.60625  -20.86955  -6.25900   0.103000
 34.06700  -23.93000  -9.56870  -0.200000
-14.96540   -5.98480 -35.42517  -0.200000
-12.18563   -6.69753 -33.58820  -0.006000
-10.83786   -7.73023 -34.75403   0.103000
-11.32604   -4.94379 -32.93417   0.103000
-12.92524   -8.31548 -31.30944  -0.006000
-14.27304   -7.28278 -30.14361   0.103000
-13.78485  -10.06922 -31.96347   0.103000
-10.14549   -9.02820 -29.47247  -0.200000
 25.92914   20.08042 -19.04458  -0.200000
 26.22142   17.58940 -21.35081  -0.006000
 26.97098   15.89853 -20.44449   0.103000
 24.37027   17.17553 -22.15341   0.103000
 28.01682   18.43006 -23.45494  -0.006000
 27.26724   20.12093 -24.36125   0.103000
 29.86795   18.84395 -22.65234   0.103000
 28.30908   15.93907 -25.76116  -0.200000
  4.30387   27.40012  26.25644  -0.200000
  7.10123   29.06117  25.24410  -0.006000
  8.50420   29.02655  26.75164   0.103000
  7.87281   28.14870  23.56653   0.103000
  6.42284   31.80196  24.62317  -0.006000
  5.01991   31.83656  23.11564   0.103000
  5.65130   32.71443  26.30074   0.103000
  9.22022   33.46299  23.61082  -0.200000
 -8.64261  -34.14729  14.01170  -0.200000
 -9.53760  -31.22419  15.51630  -0.006000
 -7.88127  -30.36518  16.38850   0.103000
-10.31806  -29.93818  14.10945   0.103000
-11.52782  -31.75450  17.54492  -0.006000
-13.18415  -32.61354  16.67271   0.103000
-10.74736  -33.04050  18.95176   0.103000
-12.42281  -28.83140  19.04952  -0.200000
 18.29518    9.54707  35.29700  -0.200000
 16.03058    8.11046  33.19538  -0.006000
 16.90600    7.78694  31.35931   0.103000
 15.40463    6.31375  33.98419   0.103000
 13.75700    9.86823  32.88144  -0.006000
 12.88154   10.19175  34.71752   0.103000
 14.38293   11.66494  32.09263   0.103000
 11.49241    8.43162  30.77982  -0.200000
-39.04348   -9.96449  -6.41800  -0.200000
-37.76317   -6.81392  -6.62750  -0.006000
-36.96981   -6.51816  -8.50513   0.103000
-39.26016   -5.44011  -6.28997   0.103000
-35.68765   -6.48320  -4.64245  -0.006000
-36.48101   -6.77898  -2.76484   0.103000
-34.19064   -7.85701  -4.98000   0.103000
-34.40734   -3.33265  -4.85197  -0.200000
  0.46421    0.58682 -33.90651  -0.200000
 -2.82875    1.45448 -34.01940  -0.006000
 -3.16567    3.03928 -32.74773   0.103000
 -3.33072    1.99742 -35.94178   0.103000
 -4.44709   -0.79705 -33.20135  -0.006000
 -4.11015   -2.38185 -34.47299   0.103000
 -3.94514   -1.33999 -31.27894   0.103000
 -7.74007    0.07064 -33.31423  -0.200000
$end
