Header
  1      1(1)a  3.40300  0.45700 0.032830 0.530400 0.100980 0.008650 0.074420 0.203640 0.049060
  2      2(1)a  3.85700  0.00000 0.026780 0.059470 0.232410 0.000050 0.613940 0.021960 0.045380
  3      3(1)a  4.52900  0.00100 0.043600 0.295240 0.132490 0.001940 0.003210 0.484270 0.039240
  4      4(1)a  4.65800  0.00100 0.027400 0.083810 0.209950 0.000040 0.605810 0.027350 0.045640
  5      5(1)a  5.08300  0.04400 0.023840 0.299040 0.188580 0.002870 0.036610 0.405900 0.043160
  6      6(1)a  5.88800  0.20200 0.028070 0.030410 0.232250 0.000280 0.631900 0.027490 0.049590
  7      7(1)a  5.95600  0.03100 0.072140 0.179860 0.238330 0.040220 0.042250 0.377750 0.049460
  8      8(1)a  6.11700  0.00100 0.066050 0.077600 0.268330 0.023990 0.012240 0.503330 0.048450
  9      9(1)a  6.49000  0.03900 0.051390 0.492630 0.115840 0.006350 0.039380 0.250540 0.043870
 10     10(1)a  6.74700  0.00400 0.190100 0.208950 0.163680 0.079040 0.025820 0.286970 0.045440
