3
     1(1)a  0.95094  0.07442  0.03748  0.00510  0.40432  0.20364  0.02773  0.12608  0.06350  0.00865
     2(1)a  0.95462  0.61394  0.23191  0.02446  0.05814  0.02196  0.00232  0.00133  0.00050  0.00005
     3(1)a  0.96076  0.00321  0.04966  0.00127  0.29146  0.48427  0.04233  0.00378  0.08283  0.00194
     4(1)a  0.95436  0.60581  0.20965  0.02456  0.08339  0.02735  0.00284  0.00042  0.00030  0.00004
     5(1)a  0.95684  0.03661  0.06282  0.00392  0.29354  0.40590  0.01992  0.00550  0.12576  0.00287
     6(1)a  0.95041  0.63190  0.22216  0.02556  0.03016  0.02749  0.00251  0.00025  0.01009  0.00028
     7(1)a  0.95054  0.04225  0.04655  0.00757  0.16140  0.37775  0.06457  0.01846  0.19178  0.04022
     8(1)a  0.95155  0.01224  0.08435  0.00869  0.06132  0.50333  0.05736  0.01628  0.18398  0.02399
     9(1)a  0.95613  0.03938  0.05551  0.01041  0.32673  0.25054  0.04098  0.16590  0.06033  0.00635
    10(1)a  0.95456  0.02582  0.04357  0.02267  0.15331  0.28697  0.16743  0.05564  0.12011  0.07904
