$coord
    2.62715396172161      0.00000000000000      0.00000000000000      c
    0.00000000000000      0.00000000000000      0.00000000000000      c
   -1.34248034206329      2.25824162605967      0.00000000000000      c
   -0.06302236653174      4.51094635454999      0.00056691783987      c
    2.59336565846561      4.55873752845067      0.00249443849541      c
    3.90971108811109      2.25090948866408      0.00056691783987      c
    3.63910230588187     -1.77057890020720      0.00147398638365      h
   -3.38155153123089      2.22333838438527      0.00147398638365      h
   -1.09938597232888      6.27304038442054     -0.00066140414651      h
    5.95399792140545      2.26052819468046     -0.00058581510119      h
   -1.34232916397266     -2.35962543308899      0.00300466455129      n
   -3.65236818333473     -2.32113171176211      0.00430857558298      o
   -0.12880373321749     -4.32558311817524      0.00430857558298      o
    3.85736567423016      6.78060192645229     -0.03705752946589      n
    2.92680783461328      8.41653783969139      0.21238632007502      h
    5.73909826557370      6.81669569559041      0.21240521733635      h
    0.31586772311184     -7.86810152140532      3.53189814236327      o
   -0.23899366402605     -6.57603907256742      2.26931542119838      h
    1.16707596240884     -9.29832184781849      2.63682935952198      h
    2.87540728379879     -5.26360537601701     -4.15735969782576      o
    1.68102477876975     -5.21299851017833     -2.69374791064450      h
    2.03874993572500     -4.51816510837761     -5.67908056359325      h
    8.80844814239055      6.29014240592315      2.06588640299324      o
   10.62606232604528      5.81160705729252      1.86948716600244      h
    8.66987452506604      7.77389867368097      3.22803018019526      h
    2.43549793732435     12.03349255529584      0.13018323329449      o
    3.74245142808939     11.91925861056291      1.49037030922292      h
    1.04184381158251     13.18017837273085      0.69063820978572      h
    3.85736567423016     10.46889380357318     -4.75046914189325      o
    3.31800004138194     10.96821613966555     -3.00946445566570      h
    5.67696407032442     10.91485027367286     -4.99825003243721      h
   -7.48123678748097     -6.66689710503656      0.34600885493136      o
   -5.97911238171150     -7.81116407302148      0.27134577542105      h
   -6.98450337619065     -4.93711739203836     -0.23048989642806      h
    9.45220224681937     -0.31887238766312      3.37153598272659      o
    8.06174175824211      0.84523670471709      3.90322932747530      h
   10.31221660989563      0.38423801459964      1.84272864396078      h
   -9.33673998010006     -0.14768209728501      0.79576367455814      o
  -10.13545162742550      1.37694894672712      0.01547685702833      h
   -8.15577453061450     -0.94497645001079     -0.44561631939576      h
   -6.99347957532186     -1.59785793166146     -4.95544773552735      o
   -5.22533842182608     -2.05320634064158     -4.46793618776551      h
   -7.00328725395154     -0.90412057101781     -6.71325208707625      h
    5.57382281799152      4.32078321379771     -5.75705066383611      o
    6.09967690898961      5.96837873727671     -4.99533985419257      h
    3.79137643766980      4.45121211148948     -6.37119275976262      h
   -3.09497456317878      9.48640628982460      4.26225839546224      o
   -3.61257055097616     10.34364275548552      2.65961945668458      h
   -2.69189597903427     10.78854097895078      5.57119609866681      h
   -2.96847629584341      2.69525969155081     -6.44901168191485      o
   -4.55372975419852      2.36850714591355     -7.42443161992643      h
   -3.28710301910926      4.04210530098106     -5.16225936351036      h
   -5.17204814487870      6.88506598707821     -4.73257343541482      o
   -6.90749703627556      7.10786469814543     -5.44660645472566      h
   -4.74404407304143      8.36867107674540     -3.64308962802226      h
    6.45445409317756      3.05629186923861      6.14606968555195      o
    4.74515901145984      2.35255785735200      6.53884926227223      h
    6.26912865132546      4.78724321243920      5.41072055546216      h
    6.25529585603274     11.73820394977113      3.38106020243633      o
    6.48622038947137     13.49642404106926      4.03422514300693      h
    5.61774005331978     10.62850007275670      4.77150179375226      h
    7.71127314963714     -3.97433972185578     -5.40658205523114      o
    8.10526215108247     -2.13395433829978     -5.23627993613549      h
    5.99460813600117     -4.31930922741406     -4.69570487856222      h
   -7.30645601745038      6.60789985516787      3.69547283642585      o
   -5.66505879568724      7.50551976828855      3.96262341983189      h
   -7.05158865390809      4.74897625824827      3.92052032159120      h
$user-defined bonds
$end
