$coord
    2.61980292706468      0.00000000000000      0.00000000000000      c
    0.00000000000000      0.00000000000000      0.00000000000000      c
   -1.34720465739550      2.24684657747837      0.00000000000000      c
   -0.06734983937604      4.50578740220721      0.00024566439728      c
    2.58047772623933      4.55601632281931      0.00156847269030      c
    3.89895854641497      2.25931876995542      0.00024566439728      c
    3.62632775722356     -1.77388592093975      0.00160626721295      h
   -3.38618136025646      2.19784597885265      0.00158736995162      h
   -1.10855114407338      6.26582163059291     -0.00398732214039      h
    5.94392568111717      2.27145081172854     -0.00394952761773      h
   -1.34909438352839     -2.38186750967305      0.00328812347122      n
   -3.65049735446317     -2.32950319853079      0.00481880163886      o
   -0.12067791084608     -4.32872006355583      0.00476210985487      o
    3.85103509168499      6.79931021516786     -0.06266331856649      n
    2.91080185426774      8.40134444158299      0.33024853898310      h
    5.70852249674361      6.81673349011307      0.33021074446044      h
   -2.72513626171173     11.35504307906724     -0.76651071402107      c
   -1.42500468228641     12.41716365205562      1.58746443793058      c
   -3.30624594483539     13.66665057111960      3.39294657981219      c
   -4.92844354908842     15.65541725062978      2.06133216301299      c
   -6.22857512851374     14.59331557490274     -0.29264298893867      c
   -4.34735276322608     13.34380975857742     -2.09812513082027      c
   -3.93505231555309      9.79223956717081     -0.20014089473392      h
   -1.28144218797108     10.70089548090755     -2.07582636245222      h
   -0.49191460965146     10.87433454538379      2.57526208211257      h
   -0.04637387930101     13.82398916894366      0.99824782969684      h
   -4.54403545913682     12.21524641475678      4.15981634179851      h
   -2.25650307801742     14.58086227968702      4.90601249989106      h
   -3.71852749524705     17.21822076252621      1.49498124098716      h
   -6.37215652009039     16.30956484878947      3.37064781144414      h
   -7.60720593149913     13.18645226349203      0.29659251655640      h
   -7.16166520114868     16.13612578431323     -1.28044063312065      h
   -3.10956324892465     14.79521391494024     -2.86499489280659      h
   -5.39705783552140     12.42957915274867     -3.61119105089915      h
    5.06699826915159      9.40945664169350     -7.81658758702286      c
    2.79743718355593      9.11074763186826     -6.05041174870528      c
    1.52716327703020      6.53028880289026     -6.34628616933118      c
    0.83890612217192      5.97070310042016     -9.09821874760723      c
    3.10848610502891      6.26941211024540    -10.86439458592481      c
    4.37877890881597      8.84988983648473    -10.56852016529891      c
    6.53573121415297      8.09721191775638     -7.22680406094925      h
    5.74763982769434     11.34521650317624     -7.69014601147148      h
    3.44553765809039      9.30516265641954     -4.10911498965319      h
    1.42303936710820     10.57422713822022     -6.49336355425367      h
    2.82525395223201      5.07933818079933     -5.68556232422905      h
   -0.19413156563134      6.51263876080911     -5.22195581204821      h
   -0.62980792556813      7.28294782435728     -9.68800227368084      h
    0.15828346089050      4.03494323893743     -9.22464142589728      h
    4.48290281873797      4.80593260389344    -10.42142388311509      h
    2.46036673323312      6.07499708569412    -12.80567244771557      h
    3.08068823361416     10.30082156131433    -11.22922511313971      h
    6.10005485421618      8.86753987856588    -11.69283162532055      h
    7.91765014060958     -4.15579122513546      5.51578932845060      c
    6.58242634689657     -6.67557094798651      5.99260502630031      c
    3.73640430446415     -6.50080907521724      5.51329488995519      c
    2.51989310641902     -4.33384122137595      6.99121190396240      c
    3.85513579739336     -1.81406149852490      6.51435841159003      c
    6.70113894256445     -1.98882337129417      6.99366854793515      c
    7.80923655236593     -3.72425336542970      3.50852223009947      h
    9.88018742139531     -4.33079876230200      6.10254929271159      h
    7.37596014461791     -8.08925617073693      4.72834044887716      h
    6.88646438441655     -7.21988766330289      7.95177859456950      h
    3.42652701319356     -6.18239022182601      3.50598999708141      h
    2.86200912551664     -8.26724947519343      6.09842968974190      h
    2.62830669466267     -4.76537908108171      8.99846010505220      h
    0.55737472289462     -4.15883368420941      6.40443304244008      h
    3.55109775987339     -1.26976368046985      4.55522263784350      h
    3.06160199967202     -0.40039517303581      7.77862298901319      h
    7.01101623383504     -2.30726112194673      9.00099233807027      h
    7.57555301877330     -0.22238297131798      6.40857154267109      h
   12.24644579321073      5.89439595917424      2.05018277882896      c
   11.87435871764554      3.05495016368426      2.44785674623342      c
   13.10629008093502      2.13361418759586      4.89601584864810      c
   15.89082043500335      2.89464469583157      5.06068658386775      c
   16.26292640782986      5.73409049132155      4.66303151372463      c
   15.03099504454038      6.65542646740995      2.21483461678729      c
   11.20231541300742      6.90407663197504      3.50527190115091      h
   11.53762841802665      6.39534345974090      0.18649707205448      h
    9.85824770099251      2.66271860754252      2.53888485405452      h
   12.72507562814800      2.05299847076696      0.86687406893863      h
   12.10350690851926      2.96195674068496      6.48822349917222      h
   12.98067998488212      0.08256213474577      4.96323340719484      h
   16.93498860972931      1.88496402303077      3.60559746154581      h
   16.59967560471008      2.39369719526492      6.92437229064223      h
   15.41220949732740      6.73604218423885      6.24399529375809      h
   18.27905632174422      6.12632204746330      4.57196561138087      h
   16.03379711421747      5.82708391432085      0.62262696626316      h
   15.15660514059329      8.70645962299871      2.14761705824055      h
    2.07877433521952      7.93080263449447      6.89447682321998      c
    1.75434615272572     10.32198649400265      8.48713800801600      c
    3.92180533536156     12.19300433817272      8.08557120477780      c
    6.50574126042407     10.96165878998444      8.49456463171824      c
    6.83016944291788      8.57047493047626      6.90190344692222      c
    4.66271026028204      6.69945708630618      7.30347025016042      c
    1.89764408538243      8.43398001189793      4.90930062336228      h
    0.61826169889620      6.58478850456268      7.42505522955028      h
   -0.00859825390463     11.23406281203990      7.95149513564956      h
    1.70666836239301      9.78798768337182     10.47193626264712      h
    3.82943552198611     12.90167053526617      6.15788047388249      h
    3.71157330307803     13.73906487653178      9.42444216992728      h
    6.68687151026116     10.45848141258097     10.47972193431461      h
    7.96625389674740     12.30767291991622      7.96396732812661      h
    6.87784723325059      9.10447374110708      4.91710519229110      h
    8.59311384954823      7.65841750970033      7.43756521654999      h
    4.75508007365749      5.99080978647407      9.23116098105574      h
    4.87294229256556      5.15339654794712      5.96461818227227      h
   -1.28471141418098     -1.86559433016869    -11.27745092405095      c
   -2.38313362618208     -0.73977108924074     -8.85145830917502      c
   -0.92742089423629     -1.59566584934731     -6.50447514391504      c
   -0.70430092972648     -4.47466361279859     -6.35813475218438      c
    0.39410238501330     -5.60046795646521     -8.78410846979898      c
   -1.06159144967117     -4.74457319635864    -11.13107273779763      c
    0.58950006715368     -1.07583998471313    -11.57840870797432      h
   -2.52270879835702     -1.38144649492339    -12.84571574447142      h
   -2.28397969598958      1.30995815531633     -8.97472514482316      h
   -4.33818759148158     -1.34958571232294     -8.67055482647388      h
    0.96394930038497     -0.79285349631350     -6.57541546294357      h
   -1.92317428543772     -0.92827127099609     -4.83412731779609      h
   -2.57853130832246     -5.26438016373150     -6.05715807099968      h
    0.53371535171089     -4.95879255078256     -4.78986993176391      h
    2.34917524757413     -4.99065333338301     -8.96501195250012      h
    0.29498624934345     -7.65019720102228     -8.66082273688952      h
   -2.95294274703109     -5.54738554939245    -11.06015131603043      h
   -0.06583805846974     -5.41198667197119    -12.80142056391658      h
$user-defined bonds
$end
