$coord
   -1.25890655660522     -2.28309020544207     -0.02600539058866      c
   -2.55699122247792      0.00000086573078     -0.02473375607932      c
   -1.25890608417369      2.28309078417069     -0.02600807399977      c
    1.33242957378820      2.28461838208473     -0.02811468400092      c
    2.68675734597174      0.00000039329925     -0.02772324612976      c
    1.33242819428812     -2.28461806791777     -0.02811124469936      c
   -2.29825097860985     -4.03774810628793     -0.02331912599350      h
   -2.29824905108920      4.03774944090700     -0.02332432274037      h
    2.35149186756475      4.05688947535214     -0.03052901700556      h
    2.35149103608525     -4.05688882103447     -0.03052191163530      h
   -5.27421230959028      0.00000014763485     -0.01892526707014      n
   -6.38095343617905      2.02697623917522     -0.01645705797346      o
   -6.38095103622686     -2.02697724781655     -0.01646488143965      o
    5.24546036269419     -0.00000057046108     -0.07398941104120      n
    6.20368188427312      1.61649966067938      0.19711589672944      h
    6.20368041028674     -1.61650237007423      0.19711149366755      h
$redundant
     number_of_atoms            16
     degrees_of_freedom         42
     internal_coordinates       42
     frozen_coordinates          0
# definitions of redundant internals
   1 k  1.0000000000000 stre    1    7           val=   2.03938
   2 k  0.7071067881861 bend    6    7    1      val=   0.43340
       -0.7071067741870 bend    2    7    1
   3 k  1.0000000000000 outp    7    2    6    1 val=  -0.05642
   4 k  1.0000000000000 stre    3    8           val=   2.03938
   5 k  0.7071067881784 bend    4    8    3      val=   0.43337
       -0.7071067741946 bend    2    8    3
   6 k  1.0000000000000 outp    8    2    4    3 val=   0.05639
   7 k  1.0000000000000 stre    4    9           val=   2.04437
   8 k  0.7071067815732 bend    3    9    4      val=   0.24576
       -0.7071067807999 bend    5    9    4
   9 k  1.0000000000000 outp    9    5    3    4 val=   0.01202
  10 k  1.0000000000000 stre    6   10           val=   2.04437
  11 k  0.7071067815725 bend    1   10    6      val=   0.24579
       -0.7071067808006 bend    5   10    6
  12 k  1.0000000000000 outp   10    5    1    6 val=  -0.01201
  13 k  1.0000000000000 tors   13   11    2    1 val=  89.99986
        1.0000000000000 tors   13   11    2    3
        1.0000000000000 tors   12   11    2    1
        1.0000000000000 tors   12   11    2    3
  14 k  1.0000000000000 stre   11   13           val=   2.30944
  15 k  1.0000000000000 stre   11   12           val=   2.30944
  16 k  0.8164965810747 bend   12   13   11      val=   2.04775
       -0.4082479342213 bend    2   13   11
       -0.4082486464122 bend    2   12   11
  17 k  0.0000004111837 bend   12   13   11      val=   0.00002
       -0.7071069867782 bend    2   13   11
        0.7071065755947 bend    2   12   11
  18 k  1.0000000000000 outp   12   13    2   11 val=   0.00489
  19 k  1.0000000000000 tors   16   14    5    4 val=  90.00012
        1.0000000000000 tors   16   14    5    6
        1.0000000000000 tors   15   14    5    4
        1.0000000000000 tors   15   14    5    6
  20 k  1.0000000000000 stre   14   16           val=   1.89862
  21 k  1.0000000000000 stre   14   15           val=   1.89862
  22 k  0.8177104484218 bend   15   16   14      val=  -1.43731
       -0.4070317098829 bend    5   16   14
       -0.4070317060029 bend    5   15   14
  23 k  0.0000000123455 bend   15   16   14      val=   0.00001
       -0.7071067654155 bend    5   16   14
        0.7071067969576 bend    5   15   14
  24 k  1.0000000000000 outp   15   16    5   14 val= -17.40111
  25 k  1.0000000000000 stre    2   11           val=   2.71723
  26 k  0.7071067811870 bend    3   11    2      val=   0.00003
       -0.7071067811861 bend    1   11    2
  27 k  1.0000000000000 outp   11    1    3    2 val=   0.06629
  28 k  1.0000000000000 stre    5   14           val=   2.55912
  29 k  0.7071067812685 bend    4   14    5      val=   0.00001
       -0.7071067811046 bend    6   14    5
  30 k  1.0000000000000 outp   14    6    4    5 val=   1.05239
  31 k  1.0000000000000 stre    1    6           val=   2.59134
  32 k  1.0000000000000 stre    6    5           val=   2.65588
  33 k  1.0000000000000 stre    5    4           val=   2.65588
  34 k  1.0000000000000 stre    4    3           val=   2.59134
  35 k  1.0000000000000 stre    3    2           val=   2.62631
  36 k  1.0000000000000 stre    2    1           val=   2.62631
  37 k -0.5000000000000 bend    1    5    6      val=   0.10523
       -0.5000000000000 bend    6    4    5
        1.0000000000000 bend    5    3    4
       -0.5000000000000 bend    4    2    3
       -0.5000000000000 bend    3    1    2
        1.0000000000000 bend    2    6    1
  38 k  0.8660254037844 bend    1    5    6      val=   0.21048
       -0.8660254037844 bend    6    4    5
        0.8660254037844 bend    4    2    3
       -0.8660254037844 bend    3    1    2
  39 k -1.0000000000000 bend    1    5    6      val=  -0.66983
        1.0000000000000 bend    6    4    5
       -1.0000000000000 bend    5    3    4
        1.0000000000000 bend    4    2    3
       -1.0000000000000 bend    3    1    2
        1.0000000000000 bend    2    6    1
  40 k -0.5000000000000 tors    6    5    4    3 val=  -0.03162
       -0.5000000000000 tors    5    4    3    2
        1.0000000000000 tors    4    3    2    1
       -0.5000000000000 tors    3    2    1    6
       -0.5000000000000 tors    2    1    6    5
        1.0000000000000 tors    1    6    5    4
  41 k  0.8660254037844 tors    6    5    4    3 val=   0.02110
       -0.8660254037844 tors    5    4    3    2
        0.8660254037844 tors    3    2    1    6
       -0.8660254037844 tors    2    1    6    5
  42 k -1.0000000000000 tors    6    5    4    3 val=  -0.03137
        1.0000000000000 tors    5    4    3    2
       -1.0000000000000 tors    4    3    2    1
        1.0000000000000 tors    3    2    1    6
       -1.0000000000000 tors    2    1    6    5
        1.0000000000000 tors    1    6    5    4
        42 non zero eigenvalues  of BmBt
           1          11.055958950    1    0
         1
           2           5.633562362    2    0
         2
           3           5.128579861    3    0
         3
           4           4.612893430    4    0
         4
           5           4.476352257    5    0
         5
           6           4.095904309    6    0
         6
           7           3.890902994    7    0
         7
           8           3.550215617    8    0
         8
           9           3.387281376    9    0
         9
          10           3.297300282   10    0
        10
          11           3.260912683   11    0
        11
          12           2.770825339   12    0
        12
          13           2.703323327   13    0
        13
          14           2.466746659   14    0
        14
          15           2.341873062   15    0
        15
          16           1.964959252   16    0
        16
          17           1.929696998   17    0
        17
          18           1.672839582   18    0
        18
          19           1.529785362   19    0
        19
          20           1.451323093   20    0
        20
          21           1.264675334   21    0
        21
          22           1.125263834   22    0
        22
          23           0.939748928   23    0
        23
          24           0.808778500   24    0
        24
          25           0.630385649   25    0
        25
          26           0.595077594   26    0
        26
          27           0.451200484   27    0
        27
          28           0.411139895   28    0
        28
          29           0.397133626   29    0
        29
          30           0.385979743   30    0
        30
          31           0.361249898   31    0
        31
          32           0.352099616   32    0
        32
          33           0.341935322   33    0
        33
          34           0.331524174   34    0
        34
          35           0.269920908   35    0
        35
          36           0.178419820   36    0
        36
          37           0.116860993   37    0
        37
          38           0.106928847   38    0
        38
          39           0.087550650   39    0
        39
          40           0.081513491   40    0
        40
          41           0.046197005   41    0
        41
          42           0.024586048   42    0
        42
$user-defined bonds
$end
