# Electronic excitation spectrum of , IRREP a   
# singlet excitations
# excitation energy / eV  oscillator strength (length rep.) (veloc. rep.) (mixed rep.) 
 0.36222643520486E+01   0.49414515962355E+00   0.71469811174324E+00   0.59427094383338E+00
 0.37635481443741E+01   0.34269736516655E-08   0.10440679021615E-07   0.59759512906740E-08
 0.45691695874494E+01   0.59407495862783E-03   0.13728621549906E-02   0.90309508149224E-03
 0.45905046405873E+01   0.81546364728736E-02   0.13019162043509E-01   0.10303714319049E-01
 0.52203553068259E+01   0.33826907331377E-01   0.22330086081828E-01   0.27483769485239E-01
 0.57533955707875E+01   0.27715798424326E+00   0.39493960548165E+00   0.33084840096081E+00
 0.57602992616536E+01   0.20678277365248E-03   0.10782330623444E-03   0.71470402880908E-04
 0.59864853051888E+01   0.27546801230518E-01   0.45401365247544E-01   0.35364461857733E-01
 0.64079806358383E+01   0.62360168025978E-02   0.10091432381809E-01   0.79288537156627E-02
 0.66520326899850E+01   0.16990352846016E-05   0.75856204608114E-05   0.35876982880938E-05
 0.67722220380713E+01   0.51183879587286E-01   0.31586806958553E-01   0.40207482291801E-01
 0.69579008676985E+01   0.76453988323651E-02   0.84037912446667E-02   0.79445200097440E-02
 0.69881682439817E+01   0.60341617317994E+00   0.61090598629109E+00   0.60714933003186E+00
 0.73065283956487E+01   0.16490974581306E-01   0.21217876464053E-01   0.18705230499913E-01
 0.73537889409689E+01   0.20240722285399E-05   0.29696814585920E-05   0.24490766820152E-05
# Electronic excitation spectrum of , IRREP a   
# singlet excitations
# excitation energy / eV  oscillator strength (length rep.) (veloc. rep.) (mixed rep.) 
 0.36713494596528E+01   0.49583805145171E+00   0.70830783296761E+00   0.59262066163220E+00
 0.37515414853100E+01   0.46530214669607E-08   0.12829033363415E-07   0.77176425354568E-08
 0.45576642402546E+01   0.58125217110316E-03   0.13293946063420E-02   0.87904017807109E-03
 0.45955949193822E+01   0.10187723919874E-01   0.15411097858586E-01   0.12530123928065E-01
 0.52529137199985E+01   0.27704238809760E-01   0.16282115644600E-01   0.21238725059726E-01
 0.57542863261421E+01   0.18301450006429E-03   0.11795462281702E-03   0.83703089087534E-04
 0.57570696993780E+01   0.28653042721484E+00   0.40271259454676E+00   0.33969016617582E+00
 0.60037309541808E+01   0.25917995034665E-01   0.43121330178537E-01   0.33430538312373E-01
 0.64125100514418E+01   0.62730847157245E-02   0.10171003168627E-01   0.79837498523426E-02
 0.66484495759754E+01   0.95569529625301E-06   0.57725266009205E-05   0.23449126688116E-05
 0.68233737020405E+01   0.53307221946553E-01   0.33146601119651E-01   0.42034243505486E-01
 0.69488663718457E+01   0.41112363469511E-02   0.50128867667956E-02   0.44754127948636E-02
 0.69873492511006E+01   0.60515879200677E+00   0.61284846622565E+00   0.60899105112234E+00
 0.73478009193563E+01   0.17265979917953E-01   0.21958026228575E-01   0.19470832103232E-01
 0.73623083741893E+01   0.37911930354227E-06   0.30991234207174E-06   0.34116176175493E-06
# Electronic excitation spectrum of , IRREP a   
# singlet excitations
# excitation energy / eV  oscillator strength (length rep.) (veloc. rep.) (mixed rep.) 
 0.36823020110716E+01   0.49627582299120E+00   0.70713796521404E+00   0.59239238311208E+00
 0.37483397585872E+01   0.49153125275787E-08   0.13312380884032E-07   0.80799194133081E-08
 0.45538828397185E+01   0.57830658335119E-03   0.13201579982143E-02   0.87375869265165E-03
 0.45965654581501E+01   0.10626144376617E-01   0.15920785728421E-01   0.13006789108961E-01
 0.52602088949168E+01   0.26291140707961E-01   0.14964174324517E-01   0.19834944702122E-01
 0.57532490558797E+01   0.17726711902247E-03   0.11073214214994E-03   0.90401667085405E-04
 0.57580623426552E+01   0.28871749753589E+00   0.40460599685783E+00   0.34178477162209E+00
 0.60073980035078E+01   0.25542763932603E-01   0.42614592471551E-01   0.32992080718408E-01
 0.64148713790078E+01   0.63038923579042E-02   0.10217929464180E-01   0.80217623427414E-02
 0.66486570141835E+01   0.84834315058727E-06   0.54816778963331E-05   0.21520951239008E-05
 0.68342388030717E+01   0.54001893072119E-01   0.33683654975304E-01   0.42648716915950E-01
 0.69483029695716E+01   0.38430029914809E-02   0.47802327181349E-02   0.42237711187210E-02
 0.69873682011496E+01   0.60453587300051E+00   0.61237799191829E+00   0.60844384491089E+00
 0.73577352233048E+01   0.17503870363773E-01   0.22218501160079E-01   0.19720471423616E-01
 0.73644070776229E+01   0.10210760876725E-05   0.98819688222545E-06   0.10043454878995E-05
# Electronic excitation spectrum of , IRREP a   
# singlet excitations
# excitation energy / eV  oscillator strength (length rep.) (veloc. rep.) (mixed rep.) 
 0.36851654846636E+01   0.49641671856523E+00   0.70686913983184E+00   0.59236383694407E+00
 0.37475122497953E+01   0.49718744011603E-08   0.13415872985346E-07   0.81576402293541E-08
 0.45529134407806E+01   0.57760661081769E-03   0.13179993800182E-02   0.87251554162349E-03
 0.45968058715579E+01   0.10725663705686E-01   0.16036854256625E-01   0.13115102012817E-01
 0.52620489304624E+01   0.25937975577502E-01   0.14639379249457E-01   0.19486294648372E-01
 0.57529048733125E+01   0.17614114856301E-03   0.11016688971880E-03   0.91433666605891E-04
 0.57582767131056E+01   0.28927992716478E+00   0.40510698257652E+00   0.34232925352342E+00
 0.60083973171156E+01   0.25432740740687E-01   0.42469162826911E-01   0.32864727447928E-01
 0.64155792620173E+01   0.63176713694524E-02   0.10235915246693E-01   0.80375784477006E-02
 0.66487167161731E+01   0.82388654519294E-06   0.54160273450524E-05   0.21079464308980E-05
 0.68369573294512E+01   0.54279226230793E-01   0.33904634940423E-01   0.42898152066986E-01
 0.69483643132401E+01   0.38216227274736E-02   0.47688649363845E-02   0.42070710959631E-02
 0.69873494204478E+01   0.60420653449148E+00   0.61212049452475E+00   0.60815019204201E+00
 0.73601582627508E+01   0.17562004315558E-01   0.22283429416681E-01   0.19782039651975E-01
 0.73648748514532E+01   0.11013662336761E-05   0.10981210152547E-05   0.10996324389428E-05
# Electronic excitation spectrum of , IRREP a   
# singlet excitations
# excitation energy / eV  oscillator strength (length rep.) (veloc. rep.) (mixed rep.) 
 0.36859889974458E+01   0.49646019276358E+00   0.70679361478405E+00   0.59235812643912E+00
 0.37472930343602E+01   0.49999713991842E-08   0.13468658509760E-07   0.81966483099072E-08
 0.45526715301917E+01   0.57743764030588E-03   0.13174854950516E-02   0.87221782680116E-03
 0.45968843793709E+01   0.10748753325214E-01   0.16063530985786E-01   0.13140126606784E-01
 0.52625576477172E+01   0.25844874803271E-01   0.14553873086910E-01   0.19394402418417E-01
 0.57527981249664E+01   0.17561244620746E-03   0.11026346382348E-03   0.91758841939680E-04
 0.57583345430114E+01   0.28943693520872E+00   0.40524824929885E+00   0.34248183999358E+00
 0.60087090815575E+01   0.25398856123575E-01   0.42424292623411E-01   0.32825472824559E-01
 0.64157923413088E+01   0.63231465718718E-02   0.10242607240454E-01   0.80436842502210E-02
 0.66487399886745E+01   0.81709333799781E-06   0.53984505012440E-05   0.20957609932890E-05
 0.68377124074402E+01   0.54387606114644E-01   0.33992510141310E-01   0.42996581137837E-01
 0.69484426527996E+01   0.38291160759791E-02   0.47794413672184E-02   0.42160086124620E-02
 0.69873400038167E+01   0.60407095348756E+00   0.61201227050186E+00   0.60802820058862E+00
 0.73607992301687E+01   0.17576349700632E-01   0.22299377843517E-01   0.19797199852865E-01
 0.73649898285975E+01   0.12972838001699E-05   0.13272766045990E-05   0.13121087659973E-05
