$coord
    1.25897107539863      2.28255515547127     -0.02810579874486      c
    2.55589236917215      0.00000080431469     -0.02681199774798      c
    1.25897007384378     -2.28255732629416     -0.02813934138372      c
   -1.33317555853318     -2.28375618745013     -0.03047016739054      c
   -2.68660098648827      0.00000276962986     -0.03031112803920      c
   -1.33317837422512      2.28375728585345     -0.03043297758025      c
    2.29932226789782      4.03663791816859     -0.02521678543290      h
    2.29931977345933     -4.03664088267645     -0.02527372288129      h
   -2.35209668976761     -4.05620705036457     -0.03323530915449      h
   -2.35209001903436      4.05621364787093     -0.03315996577357      h
    5.27622553286918      0.00000025629411     -0.02078360130872      n
    6.38036802146358     -2.02707200340916     -0.01818823254056      o
    6.38036928758009      2.02707185459323     -0.01828296451160      o
   -5.24842481033014     -0.00000066967170     -0.08128958962465      n
   -6.20193516907073     -1.61497919884365      0.21484054874156      h
   -6.20193679423521      1.61497362651372      0.21486103337284      h
$redundant
     number_of_atoms            16
     degrees_of_freedom         42
     internal_coordinates       42
     frozen_coordinates          0
# definitions of redundant internals
   1 k  1.0000000000000 stre    1    7           val=   2.03940
   2 k  0.7071067885342 bend    6    7    1      val=   0.46144
       -0.7071067738389 bend    2    7    1
   3 k  1.0000000000000 outp    7    2    6    1 val=  -0.05772
   4 k  1.0000000000000 stre    3    8           val=   2.03940
   5 k  0.7071067885315 bend    4    8    3      val=   0.46142
       -0.7071067738416 bend    2    8    3
   6 k  1.0000000000000 outp    8    2    4    3 val=   0.05771
   7 k  1.0000000000000 stre    4    9           val=   2.04445
   8 k  0.7071067824240 bend    3    9    4      val=   0.23254
       -0.7071067799491 bend    5    9    4
   9 k  1.0000000000000 outp    9    5    3    4 val=   0.02190
  10 k  1.0000000000000 stre    6   10           val=   2.04445
  11 k  0.7071067824034 bend    1   10    6      val=   0.23226
       -0.7071067799697 bend    5   10    6
  12 k  1.0000000000000 outp   10    5    1    6 val=  -0.02172
  13 k  1.0000000000000 tors   13   11    2    1 val=  89.99824
        1.0000000000000 tors   13   11    2    3
        1.0000000000000 tors   12   11    2    1
        1.0000000000000 tors   12   11    2    3
  14 k  1.0000000000000 stre   11   13           val=   2.30828
  15 k  1.0000000000000 stre   11   12           val=   2.30828
  16 k  0.8164965810866 bend   12   13   11      val=   2.13431
       -0.4082484264460 bend    2   13   11
       -0.4082481541639 bend    2   12   11
  17 k  0.0000001572022 bend   12   13   11      val=   0.00000
        0.7071067025855 bend    2   13   11
       -0.7071068597876 bend    2   12   11
  18 k  1.0000000000000 outp   13    2   12   11 val=   0.00502
  19 k  1.0000000000000 tors   15   14    5    4 val=  90.00011
        1.0000000000000 tors   15   14    5    6
        1.0000000000000 tors   16   14    5    4
        1.0000000000000 tors   16   14    5    6
  20 k  1.0000000000000 stre   14   15           val=   1.89869
  21 k  1.0000000000000 stre   14   16           val=   1.89869
  22 k  0.8179765229744 bend   16   15   14      val=  -1.37023
       -0.4067648975680 bend    5   15   14
       -0.4067637225334 bend    5   16   14
  23 k  0.0000007299955 bend   16   15   14      val=   0.00007
        0.7071064938506 bend    5   15   14
       -0.7071070685220 bend    5   16   14
  24 k  1.0000000000000 outp   15    5   16   14 val=  19.00933
  25 k  1.0000000000000 stre    2   11           val=   2.72034
  26 k  0.7071067811876 bend    1   11    2      val=   0.00002
       -0.7071067811855 bend    3   11    2
  27 k  1.0000000000000 outp   11    3    1    2 val=  -0.06907
  28 k  1.0000000000000 stre    5   14           val=   2.56233
  29 k  0.7071067817711 bend    6   14    5      val=   0.00008
       -0.7071067806020 bend    4   14    5
  30 k  1.0000000000000 outp   14    4    6    5 val=  -1.14594
  31 k  1.0000000000000 stre    1    6           val=   2.59215
  32 k  1.0000000000000 stre    6    5           val=   2.65467
  33 k  1.0000000000000 stre    5    4           val=   2.65468
  34 k  1.0000000000000 stre    4    3           val=   2.59215
  35 k  1.0000000000000 stre    3    2           val=   2.62528
  36 k  1.0000000000000 stre    2    1           val=   2.62527
  37 k -0.5000000000000 bend    1    5    6      val=   0.09641
       -0.5000000000000 bend    6    4    5
        1.0000000000000 bend    5    3    4
       -0.5000000000000 bend    4    2    3
       -0.5000000000000 bend    3    1    2
        1.0000000000000 bend    2    6    1
  38 k  0.8660254037844 bend    1    5    6      val=   0.19274
       -0.8660254037844 bend    6    4    5
        0.8660254037844 bend    4    2    3
       -0.8660254037844 bend    3    1    2
  39 k -1.0000000000000 bend    1    5    6      val=  -0.68066
        1.0000000000000 bend    6    4    5
       -1.0000000000000 bend    5    3    4
        1.0000000000000 bend    4    2    3
       -1.0000000000000 bend    3    1    2
        1.0000000000000 bend    2    6    1
  40 k -0.5000000000000 tors    6    5    4    3 val=  -0.02776
       -0.5000000000000 tors    5    4    3    2
        1.0000000000000 tors    4    3    2    1
       -0.5000000000000 tors    3    2    1    6
       -0.5000000000000 tors    2    1    6    5
        1.0000000000000 tors    1    6    5    4
  41 k  0.8660254037844 tors    6    5    4    3 val=   0.01860
       -0.8660254037844 tors    5    4    3    2
        0.8660254037844 tors    3    2    1    6
       -0.8660254037844 tors    2    1    6    5
  42 k -1.0000000000000 tors    6    5    4    3 val=  -0.02991
        1.0000000000000 tors    5    4    3    2
       -1.0000000000000 tors    4    3    2    1
        1.0000000000000 tors    3    2    1    6
       -1.0000000000000 tors    2    1    6    5
        1.0000000000000 tors    1    6    5    4
        42 non zero eigenvalues  of BmBt
           1          11.057741430    1    0
         1
           2           5.633741241    2    0
         2
           3           5.128809749    3    0
         3
           4           4.611878711    4    0
         4
           5           4.475428497    5    0
         5
           6           4.096432429    6    0
         6
           7           3.885882628    7    0
         7
           8           3.550397361    8    0
         8
           9           3.386076953    9    0
         9
          10           3.299994303   10    0
        10
          11           3.259686894   11    0
        11
          12           2.768982468   12    0
        12
          13           2.697512108   13    0
        13
          14           2.454890447   14    0
        14
          15           2.341316746   15    0
        15
          16           1.962989207   16    0
        16
          17           1.929902823   17    0
        17
          18           1.672462563   18    0
        18
          19           1.527355788   19    0
        19
          20           1.450832053   20    0
        20
          21           1.262838300   21    0
        21
          22           1.124603088   22    0
        22
          23           0.939033922   23    0
        23
          24           0.809618082   24    0
        24
          25           0.630701800   25    0
        25
          26           0.595281157   26    0
        26
          27           0.448579553   27    0
        27
          28           0.410784840   28    0
        28
          29           0.397050443   29    0
        29
          30           0.385721324   30    0
        30
          31           0.361260794   31    0
        31
          32           0.352076742   32    0
        32
          33           0.341970244   33    0
        33
          34           0.331460806   34    0
        34
          35           0.269839970   35    0
        35
          36           0.178327292   36    0
        36
          37           0.116875703   37    0
        37
          38           0.106902720   38    0
        38
          39           0.087613295   39    0
        39
          40           0.081436854   40    0
        40
          41           0.046214633   41    0
        41
          42           0.024573927   42    0
        42
$user-defined bonds
$end
