# Electronic excitation spectrum of , IRREP a   
# singlet excitations
# excitation energy / eV  oscillator strength (length rep.) (veloc. rep.) (mixed rep.) 
 0.36994475272839E+01   0.49341404771260E+00   0.70179619140294E+00   0.58844577173635E+00
 0.37601960876209E+01   0.71605586944034E-07   0.11933589301509E-06   0.92398119951952E-07
 0.45547554426809E+01   0.58358143139655E-03   0.13495803020855E-02   0.88746081778419E-03
 0.46026036611405E+01   0.89223733037531E-02   0.13813592264356E-01   0.11101802258641E-01
 0.52635406216216E+01   0.30229515952103E-01   0.18732649092536E-01   0.23796613915340E-01
 0.57585387442855E+01   0.74382884705852E-04   0.22371063042914E-03   0.10622253743128E-03
 0.57715887704716E+01   0.28702751395392E+00   0.40391996415419E+00   0.34049396874072E+00
 0.60187256156751E+01   0.24591780872836E-01   0.41560291257011E-01   0.31968756097095E-01
 0.64194164537690E+01   0.68839891244986E-02   0.10826001608398E-01   0.86265217445358E-02
 0.66473709003422E+01   0.51025109143356E-06   0.53098480961859E-05   0.16343681391735E-05
 0.68387170130684E+01   0.59861331501030E-01   0.38688485617052E-01   0.48123416866673E-01
 0.69689352788291E+01   0.55702448800126E-01   0.57764606760387E-01   0.56636078379615E-01
 0.69813089706612E+01   0.54808909824723E+00   0.55630678467071E+00   0.55218059393356E+00
 0.73533262638102E+01   0.17441430093035E-01   0.22064708191242E-01   0.19616934180656E-01
 0.73609963187800E+01   0.79024094329944E-05   0.84940850805864E-05   0.81925764444142E-05
# Electronic excitation spectrum of , IRREP a   
# singlet excitations
# excitation energy / eV  oscillator strength (length rep.) (veloc. rep.) (mixed rep.) 
 0.37470072486118E+01   0.49503174973493E+00   0.69604767516462E+00   0.58699057488342E+00
 0.37487387837835E+01   0.72202677754589E-04   0.10202258888552E-03   0.85826352220617E-04
 0.45438055098435E+01   0.57143686512366E-03   0.13081823650934E-02   0.86460444555660E-03
 0.46067159192951E+01   0.10742882798232E-01   0.15926697384435E-01   0.13080467459422E-01
 0.52941306349541E+01   0.24040562804339E-01   0.12936556771565E-01   0.17635248951523E-01
 0.57532156037203E+01   0.59388008491032E-04   0.24748880073810E-03   0.10754694662990E-03
 0.57760810312024E+01   0.29663127360940E+00   0.41170154131971E+00   0.34946180393945E+00
 0.60366740279776E+01   0.22923922168745E-01   0.39227006927560E-01   0.29986669472974E-01
 0.64223535544742E+01   0.69085671044170E-02   0.10884511680785E-01   0.86651113403528E-02
 0.66444400465818E+01   0.90298197534069E-07   0.34087201774654E-05   0.52082451998876E-06
 0.68870000617500E+01   0.69237106823684E-01   0.46248019174656E-01   0.56586758005818E-01
 0.69611046241232E+01   0.16173489630870E-01   0.18019940995642E-01   0.16989405800016E-01
 0.69801221639313E+01   0.57838439998931E+00   0.58845748496999E+00   0.58339915803237E+00
 0.70560933681359E+01   0.23493690069917E-03   0.44240597095331E-03   0.31584763527478E-03
 0.73259238905000E+01   0.11310533399887E-07   0.11872593461116E-07   0.11106974655328E-07
# Electronic excitation spectrum of , IRREP a   
# singlet excitations
# excitation energy / eV  oscillator strength (length rep.) (veloc. rep.) (mixed rep.) 
 0.37459519866267E+01   0.18542939363815E-05   0.25243697407594E-05   0.21633943007181E-05
 0.37566857394868E+01   0.49550628676395E+00   0.69521746371932E+00   0.58692149652228E+00
 0.45405326871213E+01   0.56887708492493E-03   0.13001004220332E-02   0.85999688992703E-03
 0.46074592784393E+01   0.11100187788112E-01   0.16338651568544E-01   0.13467074143659E-01
 0.53003150469563E+01   0.22757187183863E-01   0.11807235501219E-01   0.16392051819042E-01
 0.57523624273175E+01   0.58707993546694E-04   0.24777325893746E-03   0.10807326183229E-03
 0.57771394899402E+01   0.29864833440796E+00   0.41339623749779E+00   0.35136889115213E+00
 0.60401425576211E+01   0.22578244059528E-01   0.38756532364556E-01   0.29580722979225E-01
 0.64241373988936E+01   0.69362554582445E-02   0.10926179393701E-01   0.86989976471926E-02
 0.66446347349625E+01   0.54569698363060E-07   0.31315983216874E-05   0.37161254349866E-06
 0.68963093166489E+01   0.72628793052161E-01   0.49054867562227E-01   0.59689120013659E-01
 0.69607033149636E+01   0.13910270166548E-01   0.15838030886806E-01   0.14763868113546E-01
 0.69801240338854E+01   0.57702668532027E+00   0.58764154397000E+00   0.58230990400624E+00
 0.70421266946703E+01   0.29378748739561E-03   0.50513595908458E-03   0.37685730773522E-03
 0.73340110327512E+01   0.64108047268418E-09   0.40965481855769E-07   0.49092047906396E-08
# Electronic excitation spectrum of , IRREP a   
# singlet excitations
# excitation energy / eV  oscillator strength (length rep.) (veloc. rep.) (mixed rep.) 
 0.37452988535006E+01   0.10427577948301E-05   0.14041708811191E-05   0.12099135981700E-05
 0.37590077156058E+01   0.49561738792815E+00   0.69501355129514E+00   0.58690119795017E+00
 0.45397725077828E+01   0.56833201502071E-03   0.12984040935267E-02   0.85902383513061E-03
 0.46076378278895E+01   0.11174525563750E-01   0.16424404083638E-01   0.13547505614105E-01
 0.53017484602948E+01   0.22464609564159E-01   0.11553003814410E-01   0.16110047004895E-01
 0.57520759329224E+01   0.58439222179951E-04   0.24831601852219E-03   0.10808944404386E-03
 0.57773709695557E+01   0.29912111367740E+00   0.41379995294342E+00   0.35181856497295E+00
 0.60410020461451E+01   0.22488470131421E-01   0.38635656022358E-01   0.29475784578433E-01
 0.64246588299409E+01   0.69474569524951E-02   0.10940676815526E-01   0.87117803981227E-02
 0.66446609417311E+01   0.47962981091685E-07   0.30667940247565E-05   0.33768506409708E-06
 0.68984421557247E+01   0.73686859960087E-01   0.49937582685982E-01   0.60660869231987E-01
 0.69607645576640E+01   0.13637171346446E-01   0.15595460681820E-01   0.14505168296335E-01
 0.69801166096916E+01   0.57618015261495E+00   0.58696137959956E+00   0.58154575832808E+00
 0.70389613263619E+01   0.31367447880444E-03   0.52620215708362E-03   0.39740661645621E-03
 0.73358153863140E+01   0.19514811454758E-09   0.55231655671235E-07   0.17413824462775E-08
# Electronic excitation spectrum of , IRREP a   
# singlet excitations
# excitation energy / eV  oscillator strength (length rep.) (veloc. rep.) (mixed rep.) 
 0.37451420773310E+01   0.93111294729549E-06   0.12507341528278E-05   0.10790251710388E-05
 0.37596159637518E+01   0.49564722599267E+00   0.69496018215150E+00   0.58689632905825E+00
 0.45396006729645E+01   0.56821014636204E-03   0.12980329167798E-02   0.85880895077863E-03
 0.46076923298516E+01   0.11190318008822E-01   0.16442381354678E-01   0.13564492663735E-01
 0.53021101284309E+01   0.22394225610093E-01   0.11491961414186E-01   0.16042240206592E-01
 0.57519883395393E+01   0.58272590486108E-04   0.24871554177927E-03   0.10805196858931E-03
 0.57774297078276E+01   0.29924108908477E+00   0.41390320871789E+00   0.35193301471937E+00
 0.60412428251311E+01   0.22463776034339E-01   0.38602275651369E-01   0.29446868281478E-01
 0.64248097159596E+01   0.69514207476841E-02   0.10945483946106E-01   0.87161732810627E-02
 0.66446673697938E+01   0.46532859092565E-07   0.30514654222281E-05   0.32953830122564E-06
 0.68989818126658E+01   0.74009590300750E-01   0.50208059164176E-01   0.60957983312609E-01
 0.69608188683025E+01   0.13627343771504E-01   0.15596671870920E-01   0.14500619117255E-01
 0.69801136531123E+01   0.57584300955657E+00   0.58666889255045E+00   0.58123072048552E+00
 0.70382078303806E+01   0.31919023682179E-03   0.53188161830246E-03   0.40303094694490E-03
 0.73684715655739E+01   0.29719784439523E-05   0.26068461887719E-05   0.27829201546575E-05
