$coord
    2.62528313285005      0.00000000000000      0.00000000000000      c
    0.00000000000000      0.00000000000000      0.00000000000000      c
   -1.34389763666295      2.25523696150838      0.00000000000000      c
   -0.06438296934741      4.50958575173431      0.00026456165860      c
    2.58983187059712      4.55815171334947      0.00175744530358      c
    3.90687649891177      2.25319605728487      0.00026456165860      c
    3.63639999751184     -1.77107022900175      0.00183303434890      h
   -3.38296882583055      2.21721567171473      0.00181413708757      h
   -1.10210717796024      6.27111286376499     -0.00145508912232      h
    5.95135230481941      2.26343837292511     -0.00145508912232      h
   -1.34389763666295     -2.36523791970366      0.00332591799388      n
   -3.65178236823353     -2.32379622560948      0.00479990437753      o
   -0.12687621256194     -4.32660357028700      0.00468652080956      o
    3.85549484535860      6.78559080344311     -0.04663844095962      n
    2.92219690284904      8.41213477780177      0.25044540439133      h
    5.73051890893040      6.81652562023845      0.25042650713001      h
    7.35853686967271     11.72391762020652      7.13316813106477      cl
    5.02780534915554     11.60758607946608      4.65054042398625      c
    5.02897697935793      9.73435725572053      3.79426771865311      h
    3.16568811507136     12.00219869053526      5.43729010489053      h
    5.66218641196525     13.58546793645084      2.63979622955061      c
    5.66103367902419     15.45871565745772      3.49606893488376      h
    7.52430364604944     13.19083642812033      1.85306544590766      h
    3.33147378870942     13.46913639571039      0.15718741973343      cl
   -8.92298444330475      4.06718196676445     -7.58725042353586      cl
   -5.89449044548089      2.58151707561242     -8.06697629963021      c
   -6.01180464381043      1.28096975643786     -9.65973197073287      h
   -4.47664782523811      4.02292458073227     -8.45992595170245      h
   -5.14906907510281      1.12206268592351     -5.68537335161576      c
   -5.03173597951194      2.42261000509807     -4.09261768051310      h
   -6.56689279808425     -0.31932592193502     -5.29240480228219      h
   -2.12055618001762     -0.36358330796720     -6.16508033044878      cl
   -2.72337881640814      9.64385827121663      5.46404862693219      cl
   -4.44867987847141      6.72445816304426      5.13287412214398      c
   -6.45422732604161      7.07207328518857      5.44789146849602      h
   -4.17130587668645      5.97397232663006      3.23494657784162      h
   -3.48669589326464      4.81097817266824      7.07475669629727      c
   -1.48114844569444      4.46338194778526      6.75975824720656      h
   -3.76406989504960      5.56150180360511      8.97270313786097      h
   -5.21201585258923      1.89159696175720      6.74361998603172      cl
   10.17889643122055      5.96282294244603      2.03946803165550      cl
   11.11166525041290      2.88595195562030      3.16721879323900      c
   11.02400085510833      1.53092383203465      1.61855043281655      h
   13.03676705650616      2.97510923456984      3.89395077216283      h
    9.32307726015929      2.05082528571414      5.27936569196528      c
    9.41072275820253      3.40587230656112      6.82807184691038      h
    7.39797545406603      1.96170580128726      4.55265261030278      h
   10.25582718209032     -1.02604570111159      6.40711645354877      cl
   -4.28572879403268     -6.70300977143601     -6.70639238121387      cl
   -1.73941731627592     -7.81250577857583     -4.73300807242538      c
   -0.16697620110178     -6.48578575246080     -4.82976205042913      h
   -2.39396175692352     -7.96130281427924     -2.78577757331603      h
   -0.86608038396282    -10.40921625229665     -5.65608259655603      c
   -2.43850260187563    -11.73595517567300     -5.55932861855229      h
   -0.21151704605389    -10.26040031933190     -7.60329419840406      h
    1.68024999105527    -11.51871225943647     -3.68269828776754      cl
$user-defined bonds
$end
