$point_charges nocheck
 -4.80629   -5.18176   7.13241  -0.200000
 -1.42606   -5.16746   6.70422  -0.006000
 -0.53268   -6.18564   8.25578   0.103000
 -0.95558   -6.08320   4.92036   0.103000
 -0.47100   -2.43905   6.66686  -0.006000
 -1.36438   -1.42087   5.11530   0.103000
 -0.94146   -1.52331   8.45074   0.103000
  2.90921   -2.42476   6.23869  -0.200000
 -8.75178    4.35676   0.14589  -0.200000
 -9.81289    1.32018   1.26940  -0.006000
-10.71486    0.29415  -0.27199   0.103000
 -8.20033    0.24190   1.96163   0.103000
-11.71205    1.69694   3.41619  -0.006000
-10.81008    2.72300   4.95758   0.103000
-13.32461    2.77525   2.72396   0.103000
-12.77317   -1.33961   4.53973  -0.200000
  6.27519  -11.03077   6.10782  -0.200000
  6.26773   -9.46101   3.08381  -0.006000
  7.07733  -10.70944   1.65965   0.103000
  4.33297   -8.98589   2.56107   0.103000
  7.84166   -7.04178   3.25001  -0.006000
  7.03209   -5.79333   4.67416   0.103000
  9.77642   -7.51688   3.77274   0.103000
  7.83422   -5.47200   0.22599  -0.200000
  4.95787   -5.87860  -8.25844  -0.200000
  6.48749   -2.98291  -7.31783  -0.006000
  7.41464   -3.25509  -5.49890   0.103000
  7.88953   -2.45587  -8.73161   0.103000
  4.51516   -0.88178  -7.08810  -0.006000
  3.58800   -0.60961  -8.90705   0.103000
  3.11312   -1.40881  -5.67434   0.103000
  6.04478    2.01390  -6.14751  -0.200000
 -1.57571    7.06667  -5.96749  -0.200000
  0.53757    9.61306  -6.77922  -0.006000
 -0.55550   11.31311  -7.17589   0.103000
  1.81807    9.97110  -5.20627   0.103000
  2.06899    8.88511  -9.12069  -0.006000
  3.16206    7.18510  -8.72402   0.103000
  0.78849    8.52711 -10.69364   0.103000
  4.18227   11.43154  -9.93242  -0.200000
 -2.37085   15.16333  -3.86447  -0.200000
 -4.11991   13.72474  -1.31878  -0.006000
 -2.89491   12.42631  -0.29130   0.103000
 -4.79794   15.18831  -0.03798   0.103000
 -6.37335   12.27111  -2.39874  -0.006000
 -7.59834   13.56952  -3.42621   0.103000
 -5.69529   10.80751  -3.67952   0.103000
 -8.12242   10.83253   0.14696  -0.200000
 10.93972    8.07588  -8.65168  -0.200000
  9.98170    9.99820  -6.00665  -0.006000
  9.73528   11.94675  -6.62695   0.103000
  8.20268    9.28793  -5.24975   0.103000
 12.01284    9.89158  -3.95219  -0.006000
 12.25924    7.94305  -3.33189   0.103000
 13.79186   10.60185  -4.70908   0.103000
 11.05482   11.81393  -1.30714  -0.200000
  3.87405    5.54194   6.54229  -0.200000
  4.12465    5.15982   9.91876  -0.006000
  4.62242    3.20927  10.35441   0.103000
  5.58235    6.41982  10.64649   0.103000
  1.59096    5.80520  11.15228  -0.006000
  1.09317    7.75578  10.71662   0.103000
  0.13324    4.54524  10.42454   0.103000
  1.84154    5.42310  14.52872  -0.200000
 -9.70573   -9.50111   6.12037  -0.200000
-10.02152   -7.83900   3.16287  -0.006000
-11.95830   -8.00841   2.48291   0.103000
 -9.56211   -5.85042   3.43985   0.103000
 -8.21472   -8.98245   1.21717  -0.006000
 -6.27795   -8.81304   1.89713   0.103000
 -8.67415  -10.97103   0.94018   0.103000
 -8.53051   -7.32035  -1.74032  -0.200000
 16.92150   -4.59117  -2.45022  -0.200000
 14.61575   -2.59061  -3.96361  -0.006000
 14.88770   -2.65087  -6.00436   0.103000
 12.72147   -3.25528  -3.50299   0.103000
 14.93619    0.12646  -3.02961  -0.006000
 14.66422    0.18672  -0.98887   0.103000
 16.83047    0.79113  -3.49023   0.103000
 12.63042    2.12702  -4.54302  -0.200000
 -2.08490  -11.51316  11.33607  -0.200000
 -3.70887  -11.99882   8.38039  -0.006000
 -4.64922  -13.83111   8.40613   0.103000
 -5.10874  -10.51185   8.11316   0.103000
 -1.80115  -11.92633   6.20945  -0.006000
 -0.86081  -10.09405   6.18369   0.103000
 -0.40128  -13.41331   6.47666   0.103000
 -3.42513  -12.41200   3.25375  -0.200000
 -8.69191   -6.42435 -12.70998  -0.200000
-11.27477   -5.15275 -10.88771  -0.006000
-12.26687   -3.73183 -12.00080   0.103000
-12.57728   -6.66905 -10.39119   0.103000
-10.24558   -3.93891  -8.47421  -0.006000
 -9.25350   -5.35981  -7.36114   0.103000
 -8.94307   -2.42259  -8.97078   0.103000
-12.82846   -2.66731  -6.65195  -0.200000
  4.81153   16.12265  -5.76408  -0.200000
  6.56026   18.30430  -3.81689  -0.006000
  7.48316   17.27491  -2.29016   0.103000
  7.98305   19.25788  -4.96083   0.103000
  4.75096   20.26344  -2.70085  -0.006000
  3.82806   21.29283  -4.22760   0.103000
  3.32817   19.30985  -1.55691   0.103000
  6.49968   22.44509  -0.75366  -0.200000
 13.05081   14.87831   9.88661  -0.200000
 14.10350   12.03763   8.32727  -0.006000
 15.97952   11.53311   9.01159   0.103000
 12.78921   10.50433   8.73197   0.103000
 14.20862   12.48737   5.47342  -0.006000
 12.33262   12.99189   4.78908   0.103000
 15.52293   14.02067   5.06872   0.103000
 15.26133    9.64669   3.91408  -0.200000
 -2.65970   22.70689  -0.77664  -0.200000
 -3.45279   20.43030   1.63108  -0.006000
 -4.38632   21.38546   3.19899   0.103000
 -4.71679   19.00817   0.84235   0.103000
 -1.03988   19.15270   2.58152  -0.006000
 -0.10635   18.19755   1.01361   0.103000
  0.22412   20.57483   3.37025   0.103000
 -1.83298   16.87610   4.98922  -0.200000
 15.55528   -4.25748   7.54035  -0.200000
 17.63332   -3.63544   4.91283  -0.006000
 19.58816   -3.89843   5.50568   0.103000
 17.20172   -4.93366   3.37320   0.103000
 17.25862   -0.91436   4.01117  -0.006000
 15.30380   -0.65137   3.41831   0.103000
 17.69024    0.38388   5.55079   0.103000
 19.33668   -0.29232   1.38364  -0.200000
 -2.27973    0.83363 -13.28933  -0.200000
 -1.28388   -2.23196 -12.18477  -0.006000
  0.68234   -2.13849 -11.57867   0.103000
 -2.46507   -2.80783 -10.59874   0.103000
 -1.54081   -4.15778 -14.32548  -0.006000
 -3.50705   -4.25126 -14.93160   0.103000
 -0.35963   -3.58192 -15.91151   0.103000
 -0.54498   -7.22336 -13.22094  -0.200000
  7.55490  -17.18014  -3.88172  -0.200000
  8.59905  -13.96154  -3.48250  -0.006000
  7.40102  -13.01721  -2.09856   0.103000
 10.55061  -13.94896  -2.82421   0.103000
  8.42740  -12.57201  -6.01182  -0.006000
  9.62541  -13.51636  -7.39578   0.103000
  6.47583  -12.58461  -6.67013   0.103000
  9.47153   -9.35341  -5.61262  -0.200000
-15.14050   12.74734   2.62971  -0.200000
-15.51677   10.99751  -0.26959  -0.006000
-17.49070   11.05386  -0.85487   0.103000
-14.34087   11.83796  -1.73689   0.103000
-14.71547    8.25183   0.15106  -0.006000
-12.74152    8.19546   0.73633   0.103000
-15.89139    7.41137   1.61836   0.103000
-15.09173    6.50200  -2.74823  -0.200000
 -9.26759   18.77827   4.64720  -0.200000
 -9.13227   15.43258   5.27734  -0.006000
-10.15834   14.41498   3.80973   0.103000
 -7.16718   14.81577   5.29535   0.103000
-10.33610   14.88679   7.84839  -0.006000
 -9.31004   15.90443   9.31601   0.103000
-12.30121   15.50362   7.83040   0.103000
-10.20078   11.54111   8.47852  -0.200000
 -6.90170    6.87991 -15.63815  -0.200000
 -5.81098    9.51842 -13.77867  -0.006000
 -3.89170    9.15287 -13.12679   0.103000
 -5.83188   11.22590 -14.93027   0.103000
 -7.55095    9.87442 -11.49757  -0.006000
 -9.47023   10.23999 -12.14945   0.103000
 -7.53005    8.16694 -10.34595   0.103000
 -6.46026   12.51293  -9.63808  -0.200000
 12.04071   -7.68123  13.60096  -0.200000
  9.14956   -8.51012  11.99991  -0.006000
  9.39011   -8.25338   9.97054   0.103000
  8.68622  -10.47808  12.39330   0.103000
  7.00724   -6.81071  12.93797  -0.006000
  6.76669   -7.06744  14.96735   0.103000
  7.47058   -4.84274  12.54457   0.103000
  4.11609   -7.63960  11.33690  -0.200000
 12.44235   18.36009   2.96744  -0.200000
 14.78792   19.26880   0.66919  -0.006000
 14.67259   21.29793   0.33520   0.103000
 16.66313   18.79450   1.37691   0.103000
 14.30814   17.85678  -1.80741  -0.006000
 14.42345   15.82765  -1.47342   0.103000
 12.43291   18.33108  -2.51511   0.103000
 16.65368   18.76549  -4.10564  -0.200000
  6.62073    3.83429 -12.57178  -0.200000
  4.27479    3.92141 -15.04116  -0.006000
  2.40369    4.12397 -14.20443   0.103000
  4.64714    5.51915 -16.28649   0.103000
  4.38753    1.46690 -16.56445  -0.006000
  6.25864    1.26436 -17.40117   0.103000
  4.01520   -0.13083 -15.31910   0.103000
  2.04158    1.55405 -19.03379  -0.200000
-11.50613  -12.39235  -7.68538  -0.200000
 -8.56596  -13.86551  -6.79400  -0.006000
 -8.12911  -15.38292  -8.11645   0.103000
 -7.05631  -12.46492  -6.83240   0.103000
 -8.80285  -14.95257  -4.12571  -0.006000
 -9.23970  -13.43516  -2.80326   0.103000
-10.31248  -16.35316  -4.08731   0.103000
 -5.86271  -16.42573  -3.23432  -0.200000
 10.06083    3.12389  12.02752  -0.200000
 10.03176    0.58689  14.30175  -0.006000
  8.46046   -0.68144  13.89616   0.103000
 11.80383   -0.45686  14.18937   0.103000
  9.72515    1.67968  16.96059  -0.006000
 11.29646    2.94803  17.36621   0.103000
  7.95308    2.72344  17.07300   0.103000
  9.69611   -0.85731  19.23482  -0.200000
-16.37446   -0.63877  -0.60331  -0.200000
-19.07903    1.38475  -1.05057  -0.006000
-20.41033    1.10409   0.49577   0.103000
-18.46790    3.35139  -1.08261   0.103000
-20.36441    0.73516  -3.55728  -0.006000
-19.03311    1.01580  -5.10362   0.103000
-20.97556   -1.23148  -3.52527   0.103000
-23.06898    2.75868  -4.00454  -0.200000
  3.68429   20.29623  16.11713  -0.200000
  4.01452   17.09208  15.00641  -0.006000
  5.74004   16.92482  13.89429   0.103000
  4.10889   15.81260  16.61770   0.103000
  1.73885   16.40292  13.36201  -0.006000
  0.01330   16.57018  14.47415   0.103000
  1.64444   17.68239  11.75073   0.103000
  2.06904   13.19879  12.25130  -0.200000
 12.09217   17.29774  -8.75612  -0.200000
  9.39370   16.68160 -10.74304  -0.006000
 10.01370   15.75962 -12.47737   0.103000
  8.07293   15.45450  -9.74700   0.103000
  8.08627   19.17656 -11.39357  -0.006000
  7.46627   20.09852  -9.65926   0.103000
  9.40702   20.40366 -12.38961   0.103000
  5.38778   18.56042 -13.38049  -0.200000
 22.09628    6.41035   2.14183  -0.200000
 20.98896    9.19921   0.52789  -0.006000
 22.09766    9.48826  -1.18369   0.103000
 19.00467    8.96216   0.02925   0.103000
 21.27837   11.49458   2.26138  -0.006000
 20.16967   11.20553   3.97296   0.103000
 23.26266   11.73163   2.76002   0.103000
 20.17103   14.28344   0.64742  -0.200000
  1.90269   -1.39900  13.45506  -0.200000
  1.16460   -3.90389  15.64359  -0.006000
 -0.07066   -5.27434  14.72807   0.103000
  2.90432   -4.83445  16.23486   0.103000
 -0.17072   -2.79940  17.95760  -0.006000
  1.06454   -1.42895  18.87311   0.103000
 -1.91044   -1.86884  17.36632   0.103000
 -0.90881   -5.30431  20.14612  -0.200000
-13.62564    2.85318  14.26182  -0.200000
-10.29508    3.49983  13.94824  -0.006000
 -9.96698    4.60107  12.23889   0.103000
 -9.64467    4.56465  15.58691   0.103000
 -8.84097    1.00679  13.78113  -0.006000
 -9.16908   -0.09443  15.49048   0.103000
 -9.49140   -0.05801  12.14244   0.103000
 -5.51040    1.65345  13.46753  -0.200000
-22.18521    3.14088   5.93841  -0.200000
-19.50878    5.19767   6.40226  -0.006000
-19.23344    6.35649   4.72195   0.103000
-19.85142    6.41511   8.02784   0.103000
-17.14120    3.60688   6.87307  -0.006000
-17.41655    2.44805   8.55339   0.103000
-16.79855    2.38945   5.24749   0.103000
-14.46478    5.66366   7.33694  -0.200000
 -4.63075   12.57840  11.67979  -0.200000
 -4.97399   12.06753  15.03092  -0.006000
 -3.12708   11.69106  15.86125   0.103000
 -5.78948   13.74642  15.90186   0.103000
 -6.71406    9.80454  15.48746  -0.006000
 -8.56097   10.18101  14.65715   0.103000
 -5.89855    8.12567  14.61654   0.103000
 -7.05730    9.29369  18.83860  -0.200000
  5.05999   20.87529   5.76310  -0.200000
  7.59309   21.88607   7.80538  -0.006000
  9.36142   21.90414   6.74946   0.103000
  7.19390   23.78009   8.50936   0.103000
  7.82143   20.05899  10.03411  -0.006000
  6.05311   20.04092  11.09003   0.103000
  8.22061   18.16497   9.33013   0.103000
 10.35453   21.06977  12.07639  -0.200000
-18.22106   -5.86006  -3.51907  -0.200000
-18.53804   -9.22356  -3.96107  -0.006000
-20.22137   -9.89001  -2.97893   0.103000
-18.70562   -9.63957  -5.97133   0.103000
-16.20775  -10.55977  -2.89251  -0.006000
-14.52442   -9.89332  -3.87466   0.103000
-16.04018  -10.14377  -0.88226   0.103000
-16.52471  -13.92329  -3.33452  -0.200000
 -8.53699  -11.49853  18.01550  -0.200000
 -6.69715   -8.78152  17.09807  -0.006000
 -7.35115   -7.12674  18.13551   0.103000
 -4.71118   -9.12020  17.52627   0.103000
 -7.00540   -8.32249  14.26050  -0.006000
 -6.35139   -9.97724  13.22306   0.103000
 -8.99135   -7.98379  13.83232   0.103000
 -5.16555   -5.60546  13.34307  -0.200000
 -6.23303  -18.61649   7.34973  -0.200000
 -7.85535  -18.16032   4.38842  -0.006000
 -6.48123  -17.76469   2.90606   0.103000
 -8.90815  -19.86533   3.91204   0.103000
 -9.68437  -15.93402   4.62458  -0.006000
-11.05849  -16.32967   6.10693   0.103000
 -8.63159  -14.22903   5.10096   0.103000
-11.30668  -15.47788   1.66326  -0.200000
 19.39384    1.59610  -8.79371  -0.200000
 20.68787    4.60231  -7.84637  -0.006000
 20.80464    4.68321  -5.79161   0.103000
 22.57096    4.82394  -8.65079   0.103000
 18.97799    6.73034  -8.79788  -0.006000
 18.86122    6.64942 -10.85262   0.103000
 17.09492    6.50869  -7.99345   0.103000
 20.27202    9.73653  -7.85053  -0.200000
 17.38287   -1.68295 -18.36595  -0.200000
 16.63252   -1.27143 -15.06796  -0.006000
 18.16558   -2.02248 -13.91564   0.103000
 16.38795    0.73336 -14.66395   0.103000
 14.18557   -2.68284 -14.45304  -0.006000
 12.65253   -1.93179 -15.60536   0.103000
 14.43014   -4.68764 -14.85703   0.103000
 13.43523   -2.27132 -11.15505  -0.200000
 17.33340    0.86430  15.11569  -0.200000
 17.78597    1.51318  11.80157  -0.006000
 19.74511    1.13714  11.28913   0.103000
 16.54111    0.30699  10.68905   0.103000
 17.16708    4.28652  11.26936  -0.006000
 15.20795    4.66258  11.78184   0.103000
 18.41194    5.49273  12.38190   0.103000
 17.61966    4.93540   7.95527  -0.200000
 12.85012   -9.79702 -14.02419  -0.200000
 10.20358   -8.50649 -15.73866  -0.006000
 10.62264   -6.56706 -16.29112   0.103000
  9.85664   -9.64083 -17.42242   0.103000
  7.85459   -8.54122 -14.05378  -0.006000
  7.43551  -10.48065 -13.50132   0.103000
  8.20151   -7.40688 -12.37001   0.103000
  5.20803   -7.25071 -15.76825  -0.200000
-12.49980   11.75400  -6.77985  -0.200000
-14.86627   10.47197  -8.86932  -0.006000
-13.97377    9.84778 -10.61752   0.103000
-15.79089    8.87155  -7.96049   0.103000
-16.83073   12.50759  -9.46483  -0.006000
-17.72323   13.13178  -7.71664   0.103000
-15.90609   14.10802 -10.37365   0.103000
-19.19718   11.22556 -11.55431  -0.200000
 -0.83129  -17.76972  -7.47332  -0.200000
  0.26243  -19.12265  -4.54370  -0.006000
  2.18314  -18.48215  -4.16588   0.103000
 -0.97470  -18.52793  -3.00810   0.103000
  0.23108  -22.00656  -4.74316  -0.006000
 -1.68964  -22.64708  -5.12097   0.103000
  1.46818  -22.60129  -6.27877   0.103000
  1.32477  -23.35953  -1.81353  -0.200000
-10.45975   17.47350  -1.23337  -0.200000
-13.18401   17.66423  -3.27093  -0.006000
-13.97683   15.78186  -3.53600   0.103000
-14.59881   18.89110  -2.41341   0.103000
-12.39694   18.74684  -5.83336  -0.006000
-11.60413   20.62921  -5.56827   0.103000
-10.98216   17.51999  -6.69088   0.103000
-15.12123   18.93757  -7.87090  -0.200000
 15.48940  -10.20280   1.99192  -0.200000
 17.71121  -11.43288   4.26339  -0.006000
 19.55182  -10.55714   3.96784   0.103000
 17.04913  -11.01427   6.16829   0.103000
 17.94282  -14.29546   3.93212  -0.006000
 16.10221  -15.17117   4.22766   0.103000
 18.60490  -14.71407   2.02722   0.103000
 20.16463  -15.52554   6.20359  -0.200000
 10.48804    9.09546  16.69420  -0.200000
  7.31488   10.31316  16.45413  -0.006000
  7.38182   12.34562  16.12732   0.103000
  6.34417    9.39674  14.88569   0.103000
  5.88956    9.77984  18.91206  -0.006000
  5.82259    7.74737  19.23885   0.103000
  6.86025   10.69627  20.48049   0.103000
  2.71641   10.99753  18.67199  -0.200000
  9.75235  -15.42481   2.48905  -0.200000
 10.51079  -17.84183   4.76768  -0.006000
 10.85478  -19.62261   3.79160   0.103000
 12.19856  -17.29458   5.81376   0.103000
  8.30143  -18.16193   6.60448  -0.006000
  7.95745  -16.38115   7.58056   0.103000
  6.61364  -18.70918   5.55840   0.103000
  9.05988  -20.57893   8.88311  -0.200000
 -6.99187   21.06514  -9.35191  -0.200000
 -3.71549   20.50665 -10.10174  -0.006000
 -3.34814   18.48001 -10.10918   0.103000
 -3.29300   21.28828 -11.95991   0.103000
 -2.04226   21.78098  -8.11824  -0.006000
 -2.40961   23.80762  -8.11080   0.103000
 -2.46473   20.99935  -6.26011   0.103000
  1.23414   21.22251  -8.86809  -0.200000
-17.09076   -7.05253   5.49616  -0.200000
-19.36529   -4.54606   5.10445  -0.006000
-20.02411   -3.92101   6.95312   0.103000
-18.48420   -2.96659   4.11896   0.103000
-21.60904   -5.51365   3.55953  -0.006000
-20.95024   -6.13870   1.71086   0.103000
-22.49010   -7.09312   4.54498   0.103000
-23.88355   -3.00718   3.16782  -0.200000
 17.21306   -8.46902  -7.32972  -0.200000
 16.91424  -11.80283  -7.96663  -0.006000
 15.54795  -12.09340  -9.48025   0.103000
 18.74283  -12.55995  -8.53706   0.103000
 16.01125  -13.16260  -5.58059  -0.006000
 17.37752  -12.87206  -4.06699   0.103000
 14.18262  -12.40550  -5.01019   0.103000
 15.71241  -16.49642  -6.21752  -0.200000
 -5.20340   -0.84350 -19.98096  -0.200000
 -8.00930   -1.56609 -18.18820  -0.006000
 -9.48408   -2.23564 -19.46055   0.103000
 -7.58152   -3.02849 -16.80231   0.103000
 -8.92166    0.81453 -16.82516  -0.006000
 -7.44688    1.48408 -15.55281   0.103000
 -9.34944    2.27693 -18.21103   0.103000
-11.72756    0.09192 -15.03237  -0.200000
-16.23840    3.66133  -9.85558  -0.200000
-18.81120    4.49384 -11.92837  -0.006000
-20.37803    3.18910 -11.63695   0.103000
-19.43096    6.41449 -11.51705   0.103000
-17.92509    4.33579 -14.67559  -0.006000
-16.35828    5.64053 -14.96701   0.103000
-17.30537    2.41515 -15.08689   0.103000
-20.49793    5.16831 -16.74836  -0.200000
-12.14661  -14.85461 -16.69938  -0.200000
 -9.89980  -14.24300 -14.21197  -0.006000
-10.55096  -12.65523 -13.07303   0.103000
 -9.72051  -15.91439 -13.02180   0.103000
 -7.32894  -13.60614 -15.37077  -0.006000
 -6.67778  -15.19391 -16.50969   0.103000
 -7.50826  -11.93474 -16.56094   0.103000
 -5.08215  -12.99453 -12.88334  -0.200000
 -1.52335  -25.27034  10.23672  -0.200000
 -1.59729  -24.09372   7.04000  -0.006000
 -0.51034  -25.34839   5.82072   0.103000
 -3.54730  -24.01543   6.38161   0.103000
 -0.44788  -21.44217   6.96230  -0.006000
 -1.53484  -20.18753   8.18157   0.103000
  1.50212  -21.52048   7.62066   0.103000
 -0.52183  -20.26556   3.76556  -0.200000
  3.57642  -14.94460 -11.94273  -0.200000
  2.32725  -14.70606 -15.10377  -0.006000
  1.46112  -12.85530 -15.36242   0.103000
  3.85355  -14.94668 -16.46568   0.103000
  0.33922  -16.76486 -15.51223  -0.006000
  1.20534  -18.61560 -15.25359   0.103000
 -1.18707  -16.52424 -14.15033   0.103000
 -0.90996  -16.52630 -18.67331  -0.200000
  0.20515   11.80349 -15.69945  -0.200000
  1.10422   14.85621 -16.91679  -0.006000
  0.20651   16.33383 -15.79743   0.103000
  3.15087   15.06225 -16.81157   0.103000
  0.25413   15.08402 -19.67048  -0.006000
  1.15184   13.60641 -20.78988   0.103000
 -1.79252   14.87798 -19.77574   0.103000
  1.15321   18.13674 -20.88784  -0.200000
  0.84314   22.54033  10.03386  -0.200000
 -1.86076   23.26491  11.97637  -0.006000
 -1.52960   22.59041  13.89410   0.103000
 -2.15871   25.30268  12.00668   0.103000
 -4.20366   21.96553  10.89006  -0.006000
 -4.53481   22.64003   8.97234   0.103000
 -3.90570   19.92779  10.85975   0.103000
 -6.90755   22.69011  12.83258  -0.200000
-17.69479   -8.81992  14.02428  -0.200000
-15.19612  -11.08147  14.52580  -0.006000
-13.54064  -10.11924  15.28446   0.103000
-15.82733  -12.51809  15.85992   0.103000
-14.51281  -12.33574  12.01231  -0.006000
-16.16829  -13.29795  11.25360   0.103000
-13.88161  -10.89911  10.67814   0.103000
-12.01414  -14.59728  12.51379  -0.200000
 25.43159   -1.91860  -3.41853  -0.200000
 24.25717   -4.23627  -1.21438  -0.006000
 25.13708   -3.94322   0.62471   0.103000
 22.21432   -4.04275  -1.03727   0.103000
 24.89323   -6.88803  -2.17421  -0.006000
 24.01334   -7.18111  -4.01329   0.103000
 26.93608   -7.08160  -2.35129   0.103000
 23.71880   -9.20571   0.02995  -0.200000
 15.76504   11.00544 -13.47246  -0.200000
 17.29390   14.00554 -12.95179  -0.006000
 16.95874   14.62049 -11.01491   0.103000
 19.31939   13.80872 -13.26939   0.103000
 16.21827   15.96605 -14.78403  -0.006000
 16.55343   15.35110 -16.72094   0.103000
 14.19279   16.16283 -14.46644   0.103000
 17.74714   18.96616 -14.26337  -0.200000
-17.06604   -3.76621 -13.51400  -0.200000
-20.20777   -3.37911 -12.25351  -0.006000
-21.04614   -1.65850 -13.01437   0.103000
-21.36466   -4.99904 -12.78230   0.103000
-20.07354   -3.19173  -9.37179  -0.006000
-19.23518   -4.91236  -8.61093   0.103000
-18.91667   -1.57180  -8.84299   0.103000
-23.21527   -2.80464  -8.11129  -0.200000
-18.24720   11.46913   8.41178  -0.200000
-17.30178   12.08667  11.62646  -0.006000
-15.63546   13.29723  11.63208   0.103000
-18.83772   13.02726  12.62566   0.103000
-16.68211    9.58974  12.94521  -0.006000
-18.34845    8.37916  12.93962   0.103000
-15.14617    8.64914  11.94600   0.103000
-15.73671   10.20726  16.15990  -0.200000
 11.70738   31.18617  -1.71765  -0.200000
 10.68377   28.22790  -3.06304  -0.006000
  9.28515   27.35804  -1.82633   0.103000
  9.84717   28.56793  -4.91421   0.103000
 12.95381   26.45968  -3.34264  -0.006000
 14.35243   27.32954  -4.57937   0.103000
 13.79039   26.11966  -1.49149   0.103000
 11.93018   23.50143  -4.68805  -0.200000
  5.77383  -14.14863  14.34875  -0.200000
  7.50716  -14.32974  17.27656  -0.006000
  8.44330  -12.53009  17.63324   0.103000
  6.20788  -14.74597  18.81957   0.103000
  9.48913  -16.42648  17.09490  -0.006000
  8.55298  -18.22614  16.73821   0.103000
 10.78843  -16.01027  15.55188   0.103000
 11.22244  -16.60761  20.02269  -0.200000
 20.25501  -12.53831  15.45403  -0.200000
 18.55896  -12.54070  12.49893  -0.006000
 18.60536  -10.65201  11.67858   0.103000
 19.44111  -13.87513  11.20152   0.103000
 15.81442  -13.32113  12.96373  -0.006000
 15.76803  -15.20982  13.78408   0.103000
 14.93228  -11.98670  14.26116   0.103000
 14.11837  -13.32351  10.00865  -0.200000
 14.35041   17.79948  18.16694  -0.200000
 16.85978   15.67248  17.27894  -0.006000
 17.68631   16.29106  15.49666   0.103000
 18.30806   15.66914  18.74344   0.103000
 15.79582   13.00211  16.97110  -0.006000
 14.96930   12.38355  18.75340   0.103000
 14.34750   13.00547  15.50662   0.103000
 18.30517   10.87509  16.08314  -0.200000
-16.20644  -14.81729   6.05310  -0.200000
-19.50829  -15.59481   5.73373  -0.006000
-19.99880  -15.70207   3.73622   0.103000
-19.87593  -17.41245   6.63003   0.103000
-21.10714  -13.55170   7.00918  -0.006000
-20.61663  -13.44444   9.00670   0.103000
-20.73950  -11.73407   6.11289   0.103000
-24.40899  -14.32923   6.68982  -0.200000
 26.55339    5.52696   6.62408  -0.200000
 24.30494    5.16528   9.15843  -0.006000
 23.38255    6.97075   9.52144   0.103000
 22.89033    3.76556   8.62739   0.103000
 25.67773    4.28828  11.54674  -0.006000
 26.60013    2.48282  11.18372   0.103000
 27.09234    5.68800  12.07777   0.103000
 23.42928    3.92661  14.08109  -0.200000
 19.88192   20.86035   6.64976  -0.200000
 17.35228   22.02612   8.61211  -0.006000
 16.56275   23.73337   7.77305   0.103000
 15.88230   20.59129   8.76240   0.103000
 18.37755   22.63344  11.24604  -0.006000
 19.16710   20.92617  12.08510   0.103000
 19.84753   24.06825  11.09575   0.103000
 15.84792   23.79921  13.20839  -0.200000
 -6.31221   -7.03617 -20.76990  -0.200000
 -3.05176   -7.73775 -20.07269  -0.006000
 -2.23298   -6.19059 -18.98731   0.103000
 -2.94257   -9.47856 -18.97729   0.103000
 -1.58608   -8.06159 -22.54341  -0.006000
 -2.40487   -9.60873 -23.62878   0.103000
 -1.69527   -6.32076 -23.63881   0.103000
  1.67439   -8.76315 -21.84620  -0.200000
 -1.82459  -18.66755  12.90222  -0.200000
 -3.01224  -19.69100  15.92731  -0.006000
 -3.71717  -21.62002  15.77177   0.103000
 -1.49560  -19.62392  17.31932   0.103000
 -5.16088  -17.94514  16.75975  -0.006000
 -4.45596  -16.01613  16.91532   0.103000
 -6.67752  -18.01223  15.36776   0.103000
 -6.34853  -18.96860  19.78485  -0.200000
  6.55338   31.02866   4.06471  -0.200000
  4.12981   29.12661   5.52004  -0.006000
  4.86359   27.23600   5.87960   0.103000
  3.55459   29.99016   7.29929   0.103000
  1.84900   28.95387   3.75211  -0.006000
  1.11522   30.84451   3.39253   0.103000
  2.42422   28.09034   1.97284   0.103000
 -0.57457   27.05185   5.20742  -0.200000
 -9.30255   15.98185 -15.41125  -0.200000
-11.71766   17.90833 -13.97418  -0.006000
-13.57419   17.17733 -14.48532   0.103000
-11.50244   17.86560 -11.92623   0.103000
-11.46349   20.63097 -14.91228  -0.006000
 -9.60697   21.36197 -14.40115   0.103000
-11.67870   20.67370 -16.96024   0.103000
-13.87860   22.55745 -13.47524  -0.200000
 12.18293   13.18672 -25.36347  -0.200000
 10.22680   14.05431 -22.71205  -0.006000
 10.02511   16.10309 -22.64835   0.103000
  8.36973   13.18711 -22.91548   0.103000
 11.45714   13.13157 -20.26410  -0.006000
 11.65885   11.08281 -20.32780   0.103000
 13.31422   13.99877 -20.06065   0.103000
  9.50101   13.99917 -17.61270  -0.200000
-12.86276   -7.81581  24.71393  -0.200000
-12.24488   -7.32592  21.39920  -0.006000
-10.21454   -7.15860  21.09617   0.103000
-12.97099   -8.92389  20.32147   0.103000
-13.55200   -4.90059  20.52350  -0.006000
-15.58234   -5.06794  20.82656   0.103000
-12.82589   -3.30266  21.60123   0.103000
-12.93412   -4.41073  17.20877  -0.200000
  6.76169   25.09802  -9.61451  -0.200000
  5.50647   25.64608 -12.73430  -0.006000
  4.43056   23.99799 -13.34132   0.103000
  4.27424   27.29613 -12.69900   0.103000
  7.68223   26.10883 -14.58081  -0.006000
  8.75812   27.75690 -13.97381   0.103000
  8.91444   24.45880 -14.61611   0.103000
  6.42698   26.65691 -17.70061  -0.200000
 17.24165    8.59695 -20.95228  -0.200000
 16.17116    5.62116 -19.68428  -0.006000
 17.11946    4.07646 -20.66257   0.103000
 16.60994    5.53331 -17.67380   0.103000
 13.31395    5.38682 -20.05714  -0.006000
 12.36563    6.93152 -19.07883   0.103000
 12.87518    5.47467 -22.06760   0.103000
 12.24344    2.41101 -18.78911  -0.200000
-30.64707    7.49188  -0.74553  -0.200000
-27.53788    6.92895   0.52926  -0.006000
-27.43654    7.67312   2.44708   0.103000
-27.16315    4.90382   0.55741   0.103000
-25.56595    8.24988  -1.12133  -0.006000
-25.66730    7.50571  -3.03915   0.103000
-25.94069   10.27501  -1.14950   0.103000
-22.45677    7.68695   0.15346  -0.200000
  4.05135  -21.23721 -11.34199  -0.200000
  7.27331  -22.21583 -11.86196  -0.006000
  7.33826  -24.25858 -12.11709   0.103000
  8.00926  -21.28918 -13.54777   0.103000
  8.88472  -21.47935  -9.57751  -0.006000
  8.81977  -19.43661  -9.32238   0.103000
  8.14874  -22.40601  -7.89172   0.103000
 12.10668  -22.45798 -10.09751  -0.200000
-16.22145   19.37022  19.38799  -0.200000
-14.47817   16.85777  17.88533  -0.006000
-13.76870   15.56069  19.31931   0.103000
-15.71646   15.84080  16.59129   0.103000
-12.25504   17.97426  16.41269  -0.006000
-12.96456   19.27137  14.97874   0.103000
-11.01678   18.99126  17.70675   0.103000
-10.51177   15.46185  14.91005  -0.200000
 21.51725   -5.66219   9.66597  -0.200000
 21.25456   -5.43466  13.05540  -0.006000
 20.96135   -3.46763  13.59131   0.103000
 19.65878   -6.56708  13.69840   0.103000
 23.68443   -6.41362  14.27813  -0.006000
 23.97762   -8.38065  13.74222   0.103000
 25.28019   -5.28120  13.63515   0.103000
 23.42174   -6.18608  17.66756  -0.200000
-18.03394  -21.11006  -1.50900  -0.200000
-16.61534  -20.27264   1.47351  -0.006000
-15.40507  -18.62541   1.22027   0.103000
-18.09403  -19.83532   2.83892   0.103000
-15.03358  -22.48918   2.44438  -0.006000
-16.24384  -24.13643   2.69760   0.103000
-13.55489  -22.92650   1.07896   0.103000
-13.61499  -21.65176   5.42690  -0.200000
 -3.94083    5.00898  28.17827  -0.200000
 -2.55111    4.11941  25.19727  -0.006000
 -0.53948    4.56119  25.21794   0.103000
 -2.80751    2.09814  24.89557   0.103000
 -3.83599    5.58229  23.06033  -0.006000
 -5.84763    5.14051  23.03965   0.103000
 -3.57956    7.60354  23.36202   0.103000
 -2.44623    4.69274  20.07934  -0.200000
-18.34300   21.30390   0.93687  -0.200000
-16.24917   20.93017   3.59872  -0.006000
-16.42106   19.01815   4.34492   0.103000
-14.30731   21.26087   2.99709   0.103000
-16.95689   22.83373   5.65618  -0.006000
-16.78498   24.74574   4.90998   0.103000
-18.89874   22.50299   6.25781   0.103000
-14.86304   22.45998   8.31803  -0.200000
 -2.60913  -24.11827 -10.50729  -0.200000
 -3.66182  -21.99244 -12.95303  -0.006000
 -3.71029  -20.06917 -12.21759   0.103000
 -2.36363  -22.08502 -14.54944   0.103000
 -6.31091  -22.75824 -13.82087  -0.006000
 -6.26244  -24.68151 -14.55633   0.103000
 -7.60910  -22.66566 -12.22447   0.103000
 -7.36360  -20.63241 -16.26661  -0.200000
 -6.53337   27.77625  -6.39306  -0.200000
 -5.90641   30.08015  -3.96240  -0.006000
 -4.31704   31.26130  -4.52884   0.103000
 -7.57332   31.25781  -3.68557   0.103000
 -5.26504   28.72365  -1.49130  -0.006000
 -6.85441   27.54246  -0.92485   0.103000
 -3.59813   27.54597  -1.76812   0.103000
 -4.63809   31.02753   0.93935  -0.200000
-18.04518  -11.39567 -11.72208  -0.200000
-18.47324  -14.37923 -10.13326  -0.006000
-16.68781  -14.97438  -9.29639   0.103000
-19.89060  -14.17230  -8.65321   0.103000
-19.35378  -16.36773 -12.03805  -0.006000
-21.13919  -15.77258 -12.87489   0.103000
-17.93643  -16.57464 -13.51810   0.103000
-19.78184  -19.35127 -10.44922  -0.200000
-17.71681   12.79900 -22.49097  -0.200000
-16.60963   11.23280 -19.67481  -0.006000
-18.09556   11.25211 -18.24867   0.103000
-16.11228    9.28485 -20.12241   0.103000
-14.28111   12.61147 -18.65761  -0.006000
-12.79518   12.59215 -20.08376   0.103000
-14.77849   14.55939 -18.21001   0.103000
-13.17394   11.04524 -15.84144  -0.200000
 26.95738    6.31749  -5.13903  -0.200000
 27.86329    4.56760  -2.35944  -0.006000
 26.37757    4.71449  -0.94055   0.103000
 28.14649    2.58868  -2.85532   0.103000
 30.32164    5.65459  -1.29518  -0.006000
 31.80738    5.50770  -2.71402   0.103000
 30.03844    7.63351  -0.79926   0.103000
 31.22755    3.90470   1.48446  -0.200000
 -7.14375  -23.69184  -1.52592  -0.200000
 -6.66794  -25.77662   1.12664  -0.006000
 -5.49942  -24.83659   2.53841   0.103000
 -8.49026  -26.26109   1.95526   0.103000
 -5.34558  -28.18702   0.23274  -0.006000
 -6.51413  -29.12709  -1.17900   0.103000
 -3.52328  -27.70257  -0.59587   0.103000
 -4.86979  -30.27184   2.88531  -0.200000
 26.25037   19.37037  -1.26627  -0.200000
 23.32408   21.04461  -0.77337  -0.006000
 21.73956   19.79212  -1.17675   0.103000
 23.21702   21.67971   1.18303   0.103000
 23.21479   23.33356  -2.53584  -0.006000
 24.79931   24.58607  -2.13244   0.103000
 23.32185   22.69846  -4.49224   0.103000
 20.28850   25.00782  -2.04293  -0.200000
 18.26169  -20.89143   0.23555  -0.200000
 15.75673  -23.07766  -0.50962  -0.006000
 16.55547  -24.77127  -1.36754   0.103000
 14.75489  -23.58870   1.21594   0.103000
 13.91471  -21.83788  -2.36099  -0.006000
 13.11595  -20.14429  -1.50305   0.103000
 14.91655  -21.32686  -4.08653   0.103000
 11.40975  -24.02411  -3.10616  -0.200000
  5.50955   33.78687  -2.05564  -0.200000
  3.22344   31.26816  -2.25352  -0.006000
  4.05299   29.52865  -1.52675   0.103000
  1.56392   31.75719  -1.13588   0.103000
  2.44761   30.88548  -5.01201  -0.006000
  1.61804   32.62503  -5.73878   0.103000
  4.10711   30.39649  -6.12963   0.103000
  0.16150   28.36681  -5.20986  -0.200000
 24.34349   12.23316   8.25134  -0.200000
 25.70511   15.35497   8.34909  -0.006000
 24.29530   16.69883   9.01894   0.103000
 27.32073   15.36020   9.62659   0.103000
 26.57242   16.11145   5.69709  -0.006000
 27.98225   14.76762   5.02724   0.103000
 24.95682   16.10623   4.41960   0.103000
 27.93406   19.23325   5.79485  -0.200000
 -0.82184   25.46559 -14.75602  -0.200000
 -1.52076   22.90709 -16.89485  -0.006000
 -0.05792   22.80134 -18.34091   0.103000
 -1.58185   21.13405 -15.84845   0.103000
 -4.08307   23.37291 -18.14987  -0.006000
 -5.54591   23.47866 -16.70382   0.103000
 -4.02198   25.14592 -19.19627   0.103000
 -4.78199   20.81441 -20.28870  -0.200000
-24.21775   15.04984   4.57316  -0.200000
-21.84877   15.89660   2.27531  -0.006000
-21.67221   17.94703   2.19418   0.103000
-20.04066   15.07223   2.81686   0.103000
-22.62441   14.89365  -0.32280  -0.006000
-22.80096   12.84322  -0.24168   0.103000
-24.43255   15.71804  -0.86436   0.103000
-20.25545   15.74044  -2.62065  -0.200000
  7.10170  -11.90386  26.96651  -0.200000
  7.50072  -10.61695  23.83699  -0.006000
  9.35758   -9.73842  23.68696   0.103000
  7.34151  -12.12856  22.44704   0.103000
  5.45517   -8.63486  23.34209  -0.006000
  3.59834   -9.51339  23.49209   0.103000
  5.61438   -7.12325  24.73202   0.103000
  5.85420   -7.34795  20.21255  -0.200000
-20.83053   -3.73582  19.63735  -0.200000
-21.92606   -2.17148  16.81571  -0.006000
-23.49136   -3.23580  16.00373   0.103000
-22.55982   -0.26921  17.28676   0.103000
-19.76782   -2.01989  14.89822  -0.006000
-18.20254   -0.95560  15.71020   0.103000
-19.13404   -3.92216  14.42717   0.103000
-20.86333   -0.45556  12.07658  -0.200000
-12.27330   24.25426  -1.75319  -0.200000
-14.01427   26.32549  -3.82390  -0.006000
-13.21185   26.23590  -5.71871   0.103000
-15.98706   25.73671  -3.88467   0.103000
-13.84903   29.03732  -2.83580  -0.006000
-14.65146   29.12695  -0.94101   0.103000
-11.87621   29.62614  -2.77503   0.103000
-15.59001   31.10860  -4.90650  -0.200000
 -5.92575   23.28560  24.09406  -0.200000
 -5.39725   22.41255  20.84330  -0.006000
 -7.05956   22.88982  19.72475   0.103000
 -3.76295   23.43274  20.11491   0.103000
 -4.90902   19.56802  20.67665  -0.006000
 -3.24672   19.09075  21.79521   0.103000
 -6.54331   18.54783  21.40504   0.103000
 -4.38052   18.69497  17.42588  -0.200000
 -7.39858   30.15050  10.82163  -0.200000
 -8.65750   29.86612   7.66834  -0.006000
-10.63727   30.43417   7.66513   0.103000
 -7.59209   31.08085   6.39105   0.103000
 -8.44241   27.12061   6.78886  -0.006000
 -6.46264   26.55254   6.79209   0.103000
 -9.50780   25.90588   8.06614   0.103000
 -9.70131   26.83623   3.63557  -0.200000
 15.12554   34.29337   7.74608  -0.200000
 13.90504   31.11375   7.64912  -0.006000
 15.10201   29.88337   8.78732   0.103000
 11.98674   31.09100   8.39868   0.103000
 13.88163   30.17354   4.91546  -0.006000
 12.68465   31.40392   3.77728   0.103000
 15.79992   30.19629   4.16590   0.103000
 12.66111   26.99393   4.81848  -0.200000
-11.71031  -11.45779 -25.16989  -0.200000
-12.35306   -8.56896 -23.48145  -0.006000
-10.83070   -7.22314 -23.81809   0.103000
-14.13402   -7.77038 -24.13927   0.103000
-12.53573   -9.12747 -20.65087  -0.006000
-14.05811  -10.47330 -20.31423   0.103000
-10.75479   -9.92607 -19.99304   0.103000
-13.17848   -6.23867 -18.96242  -0.200000
 25.10677   14.17839  -8.93703  -0.200000
 26.58667   14.98919  -5.97703  -0.006000
 27.42495   16.86516  -6.11916   0.103000
 25.17467   14.97948  -4.47754   0.103000
 28.64921   13.05668  -5.36964  -0.006000
 27.81093   11.18072  -5.22751   0.103000
 30.06122   13.06644  -6.86914   0.103000
 30.12911   13.86749  -2.40965  -0.200000
  8.65927   -2.57271 -21.01357  -0.200000
  9.98930   -4.48634 -23.49920  -0.006000
  9.47034   -3.69443 -25.32836   0.103000
 12.04098   -4.51582 -23.32045   0.103000
  8.96613   -7.18224 -23.29212  -0.006000
  9.48508   -7.97413 -21.46296   0.103000
  6.91445   -7.15275 -23.47087   0.103000
 10.29615   -9.09586 -25.77775  -0.200000
-13.75518  -26.49555  -5.92951  -0.200000
-13.45094  -23.17893  -6.64855  -0.006000
-15.30338  -22.28327  -6.55676   0.103000
-12.19068  -22.29234  -5.28177   0.103000
-12.36083  -22.86544  -9.30769  -0.006000
-10.50839  -23.76108  -9.39946   0.103000
-13.62109  -23.75201 -10.67448   0.103000
-12.05659  -19.54880 -10.02672  -0.200000
 16.81083  -17.39130 -18.36978  -0.200000
 13.69063  -16.15952 -17.77293  -0.006000
 13.83977  -14.25812 -16.99527   0.103000
 12.62692  -16.09933 -19.53567   0.103000
 12.32538  -17.86836 -15.88260  -0.006000
 12.17624  -19.76977 -16.66028   0.103000
 13.38907  -17.92853 -14.11988   0.103000
  9.20518  -16.63660 -15.28575  -0.200000
 -2.42218    8.34881 -21.76365  -0.200000
 -5.03157    7.29480 -23.68443  -0.006000
 -4.35297    6.83864 -25.57482   0.103000
 -5.87714    5.61965 -22.83520   0.103000
 -7.01311    9.39302 -23.85328  -0.006000
 -7.69173    9.84918 -21.96289   0.103000
 -6.16756   11.06814 -24.70250   0.103000
 -9.62252    8.33900 -25.77403  -0.200000
  7.33671  -24.80288   2.28283  -0.200000
  7.83643  -27.86792   0.88093  -0.006000
  9.80845  -28.05160   0.31564   0.103000
  7.37536  -29.33401   2.25210   0.103000
  6.13864  -28.15371  -1.44145  -0.006000
  4.16660  -27.97001  -0.87617   0.103000
  6.59972  -26.68762  -2.81261   0.103000
  6.63834  -31.21871  -2.84336  -0.200000
 14.13326   25.27890 -10.05198  -0.200000
 17.45122   24.54369  -9.80781  -0.006000
 17.72911   23.08915  -8.37623   0.103000
 18.13888   23.85959 -11.62480   0.103000
 18.91283   26.92293  -9.05921  -0.006000
 18.63497   28.37745 -10.49081   0.103000
 18.22522   27.60699  -7.24224   0.103000
 22.23083   26.18769  -8.81504  -0.200000
 29.95193   -7.37647  -9.18511  -0.200000
 27.50542   -6.58239 -11.41971  -0.006000
 28.36356   -5.95162 -13.18265   0.103000
 26.33811   -8.24093 -11.77868   0.103000
 25.86207   -4.46459 -10.33722  -0.006000
 25.00393   -5.09536  -8.57427   0.103000
 27.02940   -2.80607  -9.97825   0.103000
 23.41556   -3.67051 -12.57180  -0.200000
 12.56844   28.09284  17.47203  -0.200000
 10.35782   28.28946  14.88679  -0.006000
  9.55223   30.18369  14.81422   0.103000
 11.33276   27.88926  13.11716   0.103000
  8.24257   26.35816  15.27859  -0.006000
  9.04818   24.46394  15.35115   0.103000
  7.26762   26.75837  17.04822   0.103000
  6.03195   26.55481  12.69335  -0.200000
-12.27986    3.54639  21.06718  -0.200000
-15.48918    2.45589  20.72043  -0.006000
-15.53924    0.87678  19.39906   0.103000
-16.20820    1.84324  22.55069   0.103000
-17.13451    4.60804  19.71120  -0.006000
-17.08445    6.18715  21.03258   0.103000
-16.41550    5.22069  17.88095   0.103000
-20.34385    3.51752  19.36446  -0.200000
  4.06909  -21.15238  14.10677  -0.200000
  4.47604  -24.02197  12.31535  -0.006000
  3.34098  -23.92743  10.59927   0.103000
  6.46154  -24.24349  11.81445   0.103000
  3.62722  -26.28061  13.90774  -0.006000
  4.76228  -26.37513  15.62382   0.103000
  1.64172  -26.05910  14.40863   0.103000
  4.03417  -29.15018  12.11634  -0.200000
 27.23728   -0.13950 -20.42577  -0.200000
 25.63289    1.07036 -17.67417  -0.006000
 24.85254   -0.49688 -16.58928   0.103000
 26.96724    2.11761 -16.50581   0.103000
 23.49228    2.82818 -18.50203  -0.006000
 24.27261    4.39543 -19.58690   0.103000
 22.15791    1.78093 -19.67037   0.103000
 21.88787    4.03804 -15.75043  -0.200000
 23.12995  -10.79922 -15.75021  -0.200000
 20.50865  -10.95750 -17.92116  -0.006000
 21.20605  -11.39223 -19.80983   0.103000
 19.20262  -12.43039 -17.31514   0.103000
 19.13745   -8.41280 -17.96340  -0.006000
 18.44006   -7.97806 -16.07473   0.103000
 20.44345   -6.93991 -18.56943   0.103000
 16.51613   -8.57106 -20.13435  -0.200000
 28.63079   -3.06187   9.08512  -0.200000
 30.03483   -2.78980   5.99262  -0.006000
 29.45854   -1.01023   5.13057   0.103000
 32.08683   -2.83793   6.16304   0.103000
 29.15451   -4.99067   4.33768  -0.006000
 29.73078   -6.77027   5.19973   0.103000
 27.10249   -4.94256   4.16724   0.103000
 30.55853   -4.71863   1.24516  -0.200000
  1.03827  -12.93402  21.05079  -0.200000
 -1.26784  -13.34657  23.52480  -0.006000
 -1.61250  -15.35641  23.81459   0.103000
 -0.56010  -12.51225  25.26987   0.103000
 -3.73625  -12.04593  22.76791  -0.006000
 -3.39160  -10.03607  22.47812   0.103000
 -4.44401  -12.88024  21.02284   0.103000
 -6.04236  -12.45849  25.24194  -0.200000
  9.16691   22.93627  24.28839  -0.200000
  9.84264   20.26032  22.29040  -0.006000
  9.39360   20.73118  20.33619   0.103000
 11.83953   19.77840  22.43950   0.103000
  8.24248   18.00329  23.12881  -0.006000
  8.69151   17.53243  25.08300   0.103000
  6.24558   18.48523  22.97969   0.103000
  8.91820   15.32736  21.13080  -0.200000
-16.68405   -2.70699 -22.41620  -0.200000
-16.63437    0.28858 -20.79347  -0.006000
-18.43067    1.25483 -21.07961   0.103000
-16.33644   -0.02568 -18.77981   0.103000
-14.48776    1.91681 -21.84159  -0.006000
-12.69146    0.95053 -21.55543   0.103000
-14.78571    2.23107 -23.85522   0.103000
-14.43809    4.91238 -20.21888  -0.200000
-26.65400   -6.91088  -2.94894  -0.200000
-28.57496   -4.13988  -3.43900  -0.006000
-27.84168   -3.06967  -5.03877   0.103000
-30.51630   -4.70918  -3.82520   0.103000
-28.50964   -2.49005  -1.06598  -0.006000
-29.24294   -3.56024   0.53377   0.103000
-26.56830   -1.92074  -0.67977   0.103000
-30.43060    0.28095  -1.55604  -0.200000
 17.78210   -0.42069  24.44610  -0.200000
 17.04542   -1.80488  21.42114  -0.006000
 15.11388   -1.31984  20.89572   0.103000
 18.34692   -1.08028  19.99873   0.103000
 17.30468   -4.67934  21.58795  -0.006000
 19.23618   -5.16439  22.11337   0.103000
 16.00315   -5.40394  23.01034   0.103000
 16.56798   -6.06353  18.56297  -0.200000
 10.49157    6.90646  26.79724  -0.200000
 12.72653    7.18657  24.24073  -0.006000
 11.84813    8.18238  22.66628   0.103000
 14.37723    8.23756  24.88327   0.103000
 13.53985    4.54978  23.37854  -0.006000
 14.41825    3.55395  24.95298   0.103000
 11.88916    3.49877  22.73599   0.103000
 15.77481    4.82988  20.82204  -0.200000
  7.14213    0.40950  30.41344  -0.200000
  5.05475    1.08045  27.80539  -0.006000
  3.10095    0.82934  28.40699   0.103000
  5.33727    3.02288  27.18142   0.103000
  5.62940   -0.72524  25.62206  -0.006000
  7.58319   -0.47413  25.02050   0.103000
  5.34689   -2.66765  26.24605   0.103000
  3.54201   -0.05431  23.01405  -0.200000
-25.21390  -15.65145  -7.37925  -0.200000
-25.73319  -16.62649  -4.15609  -0.006000
-27.61149  -17.45362  -3.98262   0.103000
-24.31582  -18.02287  -3.62381   0.103000
-25.52693  -14.33165  -2.40999  -0.006000
-23.64866  -13.50453  -2.58344   0.103000
-26.94432  -12.93529  -2.94225   0.103000
-26.04625  -15.30669   0.81319  -0.200000
 15.41321  -22.44551   7.07222  -0.200000
 16.30803  -20.74802   9.88775  -0.006000
 16.00366  -18.73136   9.60007   0.103000
 15.16443  -21.39610  11.47342   0.103000
 19.10158  -21.22854  10.45580  -0.006000
 19.40596  -23.24516  10.74347   0.103000
 20.24520  -20.58042   8.87013   0.103000
 19.99640  -19.53104  13.27130  -0.200000
-11.86553  -22.49173  16.13172  -0.200000
-11.20904  -23.17190  12.85828  -0.006000
-12.30667  -24.81004  12.26340   0.103000
-11.72069  -21.54556  11.70264   0.103000
 -8.39129  -23.73288  12.53695  -0.006000
 -7.29364  -22.09473  13.13184   0.103000
 -7.87965  -25.35920  13.69260   0.103000
 -7.73480  -24.41305   9.26349  -0.200000
  0.68826    6.68062 -27.02057  -0.200000
  3.36230    6.40972 -24.92649  -0.006000
  3.05200    7.58090 -23.26085   0.103000
  3.58891    4.44479 -24.35214   0.103000
  5.75066    7.29451 -26.29403  -0.006000
  6.06098    6.12334 -27.95965   0.103000
  5.52407    9.25947 -26.86835   0.103000
  8.42474    7.02360 -24.19995  -0.200000
 -0.38717   15.32420  25.03568  -0.200000
  2.15990   13.06596  25.18508  -0.006000
  3.42706   13.35284  23.58684   0.103000
  3.20241   13.32147  26.94294   0.103000
  1.07894   10.38650  25.08766  -0.006000
 -0.18822   10.09962  26.68588   0.103000
  0.03642   10.13097  23.32978   0.103000
  3.62599    8.12824  25.23705  -0.200000
 30.03570   10.02224 -12.49547  -0.200000
 27.78638    7.54148 -11.86661  -0.006000
 26.59927    8.07852 -10.27146   0.103000
 26.60867    7.24402 -13.52999   0.103000
 29.19750    5.09816 -11.23682  -0.006000
 30.38457    4.56112 -12.83198   0.103000
 30.37521    5.39562  -9.57345   0.103000
 26.94817    2.61742 -10.60798  -0.200000
-24.43227   -9.15597  -8.45960  -0.200000
-26.35044   -8.74607 -11.24557  -0.006000
-28.19277   -9.61670 -10.94546   0.103000
-26.59376   -6.73587 -11.62255   0.103000
-25.05019   -9.99843 -13.50357  -0.006000
-23.20786   -9.12777 -13.80367   0.103000
-24.80685  -12.00864 -13.12657   0.103000
-26.96836   -9.58853 -16.28953  -0.200000
-26.80172  -13.40625  15.15568  -0.200000
-24.92411  -10.72068  14.22202  -0.006000
-24.59322   -9.51207  15.85664   0.103000
-23.11955  -11.37137  13.47214   0.103000
-26.32884   -9.22364  12.18650  -0.006000
-26.65975  -10.43227  10.55189   0.103000
-28.13339   -8.57295  12.93637   0.103000
-24.45120   -6.53809  11.25285  -0.200000
-21.32393   16.71752 -16.26586  -0.200000
-22.32834   18.52540 -13.55809  -0.006000
-22.75759   20.45387 -14.14037   0.103000
-24.01162   17.66325 -12.74231   0.103000
-20.21427   18.56312 -11.58659  -0.006000
-19.78500   16.63465 -11.00431   0.103000
-18.53099   19.42527 -12.40237   0.103000
-21.21866   20.37100  -8.87882  -0.200000
 31.04024  -15.76389  -5.92501  -0.200000
 28.50274  -14.52742  -7.83331  -0.006000
 29.13663  -12.82132  -8.79745   0.103000
 27.94202  -15.93621  -9.22727   0.103000
 26.24508  -13.89495  -6.14201  -0.006000
 25.61121  -15.60105  -5.17787   0.103000
 26.80582  -12.48616  -4.74805   0.103000
 23.70760  -12.65848  -8.05031  -0.200000
-29.17265   -1.68548 -13.23029  -0.200000
-26.90123    0.73614 -12.46486  -0.006000
-25.13058   -0.14143 -11.88451   0.103000
-26.57248    1.91752 -14.11971   0.103000
-27.92093    2.36596 -10.30573  -0.006000
-29.69157    3.24354 -10.88611   0.103000
-28.24967    1.18457  -8.65090   0.103000
-25.64950    4.78758  -9.54032  -0.200000
 23.72646   15.64933  16.29972  -0.200000
 26.06027   13.41983  17.39143  -0.006000
 27.92375   13.99680  16.73050   0.103000
 26.04806   13.36530  19.45035   0.103000
 25.44218   10.79274  16.35516  -0.006000
 23.57870   10.21575  17.01611   0.103000
 25.45438   10.84727  14.29625   0.103000
 27.77599    8.56322  17.44692  -0.200000
-30.05831    1.63380  14.85383  -0.200000
-26.97159    2.97326  15.38976  -0.006000
-26.92291    3.86647  17.24504   0.103000
-25.55220    1.48302  15.30727   0.103000
-26.41208    4.94921  13.35507  -0.006000
-26.46078    4.05599  11.49978   0.103000
-27.83147    6.43947  13.43754   0.103000
-23.32538    6.28867  13.89096  -0.200000
-26.74272   15.23259  13.64038  -0.200000
-27.40692   12.87104  11.27579  -0.006000
-28.53630   11.36343  12.10868   0.103000
-28.44813   13.73018   9.72015   0.103000
-24.92239   11.77623  10.28272  -0.006000
-23.79301   13.28385   9.44980   0.103000
-23.88121   10.91708  11.83834   0.103000
-25.58661    9.41471   7.91812  -0.200000
  4.29692   -0.18606 -25.38324  -0.200000
  1.72069   -1.84146 -26.87710  -0.006000
  2.16498   -2.15421 -28.86381   0.103000
  1.43572   -3.65490 -25.94311   0.103000
 -0.69092   -0.26105 -26.66727  -0.006000
 -1.13522    0.05170 -24.68058   0.103000
 -0.40595    1.55239 -27.60128   0.103000
 -3.26715   -1.91647 -28.16113  -0.200000
-23.77224   -1.62550 -18.01096  -0.200000
-22.61998   -4.79422 -18.50138  -0.006000
-20.68489   -4.93623 -17.81056   0.103000
-23.81389   -6.12532 -17.47912   0.103000
-22.68253   -5.41628 -21.32392  -0.006000
-24.61763   -5.27426 -22.01474   0.103000
-21.48862   -4.08517 -22.34620   0.103000
-21.53027   -8.58499 -21.81432  -0.200000
 32.21186   13.90933  10.71337  -0.200000
 32.75795   13.52280   7.37252  -0.006000
 32.00467   15.15077   6.36033   0.103000
 34.78154   13.37087   7.02014   0.103000
 31.43752   11.12149   6.45175  -0.006000
 32.19079    9.49353   7.46393   0.103000
 29.41393   11.27343   6.80413   0.103000
 31.98360   10.73497   3.11090  -0.200000
-11.06626  -20.04792 -23.38474  -0.200000
 -8.66060  -17.74727 -24.11194  -0.006000
 -6.86634  -18.70681 -24.43146   0.103000
 -9.19486  -16.70701 -25.80742   0.103000
 -8.38727  -15.90669 -21.89943  -0.006000
-10.18150  -14.94711 -21.57994   0.103000
 -7.85300  -16.94691 -20.20397   0.103000
 -5.98161  -13.60601 -22.62664  -0.200000
 12.58117   38.55897  -9.63681  -0.200000
 12.20334   35.17308  -9.58654  -0.006000
 12.46121   34.42467 -11.48804   0.103000
 13.60533   34.34392  -8.32589   0.103000
  9.55126   34.51330  -8.64385  -0.006000
  9.29339   35.26170  -6.74235   0.103000
  8.14927   35.34245  -9.90449   0.103000
  9.17343   31.12740  -8.59357  -0.200000
-15.97276   11.91639  22.82610  -0.200000
-13.67204   11.50734  25.30570  -0.006000
-13.29683   13.32378  26.20132   0.103000
-14.40117   10.18723  26.70852   0.103000
-11.22106   10.46292  24.18337  -0.006000
-11.59629    8.64648  23.28776   0.103000
-10.49195   11.78305  22.78054   0.103000
 -8.92036   10.05387  26.66296  -0.200000
 24.84848  -15.54729   0.68295  -0.200000
 27.56617  -15.56121   2.73799  -0.006000
 26.95086  -15.79838   4.68922   0.103000
 28.81341  -17.11536   2.21720   0.103000
 28.98662  -13.05716   2.47416  -0.006000
 29.60192  -12.81998   0.52293   0.103000
 27.73938  -11.50301   2.99497   0.103000
 31.70429  -13.07107   4.52920  -0.200000
-31.32673   -4.77247   7.71908  -0.200000
-31.48622   -1.40392   8.20563  -0.006000
-33.45796   -0.81581   8.29888   0.103000
-30.54045   -0.91905   9.96989   0.103000
-30.18078   -0.05029   6.00993  -0.006000
-28.20904   -0.63841   5.91669   0.103000
-31.12653   -0.53519   4.24567   0.103000
-30.34027    3.31823   6.49648  -0.200000
 27.02524  -17.36861  12.86240  -0.200000
 25.79283  -15.05029  10.69079  -0.006000
 25.69446  -15.86312   8.80085   0.103000
 23.90740  -14.47946  11.29213   0.103000
 27.53244  -12.74157  10.65639  -0.006000
 27.63080  -11.92875  12.54631   0.103000
 29.41788  -13.31238  10.05502   0.103000
 26.30004  -10.42324   8.48476  -0.200000
 25.88027   19.81365 -13.52239  -0.200000
 26.51539   20.82412 -10.33111  -0.006000
 25.51174   22.58283  -9.95476   0.103000
 25.88054   19.37500  -9.01239   0.103000
 29.35612   21.24744 -10.00173  -0.006000
 30.35977   19.48871 -10.37809   0.103000
 29.99099   22.69656 -11.32046   0.103000
 29.99126   22.25791  -6.81046  -0.200000
-19.94613  -16.20811  13.87683  -0.200000
-19.12904  -18.59326  16.16870  -0.006000
-19.33059  -20.45916  15.32014   0.103000
-17.18016  -18.32220  16.77740   0.103000
-20.88932  -18.37889  18.45193  -0.006000
-20.68776  -16.51301  19.30049   0.103000
-22.83819  -18.64997  17.84323   0.103000
-20.07220  -20.76407  20.74381  -0.200000
 -0.42451  -33.61239 -10.01649  -0.200000
  1.02047  -30.54451 -10.34735  -0.006000
  1.25765  -30.10874 -12.34637   0.103000
 -0.18260  -29.12036  -9.47176   0.103000
  3.60420  -30.55137  -9.05043  -0.006000
  3.36702  -30.98711  -7.05140   0.103000
  4.80727  -31.97553  -9.92601   0.103000
  5.04918  -27.48346  -9.38126  -0.200000
-21.01177   24.32898  16.35036  -0.200000
-20.27778   23.10886  13.25494  -0.006000
-20.85262   24.47435  11.82413   0.103000
-18.25048   22.77511  13.11090   0.103000
-21.69455   20.62358  12.83795  -0.006000
-21.11971   19.25809  14.26876   0.103000
-23.72185   20.95735  12.98196   0.103000
-20.96056   19.40348   9.74250  -0.200000
 16.06173   30.86594 -17.87781  -0.200000
 14.37921   28.09460 -18.92576  -0.006000
 12.35335   28.46385 -18.88343   0.103000
 14.95261   27.62874 -20.84837   0.103000
 14.99023   25.87679 -17.17485  -0.006000
 17.01611   25.50754 -17.21720   0.103000
 14.41683   26.34265 -15.25226   0.103000
 13.30772   23.10547 -18.22282  -0.200000
  1.96934  -29.74162   4.57612  -0.200000
  1.61732  -33.00575   5.48759  -0.006000
  1.76293  -33.16670   7.53577   0.103000
 -0.22348  -33.69591   4.87332   0.103000
  3.69923  -34.58239   4.24767  -0.006000
  3.55365  -34.42144   2.19945   0.103000
  5.54003  -33.89220   4.86191   0.103000
  3.34720  -37.84653   5.15912  -0.200000
-17.27516  -16.20571 -26.31714  -0.200000
-16.57063  -14.55057 -23.42348  -0.006000
-14.83752  -15.30474 -22.60509   0.103000
-16.32625  -12.54453 -23.82143   0.103000
-18.74962  -14.90321 -21.55662  -0.006000
-20.48270  -14.14904 -22.37502   0.103000
-18.99398  -16.90923 -21.15868   0.103000
-18.04507  -13.24804 -18.66297  -0.200000
 28.34372   26.25268   5.72207  -0.200000
 24.96088   26.23754   5.31563  -0.006000
 24.48108   27.11831   3.51667   0.103000
 24.27533   24.29542   5.33424   0.103000
 23.72474   27.71540   7.47096  -0.006000
 24.20456   26.83464   9.26992   0.103000
 24.41029   29.65753   7.45236   0.103000
 20.34192   27.70027   7.06453  -0.200000
  5.16096  -18.24648  23.59336  -0.200000
  3.52527  -21.18576  23.05044  -0.006000
  3.60261  -22.34002  24.75454   0.103000
  1.55978  -20.79982  22.57068   0.103000
  4.78806  -22.60281  20.86985  -0.006000
  4.71071  -21.44852  19.16577   0.103000
  6.75352  -22.98873  21.34962   0.103000
  3.15235  -25.54207  20.32693  -0.200000
 16.99661   12.36363  25.39117  -0.200000
 13.98887   13.87059  25.93129  -0.006000
 14.11565   15.86115  25.41769   0.103000
 12.54548   12.95506  24.78200   0.103000
 13.28370   13.64038  28.72546  -0.006000
 13.15693   11.64980  29.23905   0.103000
 14.72711   14.55588  29.87476   0.103000
 10.27599   15.14733  29.26558  -0.200000
 21.80865   22.72296 -19.80250  -0.200000
 20.36683   19.67847 -19.29142  -0.006000
 21.41254   18.65800 -17.83975   0.103000
 18.41670   19.93563 -18.68066   0.103000
 20.41259   18.16499 -21.75411  -0.006000
 19.36688   19.18544 -23.20578   0.103000
 22.36272   17.90782 -22.36489   0.103000
 18.97079   15.12051 -21.24307  -0.200000
-11.86325  -26.28307 -15.32574  -0.200000
-13.88599  -24.61249 -17.49981  -0.006000
-12.75828  -23.87008 -19.05528   0.103000
-15.31258  -25.90093 -18.23930   0.103000
-15.18391  -22.42684 -16.12295  -0.006000
-16.31161  -23.16921 -14.56748   0.103000
-13.75734  -21.13840 -15.38347   0.103000
-17.20666  -20.75626 -18.29703  -0.200000
-10.96512   33.25774  -9.00351  -0.200000
-10.79289   30.52962 -11.03740  -0.006000
-10.64075   28.82583  -9.89018   0.103000
-12.49264   30.42811 -12.19614   0.103000
 -8.47298   30.74832 -12.74851  -0.006000
 -8.62513   32.45210 -13.89572   0.103000
 -6.77323   30.84982 -11.58977   0.103000
 -8.30074   28.02018 -14.78242  -0.200000
  2.19769   28.14371  28.08097  -0.200000
  3.08793   26.94555  25.01810  -0.006000
  4.50926   28.18077  24.18373   0.103000
  3.86116   25.04734  25.22108   0.103000
  0.76171   26.85913  23.30380  -0.006000
 -0.65961   25.62389  24.13817   0.103000
 -0.01153   28.75732  23.10082   0.103000
  1.65196   25.66095  20.24093  -0.200000
-20.95608   14.04769  17.16852  -0.200000
-21.81145   11.38675  19.11706  -0.006000
-21.09783    9.65308  18.26422   0.103000
-20.99251   11.61734  20.99282   0.103000
-24.69035   11.23809  19.33521  -0.006000
-25.40395   12.97176  20.18804   0.103000
-25.50926   11.00748  17.45946   0.103000
-25.54571    8.57713  21.28374  -0.200000
-35.05372  -14.83084   4.62327  -0.200000
-31.97602  -13.48236   4.05894  -0.006000
-30.71328  -13.98004   5.60818   0.103000
-31.21737  -14.21775   2.29095   0.103000
-32.20129  -10.60533   3.88702  -0.006000
-33.46401  -10.10763   2.33780   0.103000
-32.95994   -9.86993   5.65502   0.103000
-29.12357   -9.25686   3.32269  -0.200000
-13.22831    2.56483  28.81549  -0.200000
-12.16383   -0.50815  27.79927  -0.006000
-12.68927   -1.91734  29.20653   0.103000
-13.04136   -0.97757  25.99600   0.103000
 -9.28935   -0.47940  27.49245  -0.006000
 -8.76391    0.92976  26.08519   0.103000
 -8.41179   -0.00996  29.29571   0.103000
 -8.22486   -3.55238  26.47623  -0.200000
  4.24168  -30.07565 -17.77783  -0.200000
  3.94639  -27.23167 -19.63082  -0.006000
  4.54116  -27.60799 -21.56650   0.103000
  1.98342  -26.60799 -19.62418   0.103000
  5.61731  -25.16378 -18.49518  -0.006000
  5.02253  -24.78748 -16.55954   0.103000
  7.58028  -25.78747 -18.50184   0.103000
  5.32204  -22.31980 -20.34819  -0.200000
  2.02713   36.28728 -19.70811  -0.200000
  0.80345   34.75135 -16.92376  -0.006000
 -0.19621   36.12805 -15.76289   0.103000
 -0.49343   33.25119 -17.48046   0.103000
  2.98979   33.62031 -15.40767  -0.006000
  3.98946   32.24358 -16.56857   0.103000
  4.28667   35.12045 -14.85098   0.103000
  1.76612   32.08437 -12.62333  -0.200000
 15.55626   -3.22837 -27.24101  -0.200000
 18.01535   -4.68988 -25.38996  -0.006000
 17.79045   -4.16403 -23.41131   0.103000
 17.88987   -6.73736 -25.57525   0.103000
 20.59571   -3.79398 -26.33681  -0.006000
 20.82061   -4.31984 -28.31545   0.103000
 20.72119   -1.74647 -26.15152   0.103000
 23.05479   -5.25548 -24.48577  -0.200000
 22.16084    9.45611  21.60877  -0.200000
 21.82757    6.88422  23.81856  -0.006000
 21.64651    7.63723  25.72705   0.103000
 20.14733    5.78904  23.34983   0.103000
 24.15866    5.18055  23.67302  -0.006000
 24.33969    4.42753  21.76452   0.103000
 25.83889    6.27572  24.14176   0.103000
 23.82536    2.60863  25.88280  -0.200000
  2.25010   34.41545  16.54380  -0.200000
  0.23722   31.80806  17.41490  -0.006000
  0.73654   30.15147  16.29751   0.103000
  0.48513   31.38733  19.41584   0.103000
 -2.52175   32.51134  16.91377  -0.006000
 -3.02107   34.16791  18.03116   0.103000
 -2.76964   32.93207  14.91283   0.103000
 -4.53462   29.90395  17.78486  -0.200000
-36.12648   10.73812  -8.13213  -0.200000
-32.81147   11.33412  -8.64669  -0.006000
-32.09118   10.02870 -10.06770   0.103000
-32.55484   13.27058  -9.29978   0.103000
-31.36836   10.95401  -6.17075  -0.006000
-32.08865   12.25943  -4.74973   0.103000
-31.62500    9.01755  -5.51766   0.103000
-28.05336   11.55003  -6.68532  -0.200000
 33.26770   -0.66756  -9.20057  -0.200000
 34.12020    1.54491  -6.75371  -0.006000
 35.54456    2.84803  -7.47156   0.103000
 32.45151    2.60312  -6.17243   0.103000
 35.18734    0.10732  -4.48385  -0.006000
 33.76296   -1.19582  -3.76602   0.103000
 36.85605   -0.95091  -5.06515   0.103000
 36.03984    2.31979  -2.03699  -0.200000
 28.26127  -22.11152  -7.26592  -0.200000
 25.33080  -22.78129  -5.66173  -0.006000
 25.19239  -24.80419  -5.29981   0.103000
 25.27633  -21.75834  -3.87488   0.103000
 23.11309  -21.94562  -7.31734  -0.006000
 23.25147  -19.92272  -7.67926   0.103000
 23.16751  -22.96856  -9.10421   0.103000
 20.18260  -22.61539  -5.71315  -0.200000
 11.28269  -22.79178  16.56029  -0.200000
 13.98760  -24.61338  17.54743  -0.006000
 13.35271  -26.31289  18.52249   0.103000
 15.09880  -25.14332  15.89617   0.103000
 15.61577  -23.02919  19.33543  -0.006000
 16.25066  -21.32968  18.36037   0.103000
 14.50457  -22.49925  20.98667   0.103000
 18.32067  -24.85079  20.32255  -0.200000
 12.15243   -5.04899  25.77896  -0.200000
 10.55578   -6.21414  28.55423  -0.006000
 10.69810   -4.82094  30.06452   0.103000
  8.57195   -6.55098  28.11501   0.103000
 11.78635   -8.68724  29.40692  -0.006000
 11.64406  -10.08046  27.89663   0.103000
 13.77021   -8.35040  29.84615   0.103000
 10.18971   -9.85239  32.18219  -0.200000
 20.70654  -19.01681 -12.67755  -0.200000
 19.71946  -22.24905 -13.11090  -0.006000
 21.37632  -23.47102 -13.17249   0.103000
 18.50754  -22.81328 -11.54398   0.103000
 18.25634  -22.48527 -15.59300  -0.006000
 16.59951  -21.26331 -15.53141   0.103000
 19.46826  -21.92103 -17.15990   0.103000
 17.26926  -25.71755 -16.02635  -0.200000
 -8.09239    3.88010 -31.27691  -0.200000
 -9.03442    0.63527 -30.83748  -0.006000
-10.36539    0.10008 -32.31541   0.103000
 -7.37498   -0.58100 -30.93397   0.103000
-10.29568    0.33958 -28.25301  -0.006000
 -8.96471    0.87479 -26.77506   0.103000
-11.95511    1.55587 -28.15650   0.103000
-11.23769   -2.90525 -27.81359  -0.200000
 16.73706  -12.99551  21.28548  -0.200000
 18.85707  -12.25771  23.84878  -0.006000
 18.51419  -10.33102  24.49104   0.103000
 18.53570  -13.56812  25.40504   0.103000
 21.59031  -12.49674  22.93791  -0.006000
 21.93320  -14.42345  22.29565   0.103000
 21.91170  -11.18635  21.38165   0.103000
 23.71032  -11.75895  25.50119  -0.200000
 -3.15760  -23.79768 -20.06069  -0.200000
 -1.28499  -22.21286 -22.42519  -0.006000
 -1.62626  -20.18411 -22.32577   0.103000
  0.71133  -22.59109 -22.08772   0.103000
 -2.01919  -23.18511 -25.04690  -0.006000
 -1.67789  -25.21386 -25.14634   0.103000
 -4.01550  -22.80690 -25.38437   0.103000
 -0.14657  -21.60031 -27.41140  -0.200000
 -1.21326  -32.80672  12.40798  -0.200000
 -4.34966  -33.31521  11.17771  -0.006000
 -4.22424  -34.01813   9.24579   0.103000
 -5.33158  -34.69598  12.34881   0.103000
 -5.81025  -30.82049  11.20147  -0.006000
 -5.93565  -30.11757  13.13339   0.103000
 -4.82833  -29.43970  10.03036   0.103000
 -8.94662  -31.32898   9.97120  -0.200000
-13.98378   31.32406  12.57008  -0.200000
-14.04441   29.25876  15.27938  -0.006000
-15.05042   30.17957  16.82283   0.103000
-15.00305   27.50419  14.78446   0.103000
-11.33662   28.67586  16.10748  -0.006000
-10.33060   27.75507  14.56402   0.103000
-10.37800   30.43045  16.60240   0.103000
-11.39722   26.61059  18.81676  -0.200000
 -1.77487   14.42320 -26.43109  -0.200000
 -2.44941   17.76288 -26.45847  -0.006000
 -3.35570   18.29527 -24.68723   0.103000
 -0.69317   18.81676 -26.67553   0.103000
 -4.21596   18.37107 -28.66456  -0.006000
 -3.30967   17.83866 -30.43580   0.103000
 -5.97220   17.31717 -28.44750   0.103000
 -4.89050   21.71072 -28.69196  -0.200000
 15.48372   23.26988  25.95926  -0.200000
 18.57417   22.55802  24.71365  -0.006000
 19.25765   24.16011  23.61438   0.103000
 19.87308   22.18758  26.26861   0.103000
 18.41453   20.22364  23.01581  -0.006000
 17.73107   18.62153  24.11508   0.103000
 17.11567   20.59408  21.46084   0.103000
 21.50501   19.51176  21.77021  -0.200000
 12.59879  -27.95381  10.38010  -0.200000
 11.25222  -29.86070   7.89822  -0.006000
  9.28816  -30.28734   8.34841   0.103000
 11.34070  -28.83157   6.11631   0.103000
 12.74286  -32.32628   7.66091  -0.006000
 14.70693  -31.89962   7.21072   0.103000
 12.65438  -33.35540   9.44285   0.103000
 11.39628  -34.23314   5.17904  -0.200000
 16.87722   34.91537  -3.72367  -0.200000
 17.63593   34.18082  -0.48424  -0.006000
 17.65807   35.91519   0.62650   0.103000
 16.21954   32.89458   0.27845   0.103000
 20.23834   32.92763  -0.36440  -0.006000
 20.21618   31.19326  -1.47514   0.103000
 21.65471   34.21389  -1.12711   0.103000
 20.99703   32.19307   2.87503  -0.200000
  0.43793   29.62486 -21.54252  -0.200000
  2.15597   27.50098 -23.57889  -0.006000
  2.68972   28.48704 -25.30661   0.103000
  3.85115   26.84277 -22.61180   0.103000
  0.48443   25.23678 -24.23997  -0.006000
 -0.04934   24.25074 -22.51227   0.103000
 -1.21077   25.89501 -25.20706   0.103000
  2.20248   23.11292 -26.27636  -0.200000
-23.40496   24.26119  -2.05281  -0.200000
-23.19531   27.38516  -0.70874  -0.006000
-24.81180   28.50584  -1.31961   0.103000
-23.19032   27.24993   1.34645   0.103000
-20.75386   28.65401  -1.59591  -0.006000
-19.13735   27.53331  -0.98506   0.103000
-20.75883   28.78922  -3.65112   0.103000
-20.54420   31.77796  -0.25184  -0.200000
 33.82409   22.88967  14.66618  -0.200000
 31.02821   21.39659  13.41592  -0.006000
 31.29515   21.00767  11.41098   0.103000
 30.68566   19.63046  14.41870   0.103000
 28.76003   23.15544  13.76168  -0.006000
 28.49308   23.54436  15.76663   0.103000
 29.10258   24.92159  12.75888   0.103000
 25.96414   21.66238  12.51142  -0.200000
 -8.97199  -29.03417  -9.58008  -0.200000
 -8.36793  -31.28782  -7.09706  -0.006000
 -6.42482  -31.08656  -6.44431   0.103000
 -9.65848  -30.94478  -5.52896   0.103000
 -8.77145  -33.96618  -8.10759  -0.006000
-10.71454  -34.16742  -8.76035   0.103000
 -7.48088  -34.30923  -9.67570   0.103000
 -8.16740  -36.21985  -5.62456  -0.200000
 13.23511  -30.12567  -2.94725  -0.200000
 15.42540  -30.55753  -5.52125  -0.006000
 17.35277  -30.52792  -4.79563   0.103000
 15.06316  -32.36736  -6.43531   0.103000
 15.08720  -28.42403  -7.44252  -0.006000
 13.15983  -28.45364  -8.16815   0.103000
 15.44944  -26.61420  -6.52847   0.103000
 17.27746  -28.85587 -10.01651  -0.200000
 -2.05487   -0.65462  35.16820  -0.200000
 -1.33405   -1.40705  31.92416  -0.006000
 -2.18844    0.00013  30.68632   0.103000
  0.70814   -1.40811  31.65654   0.103000
 -2.39022   -4.02079  31.28362  -0.006000
 -1.53584   -5.42799  32.52147   0.103000
 -4.43243   -4.01973  31.55125   0.103000
 -1.66942   -4.77324  28.03959  -0.200000
-15.78256    7.84996 -29.21677  -0.200000
-16.90857    6.28876 -26.40533  -0.006000
-16.77185    4.24843 -26.65094   0.103000
-15.76277    6.86507 -24.79374   0.103000
-19.66610    7.01927 -25.93626  -0.006000
-19.80280    9.05961 -25.69066   0.103000
-20.81189    6.44295 -27.54784   0.103000
-20.79209    5.45806 -23.12482  -0.200000
  6.90638  -12.59433 -31.22000  -0.200000
  5.30267  -15.05335 -29.49059  -0.006000
  3.57389  -15.57473 -30.48145   0.103000
  6.53091  -16.69976 -29.33909   0.103000
  4.64379  -14.09700 -26.84318  -0.006000
  6.37257  -13.57560 -25.85234   0.103000
  3.41555  -12.45057 -26.99470   0.103000
  3.04008  -16.55602 -25.11380  -0.200000
-18.65643  -26.14697 -10.04095  -0.200000
-21.35891  -25.37751  -8.11382  -0.006000
-21.61473  -23.33421  -8.07368   0.103000
-23.04126  -26.26513  -8.90384   0.103000
-20.93187  -26.34722  -5.42404  -0.006000
-20.67606  -28.39053  -5.46418   0.103000
-19.24953  -25.45960  -4.63402   0.103000
-23.63435  -25.57776  -3.49692  -0.200000
-11.15726   17.49883  23.96798  -0.200000
-12.37825   20.58207  24.75031  -0.006000
-11.38681   22.01319  23.64983   0.103000
-14.39057   20.65433  24.31718   0.103000
-11.98139   21.08897  27.56865  -0.006000
-12.97284   19.65786  28.66911   0.103000
 -9.96908   21.01670  28.00175   0.103000
-13.20240   24.17221  28.35098  -0.200000
-24.50017  -27.03641   8.16893  -0.200000
-21.31666  -27.68071   9.19813  -0.006000
-21.33845  -28.26885  11.17191   0.103000
-20.51181  -29.18349   8.04228   0.103000
-19.71290  -25.29115   8.92338  -0.006000
-19.69110  -24.70301   6.94960   0.103000
-20.51774  -23.78834  10.07921   0.103000
-16.52938  -25.93545   9.95258  -0.200000
 27.20688  -21.39612   8.15254  -0.200000
 25.58066  -24.28198   7.35474  -0.006000
 26.92998  -25.64700   6.60764   0.103000
 24.68432  -25.05416   9.04071   0.103000
 23.56334  -23.73109   5.35860  -0.006000
 22.21401  -22.36608   6.10571   0.103000
 24.45967  -22.95891   3.67263   0.103000
 21.93711  -26.61694   4.56082  -0.200000
-16.10850  -13.81549  25.50240  -0.200000
-14.35088  -16.56995  26.46820  -0.006000
-14.36135  -16.70593  28.52338   0.103000
-15.21876  -18.25570  25.66375   0.103000
-11.62457  -16.35061  25.53186  -0.006000
-11.61412  -16.21466  23.47671   0.103000
-10.75670  -14.66488  26.33634   0.103000
 -9.86696  -19.10509  26.49770  -0.200000
 33.33405    8.76489  -6.33136  -0.200000
 36.03243   10.35878  -4.99449  -0.006000
 37.74970    9.69431  -5.91736   0.103000
 35.84134   12.38972  -5.27910   0.103000
 36.18055    9.79322  -2.16330  -0.006000
 34.46329   10.45767  -1.24042   0.103000
 36.37165    7.76228  -1.87869   0.103000
 38.87892   11.38707  -0.82643  -0.200000
-23.88640  -22.20732   2.40745  -0.200000
-27.04720  -22.24109   1.13565  -0.006000
-28.04745  -20.54353   1.73577   0.103000
-26.95957  -22.29580  -0.92141   0.103000
-28.44979  -24.57708   2.10185  -0.006000
-27.44954  -26.27464   1.50175   0.103000
-28.53742  -24.52237   4.15893   0.103000
-31.61058  -24.61087   0.83008  -0.200000
 12.60256    8.80370 -33.61305  -0.200000
 12.76729    6.76201 -30.89020  -0.006000
 11.15534    7.12517 -29.66065   0.103000
 12.73483    4.79584 -31.50283   0.103000
 15.21666    7.27957 -29.44450  -0.006000
 16.82862    6.91640 -30.67407   0.103000
 15.24913    9.24573 -28.83189   0.103000
 15.38139    5.23787 -26.72167  -0.200000
 -0.28610   35.35251   9.05819  -0.200000
 -3.53078   36.00816   9.86511  -0.006000
 -4.59682   36.41376   8.15012   0.103000
 -4.34786   34.37108  10.81090   0.103000
 -3.64154   38.29460  11.63079  -0.006000
 -2.57553   37.88899  13.34578   0.103000
 -2.82446   39.93167  10.68500   0.103000
 -6.88624   38.95026  12.43772  -0.200000
 27.44020    7.43679 -22.11788  -0.200000
 25.71624    8.57658 -24.82677  -0.006000
 26.39936   10.45155 -25.33679   0.103000
 25.99551    7.28945 -26.41026   0.103000
 22.90059    8.71899 -24.18696  -0.006000
 22.21747    6.84402 -23.67693   0.103000
 22.62134   10.00612 -22.60347   0.103000
 21.17663    9.85880 -26.89585  -0.200000
-27.66465    4.75026 -18.57325  -0.200000
-27.39356    8.10689 -18.05475  -0.006000
-25.45110    8.56942 -17.54955   0.103000
-27.91388    9.11213 -19.77551   0.103000
-29.16076    8.89606 -15.90720  -0.006000
-31.10321    8.43353 -16.41240   0.103000
-28.64042    7.89080 -14.18644   0.103000
-28.88968   12.25268 -15.38872  -0.200000
 23.98422   26.41244  17.15089  -0.200000
 21.00665   27.78145  16.21871  -0.006000
 21.08957   28.31908  14.23219   0.103000
 19.50050   26.40403  16.49538   0.103000
 20.47686   30.12358  17.82851  -0.006000
 20.39392   29.58593  19.81503   0.103000
 21.98300   31.50098  17.55183   0.103000
 17.49928   31.49257  16.89632  -0.200000
-12.30873   15.17994 -25.27049  -0.200000
-13.69902   14.04255 -28.16582  -0.006000
-12.84367   12.23996 -28.67695   0.103000
-15.72619   13.79082 -27.90207   0.103000
-13.23400   15.96182 -30.27715  -0.006000
-14.08936   17.76439 -29.76600   0.103000
-11.20683   16.21353 -30.54088   0.103000
-14.62433   14.82441 -33.17246  -0.200000
 -2.85145   36.36470  -5.11804  -0.200000
 -5.12860   38.67729  -4.08088  -0.006000
 -6.28415   37.87663  -2.57558   0.103000
 -4.14373   40.34420  -3.37823   0.103000
 -6.82267   39.42466  -6.30101  -0.006000
 -5.66714   40.22532  -7.80631   0.103000
 -7.80755   37.75773  -7.00367   0.103000
 -9.09984   41.73725  -5.26385  -0.200000
-20.74428  -10.66805  21.95340  -0.200000
-24.09645  -10.06294  21.87589  -0.006000
-24.64662   -9.02539  23.56791   0.103000
-24.55478   -8.94721  20.20641   0.103000
-25.52680  -12.57337  21.77841  -0.006000
-24.97662  -13.61092  20.08641   0.103000
-25.06846  -13.68908  23.44791   0.103000
-28.87896  -11.96824  21.70092  -0.200000
 30.47756   -3.62323  16.41426  -0.200000
 31.98915   -6.67533  16.31896  -0.006000
 34.03319   -6.42822  16.26223   0.103000
 31.47343   -7.75018  17.99851   0.103000
 31.12644   -8.10470  13.95882  -0.006000
 29.08241   -8.35178  14.01557   0.103000
 31.64216   -7.02984  12.27927   0.103000
 32.63805  -11.15679  13.86352  -0.200000
-21.71078   36.22170   8.71343  -0.200000
-20.82747   33.23501   7.33197  -0.006000
-22.18990   31.79254   7.88473   0.103000
-20.80401   33.40745   5.27963   0.103000
-18.19672   32.48224   8.26481  -0.006000
-16.83429   33.92468   7.71203   0.103000
-18.22017   32.30980  10.31713   0.103000
-17.31339   29.49553   6.88333  -0.200000
-17.39793   37.36690   2.92909  -0.200000
-14.74385   35.30356   2.37433  -0.006000
-14.74321   33.79331   3.77478   0.103000
-14.88819   34.49068   0.48740   0.103000
-12.28808   36.81415   2.58645  -0.006000
-12.28874   38.32438   1.18599   0.103000
-12.14372   37.62704   4.47340   0.103000
 -9.63401   34.75084   2.03168  -0.200000
 37.98843    7.76672   4.49949  -0.200000
 37.87338    4.40675   5.05320  -0.006000
 37.08631    3.46445   3.39950   0.103000
 39.77692    3.70267   5.40413   0.103000
 36.20764    3.86568   7.35325  -0.006000
 36.99471    4.80797   9.00693   0.103000
 34.30410    4.56975   7.00232   0.103000
 36.09258    0.50573   7.90695  -0.200000
 -5.22887  -26.74119  18.21021  -0.200000
 -2.73243  -29.05826  18.12058  -0.006000
 -3.08711  -30.39152  16.59129   0.103000
 -0.92952  -28.11387  17.80443   0.103000
 -2.64635  -30.47985  20.63645  -0.006000
 -2.29167  -29.14657  22.16575   0.103000
 -4.44927  -31.42424  20.95258   0.103000
 -0.14991  -32.79693  20.54678  -0.200000
  3.66728   39.05858  -4.08491  -0.200000
  2.89612   38.45300  -7.34797  -0.006000
  4.63193   38.25125  -8.43812   0.103000
  1.79443   36.71798  -7.48303   0.103000
  1.35064   40.65884  -8.39830  -0.006000
 -0.38515   40.86057  -7.30814   0.103000
  2.45234   42.39385  -8.26322   0.103000
  0.57947   40.05324 -11.66137  -0.200000
-31.89028  -17.01589  -1.59699  -0.200000
-33.49224  -15.52465  -4.20840  -0.006000
-33.62152  -16.84808  -5.78131   0.103000
-35.38637  -14.96546  -3.62361   0.103000
-32.01092  -13.18488  -5.03829  -0.006000
-31.88165  -11.86145  -3.46540   0.103000
-30.11681  -13.74407  -5.62311   0.103000
-33.61286  -11.69366  -7.64971  -0.200000
 -1.58017  -11.98094 -28.35687  -0.200000
 -3.29612  -14.88114 -28.86056  -0.006000
 -2.01252  -16.32308 -29.57841   0.103000
 -4.11335  -15.51418 -27.07913   0.103000
 -5.40834  -14.42978 -30.78209  -0.006000
 -6.69194  -12.98782 -30.06422   0.103000
 -4.59111  -13.79674 -32.56352   0.103000
 -7.12427  -17.32998 -31.28578  -0.200000
 40.29195   -8.70538  -5.34755  -0.200000
 37.49071  -10.29096  -4.23038  -0.006000
 37.26005  -12.07127  -5.24012   0.103000
 37.67069  -10.66376  -2.21276   0.103000
 35.18296   -8.61352  -4.69725  -0.006000
 35.41364   -6.83319  -3.68752   0.103000
 35.00298   -8.24072  -6.71486   0.103000
 32.38172  -10.19908  -3.58009  -0.200000
-30.71878   13.11317   2.28126  -0.200000
-33.64638   12.06458   3.67376  -0.006000
-35.22024   12.62936   2.47121   0.103000
-33.62382   10.01324   3.85755   0.103000
-33.95371   13.26191   6.28708  -0.006000
-32.37983   12.69711   7.48963   0.103000
-33.97627   15.31323   6.10327   0.103000
-36.88129   12.21330   7.67956  -0.200000
 -9.92760   25.76105 -23.77540  -0.200000
 -9.68808   27.68583 -20.97413  -0.006000
-10.38826   26.62785 -19.35163   0.103000
 -7.71859   28.20069 -20.66064   0.103000
-11.26736   30.08325 -21.31428  -0.006000
-10.56720   31.14125 -22.93678   0.103000
-13.23683   29.56841 -21.62778   0.103000
-11.02782   32.00805 -18.51302  -0.200000
  9.45065   38.57558   5.73216  -0.200000
 11.21915   39.29285   2.90959  -0.006000
 12.10126   41.14391   3.10333   0.103000
 12.67558   37.86365   2.62959   0.103000
  9.43656   39.30942   0.63372  -0.006000
  8.55443   37.45834   0.44000   0.103000
  7.98011   40.73860   0.91374   0.103000
 11.20504   40.02667  -2.18885  -0.200000
-17.20979   21.26524 -19.84401  -0.200000
-18.20213   20.46241 -23.00301  -0.006000
-18.14438   22.14481 -24.18976   0.103000
-16.93888   19.03177 -23.77729   0.103000
-20.90039   19.42699 -22.93158  -0.006000
-20.95816   17.74459 -21.74485   0.103000
-22.16363   20.85763 -22.15732   0.103000
-21.89274   18.62416 -26.09060  -0.200000
 -7.19392  -36.34745 -17.85699  -0.200000
 -4.68926  -34.15485 -17.13014  -0.006000
 -3.30842  -35.07022 -15.90635   0.103000
 -3.77176  -33.55704 -18.87455   0.103000
 -5.79016  -31.84684 -15.78163  -0.006000
 -7.17100  -30.93147 -17.00542   0.103000
 -6.70768  -32.44465 -14.03723   0.103000
 -3.28550  -29.65424 -15.05479  -0.200000
 31.79744   -5.52403 -16.98127  -0.200000
 29.45722   -7.47470 -18.50690  -0.006000
 27.89442   -7.81483 -17.20915   0.103000
 28.75634   -6.51719 -20.19036   0.103000
 30.64918   -9.99826 -19.26073  -0.006000
 32.21201   -9.65811 -20.55848   0.103000
 31.35008  -10.95574 -17.57725   0.103000
 28.30897  -11.94893 -20.78636  -0.200000
-24.66469   23.35426   5.75272  -0.200000
-27.96534   22.93961   5.01605  -0.006000
-28.64024   21.18211   5.85146   0.103000
-29.04326   24.52077   5.77778   0.103000
-28.30666   22.83509   2.14722  -0.006000
-27.63176   24.59259   1.31181   0.103000
-27.22876   21.25394   1.38551   0.103000
-31.60731   22.42047   1.41057  -0.200000
 33.58174   18.03889   2.37384  -0.200000
 34.22406   21.37995   2.55759  -0.006000
 33.43593   22.13604   4.30387   0.103000
 36.26001   21.69064   2.53159   0.103000
 33.01699   22.71901   0.29767  -0.006000
 33.80512   21.96291  -1.44857   0.103000
 30.98104   22.40832   0.32369   0.103000
 33.65931   26.06006   0.48145  -0.200000
-25.69376  -19.97805   9.12804  -0.200000
-28.61299  -18.73499  10.36987  -0.006000
-28.50391  -18.64861  12.42484   0.103000
-28.92906  -16.84351   9.61855   0.103000
-30.80131  -20.45727   9.59359  -0.006000
-30.91036  -20.54365   7.53863   0.103000
-30.48519  -22.34877  10.34491   0.103000
-33.72052  -19.21421  10.83543  -0.200000
 33.08211    6.04571  12.37147  -0.200000
 33.69291    6.14998  15.72182  -0.006000
 35.71862    6.33391  16.04553   0.103000
 32.71575    7.76366  16.54845   0.103000
 32.73886    3.71371  16.95156  -0.006000
 30.71315    3.52978  16.62785   0.103000
 33.71600    2.10003  16.12494   0.103000
 33.34966    3.81796  20.30191  -0.200000
-23.74431  -17.40598 -16.51704  -0.200000
-24.98615  -19.89865 -18.48014  -0.006000
-23.73483  -21.53216 -18.39002   0.103000
-26.86008  -20.43094 -17.81129   0.103000
-25.16635  -18.97363 -21.21318  -0.006000
-26.41767  -17.34009 -21.30330   0.103000
-23.29242  -18.44131 -21.88205   0.103000
-26.40819  -21.46627 -23.17628  -0.200000
  3.64602   -7.55274 -29.67611  -0.200000
  2.67680   -5.78285 -32.42154  -0.006000
  1.08449   -4.57185 -31.93140   0.103000
  4.24569   -4.62199 -33.07971   0.103000
  1.88665   -7.61099 -34.51706  -0.006000
  3.47899   -8.82198 -35.00718   0.103000
  0.31776   -8.77184 -33.85887   0.103000
  0.91742   -5.84109 -37.26249  -0.200000
 10.29528  -21.58562  25.00355  -0.200000
 12.82113  -19.83407  26.47366  -0.006000
 13.37677  -20.76756  28.22355   0.103000
 14.43471  -19.75229  25.19627   0.103000
 11.91947  -17.15034  27.05861  -0.006000
 11.36383  -16.21684  25.30872   0.103000
 10.30590  -17.23213  28.33603   0.103000
 14.44533  -15.39877  28.52874  -0.200000
  8.47826   35.55404  12.28983  -0.200000
  7.14481   38.21140  13.95408  -0.006000
  6.39625   37.58157  15.76655   0.103000
  8.60610   39.62826  14.26925   0.103000
  5.01135   39.36277  12.37916  -0.006000
  5.75989   39.99261  10.56667   0.103000
  3.55006   37.94589  12.06399   0.103000
  3.67790   42.02012  14.04342  -0.200000
 12.84883   39.46183 -20.23430  -0.200000
 12.77865   36.35860 -18.82931  -0.006000
 13.59034   34.99257 -20.13974   0.103000
 13.87203   36.36976 -17.08386   0.103000
 10.04333   35.62610 -18.24704  -0.006000
  9.23163   36.99213 -16.93659   0.103000
  8.94993   35.61491 -19.99247   0.103000
  9.97314   32.52287 -16.84201  -0.200000
  4.66366   42.71482   5.02546  -0.200000
  2.68676   40.06620   4.19737  -0.006000
  3.61064   38.95058   2.73311   0.103000
  2.37682   38.89327   5.86185   0.103000
  0.14560   41.03104   3.21293  -0.006000
 -0.77826   42.14666   4.67719   0.103000
  0.45556   42.20397   1.54842   0.103000
 -1.83130   38.38242   2.38482  -0.200000
  4.21689  -11.59358  37.34367  -0.200000
  3.89495  -10.94165  34.01492  -0.006000
  5.43738  -11.83934  32.98664   0.103000
  2.09593  -11.68370  33.34031   0.103000
  3.98192   -8.08495  33.57964  -0.006000
  2.43947   -7.18727  34.60790   0.103000
  5.78092   -7.34289  34.25423   0.103000
  3.65996   -7.43303  30.25089  -0.200000
-16.82085   -1.52758  32.46980  -0.200000
-19.41548   -2.58405  30.53053  -0.006000
-20.91577   -3.32254  31.73302   0.103000
-20.13628   -1.00208  29.42596   0.103000
-18.49944   -4.66592  28.74608  -0.006000
-16.99916   -3.92742  27.54363   0.103000
-17.77864   -6.24787  29.85064   0.103000
-21.09409   -5.72237  26.80680  -0.200000
 32.67996   19.09117 -18.25704  -0.200000
 29.88851   17.97987 -19.86395  -0.006000
 28.22743   18.91123 -19.07934   0.103000
 30.03404   18.41219 -21.87248   0.103000
 29.64650   15.12096 -19.50970  -0.006000
 31.30758   14.18959 -20.29430   0.103000
 29.50099   14.68865 -17.50117   0.103000
 26.85507   14.00967 -21.11663  -0.200000
 21.97032   17.88541  28.63678  -0.200000
 24.94233   16.70429  27.46156  -0.006000
 25.91482   18.19731  26.42844   0.103000
 26.11069   16.08934  29.04239   0.103000
 24.45948   14.46795  25.69427  -0.006000
 23.48697   12.97494  26.72738   0.103000
 23.29110   15.08291  24.11343   0.103000
 27.43149   13.28683  24.51906  -0.200000
-18.19071    6.39835  26.66685  -0.200000
-21.25101    7.80291  27.18757  -0.006000
-22.48192    7.37936  25.59141   0.103000
-22.07444    7.03583  28.91264   0.103000
-20.96466   10.66769  27.44873  -0.006000
-19.73377   11.09124  29.04486   0.103000
-20.14123   11.43477  25.72365   0.103000
-24.02496   12.07223  27.96944  -0.200000
-36.14504   -6.40336  -3.96808  -0.200000
-36.75066   -3.43050  -2.41743  -0.006000
-35.47014   -1.99663  -3.15666   0.103000
-38.69815   -2.85791  -2.76612   0.103000
-36.32821   -3.72391   0.42742  -0.006000
-37.60874   -5.15780   1.16664   0.103000
-34.38071   -4.29652   0.77609   0.103000
-36.93383   -0.75105   1.97805  -0.200000
-14.71341  -28.18275  17.04352  -0.200000
-11.84165  -29.67375  15.97616  -0.006000
-11.97506  -30.05492  13.95652   0.103000
-10.24421  -28.42420  16.33544   0.103000
-11.45903  -32.15947  17.40175  -0.006000
-11.32562  -31.77830  19.42140   0.103000
-13.05646  -33.40902  17.04248   0.103000
 -8.58727  -33.65049  16.33441  -0.200000
$end
