Header
  1      1(1)a  3.73400  0.00000 0.026140 0.047750 0.216010 0.000030 0.572980 0.017610 0.077860
  2      2(1)a  4.17100  0.45700 0.045940 0.422310 0.136600 0.013360 0.051230 0.272650 0.048260
  3      3(1)a  4.39500  0.00100 0.026570 0.064220 0.212040 0.000030 0.537720 0.022020 0.079260
  4      4(1)a  4.63700  0.01400 0.032330 0.084400 0.207180 0.003020 0.001680 0.605140 0.047200
  5      5(1)a  5.52000  0.02600 0.048540 0.252980 0.146060 0.002270 0.164780 0.305510 0.054880
  6      6(1)a  5.93200  0.12600 0.101980 0.045030 0.230700 0.041150 0.170800 0.232140 0.084880
  7      7(1)a  5.98800  0.17300 0.078250 0.076150 0.215690 0.029620 0.171860 0.248560 0.089130
  8      8(1)a  6.19500  0.00200 0.049470 0.224880 0.162350 0.018720 0.037400 0.344630 0.113500
  9      9(1)a  6.29800  0.00000 0.000010 0.000010 0.000100 0.000000 0.000120 0.000010 0.049740
 10     10(1)a  6.63200  0.00600 0.206800 0.062720 0.124600 0.089390 0.006910 0.270030 0.103420
