3
     1(1)a  0.92214  0.57298  0.21574  0.02419  0.04690  0.01761  0.00195  0.00085  0.00027  0.00003
     2(1)a  0.95174  0.05123  0.04396  0.00634  0.31432  0.27265  0.03960  0.10799  0.09264  0.01336
     3(1)a  0.92074  0.53772  0.21177  0.02434  0.06402  0.02202  0.00223  0.00020  0.00027  0.00003
     4(1)a  0.95280  0.00168  0.06925  0.00162  0.08196  0.60514  0.03071  0.00244  0.13793  0.00302
     5(1)a  0.94512  0.16478  0.10325  0.01342  0.25130  0.30551  0.03512  0.00168  0.04281  0.00227
     6(1)a  0.91512  0.17080  0.12947  0.02246  0.04357  0.23214  0.07952  0.00146  0.10123  0.04115
     7(1)a  0.91087  0.17186  0.12768  0.01965  0.07450  0.24856  0.05860  0.00165  0.08801  0.02962
     8(1)a  0.88650  0.03740  0.03951  0.00490  0.19810  0.34463  0.04457  0.02678  0.12284  0.01872
     9(1)a  0.95026  0.00012  0.00010  0.00001  0.00001  0.00001  0.00000  0.00000  0.00000  0.00000
    10(1)a  0.89658  0.00691  0.03476  0.01880  0.04822  0.27003  0.18800  0.01450  0.08984  0.08939
