$coord
    2.62528313285005      0.00000000000000      0.00000000000000      c
    0.00000000000000      0.00000000000000      0.00000000000000      c
   -1.34389763666295      2.25523696150838      0.00000000000000      c
   -0.06438296934741      4.50958575173431      0.00026456165860      c
    2.58983187059712      4.55815171334947      0.00175744530358      c
    3.90687649891177      2.25319605728487      0.00026456165860      c
    3.63639999751184     -1.77107022900175      0.00183303434890      h
   -3.38296882583055      2.21721567171473      0.00181413708757      h
   -1.10210717796024      6.27111286376499     -0.00145508912232      h
    5.95135230481941      2.26343837292511     -0.00145508912232      h
   -1.34389763666295     -2.36523791970366      0.00332591799388      n
   -3.65178236823353     -2.32379622560948      0.00479990437753      o
   -0.12687621256194     -4.32660357028700      0.00468652080956      o
    3.85549484535860      6.78559080344311     -0.04663844095962      n
    2.92219690284904      8.41213477780177      0.25044540439133      h
    5.73051890893040      6.81652562023845      0.25042650713001      h
    4.54734247986937     -9.50347051680456      3.88824379924151      cl
    5.38050383459732     -6.20247801061859      3.75195675053780      c
    7.43093227782356     -6.00976373958691      3.77856409448883      h
    4.63527143683254     -5.37678107411553      2.01847317431914      h
    4.25488846354399     -4.82953528329318      6.03353649433861      c
    2.20446002031775     -5.02226845158619      6.00691025312625      h
    5.00012086130877     -5.65523221979623      7.76702007055727      h
    5.08804981827194     -1.52854277710721      5.89726834289623      cl
    9.04710165571267      5.12533411487377      2.48669061826422      cl
   10.04177790301836      3.37493748976579      5.23548625115968      c
    8.47411779496042      3.23262221469817      6.56379364722632      h
   10.63607787454957      1.48591055554931      4.66917312365650      h
   12.25360785525436      4.74139845645539      6.49971303406017      c
   13.82126796331231      4.88371373152301      5.17142453525485      h
   11.65928898646183      6.63042539067187      7.06602616156334      h
   13.24828410256005      2.99100183134741      9.24850866695563      cl
   -6.04323078940031      8.38836202305007     -3.23693079028115      cl
   -8.15413046887889      5.75517983496456     -2.76825981206418      c
   -7.14630172768832      4.22595675644951     -1.82592897863942      h
   -9.74562002347252      6.34929083388247     -1.60360269910543      h
   -9.12699927661108      4.83233207796985     -5.32936784544143      c
  -10.13482801780165      6.36157405374623     -6.27167978160486      h
   -7.53550972201745      4.23822107905193     -6.49402495840018      h
  -11.23791785335099      2.19914988988434     -4.86069686722446      cl
   -5.83619239428136      2.07338861574080      5.51098942407307      cl
   -6.13263373274713     -1.32025716274055      5.44174985856414      c
   -4.37902457321324     -2.14910994188553      4.74888177194162      h
   -6.51721189805069     -2.01524174263191      7.34205845779395      h
   -8.30716049111997     -2.06197466989817      3.68708245239584      c
  -10.06078854791519     -1.23312189075320      4.37996943627969      h
   -7.92258232581641     -1.36699009000682      1.78677385316603      h
   -8.60362072684707     -5.45562044837952      3.61784288688691      cl
   -1.62614713187075      2.32595051340097     -6.97125639599912      cl
    0.03186078260045     -0.45466810757229     -8.03350924981680      c
   -0.78434972871552     -2.12320179660366     -7.14361831657962      h
   -0.13698624737288     -0.61544600695820    -10.07996926816398      h
    2.82342091788311     -0.24681713021619     -7.31133151087323      c
    3.63963142919908      1.42171655881518     -8.20122244411040      h
    2.99224905059511     -0.08603923083028     -5.26489038978738      h
    4.48140993509299     -3.02741685392812     -8.37358436469090      cl
$user-defined bonds
$end
