$point_charges nocheck
  8.76160   -2.59550  -1.37451  -0.200000
 11.26993   -4.84915  -0.88596  -0.006000
 11.72424   -4.94725   1.12055   0.103000
 10.66471   -6.70435  -1.54483   0.103000
 13.61204   -4.01966  -2.36382  -0.006000
 13.15769   -3.92156  -4.37035   0.103000
 14.21726   -2.16447  -1.70495   0.103000
 16.12037   -6.27334  -1.87529  -0.200000
 -0.69274    9.84782   4.18387  -0.200000
 -1.73747   13.08118   4.43536  -0.006000
 -2.42252   13.43531   6.34523   0.103000
 -0.16431   14.34548   4.02429   0.103000
 -3.87207   13.55400   2.54391  -0.006000
 -3.18702   13.19985   0.63406   0.103000
 -5.44523   12.28970   2.95500   0.103000
 -4.91682   16.78736   2.79540  -0.200000
  6.06532   -9.71223  -2.56884  -0.200000
  2.71168   -9.91953  -3.13385  -0.006000
  2.22572  -11.84310  -3.68687   0.103000
  1.69314   -9.42091  -1.41450   0.103000
  1.97667   -8.09421  -5.25181  -0.006000
  2.46263   -6.17066  -4.69879   0.103000
  2.99520   -8.59285  -6.97116   0.103000
 -1.37697   -8.30151  -5.81680  -0.200000
  1.45783   11.88473  -3.99881  -0.200000
  3.01767   10.13509  -6.47163  -0.006000
  4.42332    8.87854  -5.64251   0.103000
  1.62800    9.02286  -7.50794   0.103000
  4.31988   11.97612  -8.28059  -0.006000
  2.91422   13.23267  -9.10969   0.103000
  5.70956   13.08838  -7.24427   0.103000
  5.87971   10.22650 -10.75341  -0.200000
 12.99413   12.73811   4.46074  -0.200000
  9.69316   11.90240   4.34176  -0.006000
  9.39394   10.49252   2.87040   0.103000
  9.11388   11.13024   6.16123   0.103000
  8.12357   14.25740   3.75182  -0.006000
  8.42277   15.66728   5.22318   0.103000
  8.70283   15.02958   1.93236   0.103000
  4.82260   13.42170   3.63285  -0.200000
 17.21665   11.68637  -5.61884  -0.200000
 14.88537   10.97328  -3.23859  -0.006000
 15.22694    9.08686  -2.48571   0.103000
 15.01346   12.35429  -1.71589   0.103000
 12.24584   11.07754  -4.41319  -0.006000
 11.90427   12.96396  -5.16608   0.103000
 12.11776    9.69652  -5.93589   0.103000
  9.91454   10.36445  -2.03295  -0.200000
 -2.88333  -12.71400  -1.36140  -0.200000
 -4.04335  -10.62162   1.06467  -0.006000
 -4.31644   -8.73894   0.27530   0.103000
 -5.83780  -11.33188   1.78417   0.103000
 -2.12460  -10.49142   3.22317  -0.006000
 -1.85152  -12.37410   4.01257   0.103000
 -0.33015   -9.78117   2.50370   0.103000
 -3.28463   -8.39906   5.64926  -0.200000
  4.22187    5.91807   6.11243  -0.200000
  1.55048    4.12724   7.23741  -0.006000
 -0.15233    5.27869   7.10775   0.103000
  1.32432    2.43429   6.08630   0.103000
  1.99100    3.36687   9.99155  -0.006000
  3.69381    2.21540  10.12120   0.103000
  2.21716    5.05982  11.14266   0.103000
 -0.68038    1.57601  11.11652  -0.200000
 -6.28154   -2.40279  -5.53008  -0.200000
 -9.30977   -3.96249  -5.45246  -0.006000
-10.80111   -2.58532  -5.80110   0.103000
 -9.36860   -5.42147  -6.90512   0.103000
 -9.70433   -5.17224  -2.85662  -0.006000
 -8.21301   -6.54943  -2.50797   0.103000
 -9.64552   -3.71329  -1.40395   0.103000
-12.73258   -6.73194  -2.77899  -0.200000
 12.58450   -0.13871  -9.51834  -0.200000
 10.13165    2.15306  -8.93447  -0.006000
 10.64037    3.94365  -9.81609   0.103000
  8.35584    1.47629  -9.72871   0.103000
  9.82816    2.53499  -6.08499  -0.006000
  9.31943    0.74442  -5.20340   0.103000
 11.60398    3.21176  -5.29074   0.103000
  7.37532    4.82676  -5.50113  -0.200000
  8.70414   16.82973  -4.68652  -0.200000
  6.75636   18.91790  -2.82771  -0.006000
  7.33584   18.82214  -0.85355   0.103000
  6.96965   20.84831  -3.51349   0.103000
  3.98893   18.11452  -3.05869  -0.006000
  3.40946   18.21027  -5.03287   0.103000
  3.77565   16.18411  -2.37293   0.103000
  2.04113   20.20268  -1.19990  -0.200000
 -3.10947   12.08586  -8.55273  -0.200000
 -4.20685    8.98346  -9.43584  -0.006000
 -3.10202    7.55579  -8.44418   0.103000
 -6.19392    8.78789  -8.93047   0.103000
 -3.89962    8.62851 -12.28844  -0.006000
 -5.00445   10.05616 -13.28011   0.103000
 -1.91255    8.82406 -12.79382   0.103000
 -4.99702    5.52609 -13.17156  -0.200000
 -4.87145    5.87977  12.77986  -0.200000
 -7.28665    7.60577  11.10747  -0.006000
 -8.52624    6.28173  10.13141   0.103000
 -8.38766    8.71844  12.44608   0.103000
 -6.05045    9.36828   9.17797  -0.006000
 -4.81088   10.69230  10.15407   0.103000
 -4.94944    8.25559   7.83940   0.103000
 -8.46563   11.09426   7.50560  -0.200000
 22.62662    4.05836  -4.40988  -0.200000
 19.63953    5.10532  -3.14855  -0.006000
 19.95477    6.10421  -1.37510   0.103000
 18.72957    6.36911  -4.49653   0.103000
 17.93807    2.81652  -2.67500  -0.006000
 17.62281    1.81761  -4.44845   0.103000
 18.84802    1.55271  -1.32702   0.103000
 14.95098    3.86347  -1.41369  -0.200000
 10.93724   11.12782  10.79601  -0.200000
 10.47515    8.78398  13.22538  -0.006000
 12.03812    7.44295  13.19252   0.103000
 10.40030    9.70688  15.06518   0.103000
  7.99260    7.38063  12.75076  -0.006000
  6.42962    8.72163  12.78362   0.103000
  8.06745    6.45772  10.91096   0.103000
  7.53050    5.03678  15.18015  -0.200000
  1.53092   19.83585   7.89683  -0.200000
  3.35801   20.40020   5.07682  -0.006000
  3.56442   18.63956   4.02806   0.103000
  2.39564   21.79119   3.90155   0.103000
  5.97136   21.39864   5.80560  -0.006000
  5.76497   23.15927   6.85436   0.103000
  6.93373   20.00765   6.98088   0.103000
  7.79845   21.96298   2.98560  -0.200000
  1.07499    9.79349  10.94643  -0.200000
  2.71588   12.76523  11.23892  -0.006000
  4.62832   12.56972  10.49964   0.103000
  1.71143   14.21261  10.17194   0.103000
  2.83410   13.53061  14.02419  -0.006000
  0.92166   13.72614  14.76347   0.103000
  3.83856   12.08327  15.09116   0.103000
  4.47498   16.50235  14.31668  -0.200000
 20.89315   -7.59974   7.08500  -0.200000
 18.42183   -5.25537   7.00879  -0.006000
 16.72311   -6.01889   7.88830   0.103000
 19.03343   -3.57861   8.03676   0.103000
 17.84996   -4.54696   4.26489  -0.006000
 19.54867   -3.78342   3.38537   0.103000
 17.23835   -6.22368   3.23691   0.103000
 15.37863   -2.20257   4.18867  -0.200000
-17.41530   11.80313   7.71103  -0.200000
-16.91299    9.11935   5.67290  -0.006000
-17.95905    7.50027   6.39844   0.103000
-17.57064    9.56681   3.77303   0.103000
-14.09352    8.48568   5.59125  -0.006000
-13.04744   10.10476   4.86569   0.103000
-13.43588    8.03821   7.49112   0.103000
-13.59121    5.80187   3.55308  -0.200000
-13.46694   11.74506  -0.65672  -0.200000
-12.47760   13.41912  -3.45457  -0.006000
-11.63899   12.09257  -4.78847   0.103000
-14.10836   14.32877  -4.32362   0.103000
-10.52479   15.42625  -2.73659  -0.006000
-11.36340   16.75280  -1.40271   0.103000
 -8.89407   14.51661  -1.86754   0.103000
 -9.53544   17.10032  -5.53444  -0.200000
 -7.76046  -13.29218  -8.55526  -0.200000
 -8.71848  -13.53981  -5.29492  -0.006000
 -7.45486  -12.41491  -4.12015   0.103000
-10.64666  -12.84507  -5.09070   0.103000
 -8.59873  -16.30586  -4.46278  -0.006000
 -9.86235  -17.43074  -5.63753   0.103000
 -6.67054  -17.00060  -4.66700   0.103000
 -9.55674  -16.55349  -1.20241  -0.200000
 -3.23733   -4.50908 -11.58011  -0.200000
 -5.02576   -2.59779 -13.76136  -0.006000
 -6.63751   -3.67506 -14.45709   0.103000
 -5.69503   -0.90314 -12.80091   0.103000
 -3.34079   -1.84176 -15.98557  -0.006000
 -1.72904   -0.76449 -15.28981   0.103000
 -2.67152   -3.53641 -16.94599   0.103000
 -5.12925    0.06954 -18.16681  -0.200000
 10.49076   -3.42753   9.45976  -0.200000
  8.12435   -3.06954  11.88490  -0.006000
  6.88962   -1.49020  11.41225   0.103000
  7.01015   -4.79673  12.01796   0.103000
  9.41361   -2.55791  14.42135  -0.006000
 10.64834   -4.13725  14.89403   0.103000
 10.52782   -0.83070  14.28829   0.103000
  7.04720   -2.19992  16.84649  -0.200000
 -9.34564   -4.42077  10.62340  -0.200000
-11.19636   -1.73420  11.60641  -0.006000
-11.92258   -2.05831  13.50636   0.103000
-10.01498   -0.04707  11.60097   0.103000
-13.40734   -1.36710   9.78041  -0.006000
-12.68114   -1.04300   7.88044   0.103000
-14.58874   -3.05421   9.78583   0.103000
-15.25808    1.31948  10.76339  -0.200000
 -5.85543   -8.46416  16.17024  -0.200000
 -2.63628   -8.62705  15.06580  -0.006000
 -1.35225   -8.51429  16.67222   0.103000
 -2.33982  -10.40712  14.07292   0.103000
 -2.12235   -6.42378  13.26610  -0.006000
 -3.40640   -6.53656  11.65967   0.103000
 -2.41881   -4.64372  14.25899   0.103000
  1.09680   -6.58670  12.16165  -0.200000
 -2.28755  -10.62062 -16.28557  -0.200000
 -1.63769  -10.99617 -12.96203  -0.006000
 -0.56968   -9.37125 -12.28286   0.103000
 -3.41260  -11.13332 -11.92616   0.103000
 -0.09301  -13.40453 -12.54829  -0.006000
 -1.16103  -15.02945 -13.22744   0.103000
  1.68188  -13.26733 -13.58416   0.103000
  0.55681  -13.78005  -9.22475  -0.200000
  6.87703  -14.10527 -10.51884  -0.200000
  8.81618  -15.96237  -8.42119  -0.006000
  7.74814  -17.59653  -7.76456   0.103000
 10.49864  -16.59911  -9.42425   0.103000
  9.60005  -14.35011  -6.15319  -0.006000
 10.66807  -12.71595  -6.80982   0.103000
  7.91757  -13.71336  -5.15013   0.103000
 11.53920  -16.20716  -4.05554  -0.200000
-11.85900   -0.98322 -11.51707  -0.200000
-11.14343    2.10173 -12.77423  -0.006000
 -9.20540    2.60690 -12.29363   0.103000
-11.35892    2.07588 -14.82243   0.103000
-12.95511    4.04840 -11.64020  -0.006000
-14.89314    3.54324 -12.12082   0.103000
-12.73963    4.07423  -9.59204   0.103000
-12.23955    7.13336 -12.89736  -0.200000
  6.85167  -10.14637  13.06381  -0.200000
  4.43394  -12.42835  12.31790  -0.006000
  3.37921  -12.89451  14.02447   0.103000
  3.15248  -11.63722  10.91281   0.103000
  5.66188  -14.82267  11.26101  -0.006000
  6.71662  -14.35648   9.55444   0.103000
  6.94336  -15.61379  12.66610   0.103000
  3.24417  -17.10463  10.51508  -0.200000
-17.14921   -1.80845  -4.18264  -0.200000
-16.56114   -3.01005  -7.31624  -0.006000
-15.97591   -1.46486  -8.54598   0.103000
-15.07040   -4.42923  -7.23933   0.103000
-18.97731   -4.20740  -8.35828  -0.006000
-19.56254   -5.75257  -7.12854   0.103000
-20.46806   -2.78822  -8.43519   0.103000
-18.38925   -5.40900 -11.49188  -0.200000
 -9.36108  -19.17229   8.34611  -0.200000
-10.14021  -17.18746   5.68857  -0.006000
 -8.47555  -16.94604   4.49991   0.103000
-11.64565  -18.06707   4.59211   0.103000
-11.02557  -14.60549   6.64105  -0.006000
-12.69023  -14.84690   7.82970   0.103000
 -9.52018  -13.72586   7.73752   0.103000
-11.80472  -12.62067   3.98350  -0.200000
 12.13011   13.14427 -15.93755  -0.200000
 12.78696   10.09660 -14.56291  -0.006000
 11.03655    9.02280 -14.40423   0.103000
 14.11402    9.07407 -15.76111   0.103000
 13.93941   10.45270 -11.93560  -0.006000
 15.68985   11.52654 -12.09430   0.103000
 12.61235   11.47523 -10.73740   0.103000
 14.59628    7.40504 -10.56100  -0.200000
  6.99322  -24.82265  -3.26756  -0.200000
  6.00878  -21.60422  -2.73719  -0.006000
  5.31922  -21.40595  -0.80655   0.103000
  7.60813  -20.33959  -3.02878   0.103000
  3.89491  -20.92554  -4.58878  -0.006000
  4.58448  -21.12379  -6.51944   0.103000
  2.29554  -22.19015  -4.29722   0.103000
  2.91046  -17.70709  -4.05843  -0.200000
  5.63601   18.02432 -18.38921  -0.200000
  4.98446   17.28544 -15.12754  -0.006000
  3.17397   18.10450 -14.58593   0.103000
  4.91312   15.24109 -14.88719   0.103000
  7.07432   18.37885 -13.45578  -0.006000
  8.88483   17.55977 -13.99737   0.103000
  7.14568   20.42320 -13.69611   0.103000
  6.42276   17.63997 -10.19413  -0.200000
-16.97384   -5.30420   4.57667  -0.200000
-19.66477   -5.79532   2.54514  -0.006000
-20.76892   -4.06004   2.43584   0.103000
-19.01696   -6.31726   0.66093   0.103000
-21.30906   -7.91650   3.61971  -0.006000
-20.20490   -9.65176   3.72902   0.103000
-21.95686   -7.39452   5.50394   0.103000
-23.99998   -8.40760   1.58820  -0.200000
 -1.02899  -23.89714   4.19223  -0.200000
 -2.46842  -21.52434   6.16892  -0.006000
 -4.47366  -21.93896   6.39066   0.103000
 -1.55831  -21.52487   8.01660   0.103000
 -2.15268  -18.92617   4.94109  -0.006000
 -0.14742  -18.51153   4.71935   0.103000
 -3.06281  -18.92561   3.09339   0.103000
 -3.59210  -16.55334   6.91778  -0.200000
-16.62008    5.82629  -4.97625  -0.200000
-18.42878    6.47534  -2.16266  -0.006000
-19.70219    4.90097  -1.78607   0.103000
-17.15102    6.72249  -0.56624   0.103000
-19.97087    8.89075  -2.54425  -0.006000
-18.69746   10.46510  -2.92082   0.103000
-21.24863    8.64357  -4.14065   0.103000
-21.77957    9.53977   0.26934  -0.200000
 11.81105  -10.63447   8.13106  -0.200000
 14.90580  -10.97886   9.51409  -0.006000
 15.53446  -12.93004   9.31421   0.103000
 16.23073   -9.72835   8.55337   0.103000
 14.79030  -10.28718  12.31875  -0.006000
 14.16166   -8.33602  12.51860   0.103000
 13.46539  -11.53769  13.27946   0.103000
 17.88507  -10.63158  13.70178  -0.200000
  5.41962    2.24123 -14.89376  -0.200000
  8.11019    0.32798 -15.73590  -0.006000
  9.84241    1.30334 -15.19716   0.103000
  8.00409   -1.47807 -14.75147   0.103000
  8.11129   -0.13015 -18.59031  -0.006000
  6.37904   -1.10549 -19.12904   0.103000
  8.21740    1.67592 -19.57473   0.103000
 10.80184   -2.04338 -19.43245  -0.200000
 19.11354    5.40896   6.65926  -0.200000
 20.42510    2.34936   7.38564  -0.006000
 19.07187    1.26888   8.50074   0.103000
 20.83187    1.34301   5.63518   0.103000
 22.86833    2.68192   8.89487  -0.006000
 24.22158    3.76239   7.77979   0.103000
 22.46157    3.68825  10.64534   0.103000
 24.17992   -0.37770   9.62126  -0.200000
 12.03884   18.18810   7.62070  -0.200000
 11.16290   18.07253  10.91135  -0.006000
 10.21081   19.82351  11.43082   0.103000
  9.89517   16.48070  11.22938   0.103000
 13.53677   17.75088  12.52970  -0.006000
 14.48883   15.99991  12.01025   0.103000
 14.80447   19.34273  12.21169   0.103000
 12.66082   17.63530  15.82037  -0.200000
 27.96698   11.52567   2.49676  -0.200000
 25.10206   11.57368   0.65311  -0.006000
 25.18423   13.12088  -0.70400   0.103000
 24.90232    9.78744  -0.35276   0.103000
 22.83428   11.95017   2.40604  -0.006000
 22.75211   10.40296   3.76314   0.103000
 23.03404   13.73640   3.41192   0.103000
 19.96938   11.99817   0.56238  -0.200000
 13.20246  -18.72796   4.80049  -0.200000
 10.15129  -17.39058   4.08544  -0.006000
  9.66240  -15.99107   5.51528   0.103000
 10.21297  -16.48913   2.23451   0.103000
  8.16022  -19.48650   4.06953  -0.006000
  8.64911  -20.88601   2.63966   0.103000
  8.09853  -20.38795   5.92044   0.103000
  5.10906  -18.14912   3.35445  -0.200000
 14.48815   19.18571   0.02200  -0.200000
 17.84973   18.95346   0.52716  -0.006000
 18.58391   20.78493   1.11787   0.103000
 18.22945   17.55618   1.99196   0.103000
 19.14007   18.14640  -1.93075  -0.006000
 18.40589   16.31493  -2.52146   0.103000
 18.76035   19.54368  -3.39555   0.103000
 22.50163   17.91413  -1.42559  -0.200000
 20.47872  -12.05173 -12.79690  -0.200000
 18.56355  -11.42506 -10.04939  -0.006000
 17.90432  -13.20546  -9.25080   0.103000
 19.68407  -10.41592  -8.64646   0.103000
 16.28927   -9.80968 -10.80814  -0.006000
 16.94850   -8.02928 -11.60674   0.103000
 15.16874  -10.81883 -12.21109   0.103000
 14.37409   -9.18301  -8.06063  -0.200000
-10.76122   22.21628  -2.19828  -0.200000
 -7.89580   21.73682  -0.41816  -0.006000
 -8.32738   20.71183   1.31548   0.103000
 -6.56041   20.64741  -1.54604   0.103000
 -6.73188   24.29918   0.24291  -0.006000
 -6.30031   25.32414  -1.49071   0.103000
 -8.06728   25.38857   1.37081   0.103000
 -3.86647   23.81968   2.02307  -0.200000
-10.93609   21.77014   6.42630  -0.200000
 -7.96901   20.37503   7.35334  -0.006000
 -8.04812   18.33720   7.06499   0.103000
 -6.44945   21.17168   6.21387   0.103000
 -7.47243   20.93346  10.14603  -0.006000
 -7.39331   22.97130  10.43441   0.103000
 -8.99202   20.13681  11.28552   0.103000
 -4.50533   19.53837  11.07310  -0.200000
 18.26570   -3.45444  -8.20103  -0.200000
 20.40806   -2.55200 -10.69196  -0.006000
 22.04725   -1.60610  -9.87920   0.103000
 21.02090   -4.23227 -11.71343   0.103000
 19.06462   -0.75425 -12.51420  -0.006000
 17.42543   -1.70015 -13.32697   0.103000
 18.45176    0.92604 -11.49271   0.103000
 21.20698    0.14821 -15.00512  -0.200000
 20.27737   13.81292  11.76126  -0.200000
 18.34994   11.00529  11.65264  -0.006000
 16.54546   11.37464  12.57437   0.103000
 18.02258   10.47216   9.69027   0.103000
 19.70718    8.85112  13.02186  -0.006000
 21.51166    8.48177  12.10012   0.103000
 20.03454    9.38425  14.98424   0.103000
 17.77972    6.04348  12.91324  -0.200000
-18.61407   -9.30686  -3.81311  -0.200000
-17.19732  -11.27225  -6.20879  -0.006000
-15.66056  -10.24640  -7.11877   0.103000
-16.45904  -12.98833  -5.34150   0.103000
-19.18955  -11.97198  -8.18336  -0.006000
-20.72633  -12.99786  -7.27340   0.103000
-19.92784  -10.25592  -9.05065   0.103000
-17.77284  -13.93739 -10.57905  -0.200000
 14.09464   25.20708  -8.53147  -0.200000
 13.18120   22.09298  -9.56935  -0.006000
 11.25003   21.70675  -8.96639   0.103000
 13.29248   21.99328 -11.62357   0.103000
 14.96147   20.13089  -8.41242  -0.006000
 16.89264   20.51713  -9.01539   0.103000
 14.85015   20.23061  -6.35821   0.103000
 14.04802   17.01683  -9.45029  -0.200000
  2.79997   -4.87090 -16.08159  -0.200000
  4.50634   -7.70118 -16.91048  -0.006000
  5.86633   -8.14253 -15.42793   0.103000
  3.18288   -9.26582 -17.11669   0.103000
  5.90417   -7.28735 -19.40694  -0.006000
  4.54417   -6.84601 -20.88949   0.103000
  7.22764   -5.72271 -19.20075   0.103000
  7.61053  -10.11763 -20.23583  -0.200000
 -7.59904   14.28261 -14.54375  -0.200000
-10.24281   14.82195 -12.46320  -0.006000
-10.75218   13.05882 -11.52829   0.103000
 -9.72761   16.22638 -11.04745   0.103000
-12.49612   15.78379 -13.99781  -0.006000
-11.98672   17.54692 -14.93269   0.103000
-13.01129   14.37936 -15.41353   0.103000
-15.13988   16.32313 -11.91726  -0.200000
 15.96422   -1.91682  12.44179  -0.200000
 17.81124   -0.39127  14.86466  -0.006000
 19.75573   -0.18410  14.21807   0.103000
 17.01863    1.46716  15.26491   0.103000
 17.76195   -1.99685  17.26826  -0.006000
 15.81744   -2.20403  17.91487   0.103000
 18.55454   -3.85531  16.86802   0.103000
 19.60899   -0.47130  19.69115  -0.200000
-11.99101   -3.89384 -17.43784  -0.200000
-11.56469   -6.49083 -15.27392  -0.006000
 -9.55478   -6.76550 -14.91771   0.103000
-12.52579   -6.07265 -13.50092   0.103000
-12.67579   -8.89798 -16.42667  -0.006000
-14.68570   -8.62331 -16.78287   0.103000
-11.71470   -9.31614 -18.19969   0.103000
-12.24947  -11.49498 -14.26273  -0.200000
-10.96997  -12.74700  13.56619  -0.200000
-12.02119   -9.52802  13.94333  -0.006000
-10.38633   -8.28137  14.06674   0.103000
-13.17610   -8.98844  12.32555   0.103000
-13.58802   -9.30318  16.36242  -0.006000
-15.22288  -10.54987  16.23900   0.103000
-12.43311   -9.84279  17.98020   0.103000
-14.63925   -6.08422  16.73953  -0.200000
 -2.25868  -21.67465  -7.24037  -0.200000
 -3.87014  -19.73193  -9.52913  -0.006000
 -5.87752  -19.65629  -9.07437   0.103000
 -3.08449  -17.82847  -9.48941   0.103000
 -3.52270  -20.86188 -12.16736  -0.006000
 -1.51531  -20.93754 -12.62214   0.103000
 -4.30835  -22.76536 -12.20708   0.103000
 -5.13414  -18.91918 -14.45614  -0.200000
 18.83511  -16.85864  -3.28941  -0.200000
 19.04470  -15.36924  -0.23210  -0.006000
 18.99224  -16.80983   1.23898   0.103000
 20.81016  -14.31657  -0.10019   0.103000
 16.81679  -13.55948   0.11295  -0.006000
 16.86925  -12.11889  -1.35813   0.103000
 15.05135  -14.61216  -0.01894   0.103000
 17.02638  -12.07010   3.17028  -0.200000
 -4.03054   -0.98717  16.80802  -0.200000
 -2.06649   -0.88347  19.59024  -0.006000
 -0.89545    0.81024  19.54183   0.103000
 -3.25692   -0.84781  21.27066   0.103000
 -0.37129   -3.22412  19.66090  -0.006000
 -1.54232   -4.91782  19.70931   0.103000
  0.81916   -3.25978  17.98048   0.103000
  1.59276   -3.12041  22.44312  -0.200000
  5.22464   24.94168  -9.28723  -0.200000
  1.90987   24.88025  -8.50142  -0.006000
  0.82528   25.73285 -10.03074   0.103000
  1.30336   22.93030  -8.23318   0.103000
  1.46989   26.36931  -6.06281  -0.006000
  2.55446   25.51669  -4.53349   0.103000
  2.07636   28.31927  -6.33105   0.103000
 -1.84490   26.30788  -5.27700  -0.200000
  3.15567   10.92260 -17.04147  -0.200000
  4.88422    9.04192 -19.29628  -0.006000
  6.90604    9.29872 -18.99876   0.103000
  4.40021    7.05529 -19.04859   0.103000
  4.19238    9.87422 -21.97700  -0.006000
  2.17054    9.61740 -22.27454   0.103000
  4.67639   11.86085 -22.22473   0.103000
  5.92091    7.99352 -24.23183  -0.200000
-13.30949    8.36264  13.03609  -0.200000
-14.84091    9.58159  15.82500  -0.006000
-13.53556    9.50137  17.41621   0.103000
-15.40800   11.53470  15.49938   0.103000
-17.17829    7.98630  16.41605  -0.006000
-18.48364    8.06650  14.82484   0.103000
-16.61118    6.03320  16.74169   0.103000
-18.70969    9.20523  19.20498  -0.200000
  3.73485   29.25700   6.14656  -0.200000
  4.22301   27.97847   3.02621  -0.006000
  4.43383   25.93322   3.14696   0.103000
  2.60446   28.43327   1.83640   0.103000
  6.61482   29.12661   1.87773  -0.006000
  6.40398   31.17186   1.75697   0.103000
  8.23337   28.67181   3.06754   0.103000
  7.10295   27.84808  -1.24261  -0.200000
 -1.11709  -15.14789  15.79582  -0.200000
 -4.32772  -15.91896  14.95541  -0.006000
 -5.60680  -14.53519  15.78690   0.103000
 -4.52640  -15.89345  12.90549   0.103000
 -4.97886  -18.55307  15.95295  -0.006000
 -3.69980  -19.93684  15.12148   0.103000
 -4.78019  -18.57860  18.00285   0.103000
 -8.18951  -19.32413  15.11254  -0.200000
 -9.91526   -2.68273  20.00844  -0.200000
-10.94369    0.19736  18.50613  -0.006000
-10.58575    0.08167  16.48111   0.103000
-12.96003    0.46089  18.83348   0.103000
 -9.48782    2.43544  19.61471  -0.006000
 -9.84574    2.55113  21.63973   0.103000
 -7.47147    2.17192  19.28736   0.103000
-10.51623    5.31554  18.11240  -0.200000
 -4.35089    6.71541  21.61408  -0.200000
 -1.35898    6.32217  20.03202  -0.006000
 -0.20175    4.97537  21.07557   0.103000
 -1.67859    5.61885  18.12276   0.103000
  0.00542    8.86769  19.90437  -0.006000
 -1.15181   10.21450  18.86081   0.103000
  0.32501    9.57101  21.81362   0.103000
  2.99735    8.47448  18.32231  -0.200000
-19.97856  -16.49300  -3.57580  -0.200000
-20.36307  -16.73876  -0.19925  -0.006000
-22.36822  -16.85294   0.25738   0.103000
-19.40630  -18.43160   0.47976   0.103000
-19.21712  -14.40948   1.07316  -0.006000
-17.21193  -14.29532   0.61652   0.103000
-20.17387  -12.71665   0.39412   0.103000
-19.60160  -14.65524   4.44970  -0.200000
-19.69397   15.68813  -2.86165  -0.200000
-18.19527   17.28262  -0.25003  -0.006000
-19.58414   17.63145   1.23038   0.103000
-16.67831   16.10510   0.49475   0.103000
-17.10236   19.80053  -1.15729  -0.006000
-15.71351   19.45171  -2.63770   0.103000
-18.61932   20.97804  -1.90203   0.103000
-15.60366   21.39501   1.45435  -0.200000
 -6.89956   11.40782  17.81322  -0.200000
 -8.56643   14.34111  18.28911  -0.006000
-10.59605   13.99418  18.23767   0.103000
 -8.05131   15.13508  20.11844   0.103000
 -7.85495   16.20427  16.19629  -0.006000
 -5.82533   16.55119  16.24775   0.103000
 -8.37005   15.41028  14.36698   0.103000
 -9.52180   19.13756  16.67218  -0.200000
-21.10522    7.93318 -15.29622  -0.200000
-18.76054    8.39534 -12.86764  -0.006000
-18.61000    6.68878 -11.72430   0.103000
-16.93915    8.80113 -13.73942   0.103000
-19.53897   10.61480 -11.18659  -0.006000
-19.68953   12.32134 -12.32993   0.103000
-21.36037   10.20898 -10.31481   0.103000
-17.19430   11.07695  -8.75803  -0.200000
-22.27817    5.41947   9.21419  -0.200000
-22.20474    2.10561   8.42546  -0.006000
-20.58930    1.72534   7.20560   0.103000
-22.04020    0.99226  10.15042   0.103000
-24.64229    1.38914   7.04615  -0.006000
-26.25773    1.76941   8.26602   0.103000
-24.80683    2.50251   5.32117   0.103000
-24.56888   -1.92472   6.25739  -0.200000
 -5.76894  -29.95152  -3.85185  -0.200000
 -4.99971  -26.65005  -3.50869  -0.006000
 -2.98027  -26.38012  -3.81044   0.103000
 -6.05447  -25.55112  -4.89509   0.103000
 -5.70147  -25.76880  -0.84624  -0.006000
 -7.72093  -26.03874  -0.54449   0.103000
 -4.64672  -26.86775   0.54016   0.103000
 -4.93228  -22.46733  -0.50308  -0.200000
 -2.39534   24.11982  15.86106  -0.200000
  0.29659   23.18271  13.99437  -0.006000
  1.26948   21.62434  14.92561   0.103000
 -0.33669   22.58077  12.12919   0.103000
  2.10572   25.42094  13.72079  -0.006000
  1.13285   26.97928  12.78953   0.103000
  2.73903   26.02287  15.58595   0.103000
  4.79766   24.48380  11.85410  -0.200000
-18.54144   -8.01212  10.23158  -0.200000
-20.19112   -5.50415  11.84327  -0.006000
-19.18112   -5.01658  13.57080   0.103000
-20.29460   -3.85160  10.61826   0.103000
-22.86523   -6.37998  12.50619  -0.006000
-23.87523   -6.86757  10.77866   0.103000
-22.76173   -8.03251  13.73118   0.103000
-24.51491   -3.87201  14.11788  -0.200000
 11.31738   24.87241   9.35583  -0.200000
 13.96825   24.81471   7.21611  -0.006000
 13.85230   23.13947   6.02352   0.103000
 13.93511   26.50211   6.03550   0.103000
 16.42900   24.74872   8.73201  -0.006000
 16.54495   26.42398   9.92458   0.103000
 16.46214   23.06133   9.91260   0.103000
 19.07987   24.69105   6.59229  -0.200000
 -1.76383   21.51676 -12.89383  -0.200000
 -4.23559   23.85940 -12.78606  -0.006000
 -6.02465   22.99600 -13.33009   0.103000
 -4.38817   24.60971 -10.87399   0.103000
 -3.60770   26.00764 -14.61590  -0.006000
 -1.81862   26.87102 -14.07188   0.103000
 -3.45512   25.25730 -16.52798   0.103000
 -6.07946   28.35028 -14.50811  -0.200000
-24.25660    2.48988  -0.20167  -0.200000
-23.69599    0.36056  -2.80188  -0.006000
-22.18814    1.10808  -3.98923   0.103000
-23.14486   -1.48493  -2.07207   0.103000
-26.11174    0.09435  -4.36742  -0.006000
-27.61959   -0.65316  -3.18005   0.103000
-26.66288    1.93984  -5.09723   0.103000
-25.55114   -2.03497  -6.96763  -0.200000
 24.06230  -11.11015  -5.97106  -0.200000
 24.42263   -7.73580  -5.66498  -0.006000
 26.25393   -7.16924  -6.41842   0.103000
 22.92502   -6.78701  -6.71340   0.103000
 24.25998   -6.99853  -2.87437  -0.006000
 22.42869   -7.56507  -2.12092   0.103000
 25.75761   -7.94730  -1.82593   0.103000
 24.62032   -3.62415  -2.56829  -0.200000
-13.64683   16.89064  11.75952  -0.200000
-16.21829   17.43346   9.59106  -0.006000
-15.64465   16.87847   7.69232   0.103000
-17.85113   16.31890  10.16881   0.103000
-16.91441   20.23931   9.60482  -0.006000
-17.48802   20.79432  11.50354   0.103000
-15.28155   21.35389   9.02707   0.103000
-19.48587   20.78213   7.43636  -0.200000
 11.23539    9.28991  22.90664  -0.200000
 11.35826    6.81222  20.57105  -0.006000
  9.44264    6.26903  20.04419   0.103000
 12.36363    7.48764  18.90512   0.103000
 12.74108    4.52228  21.66730  -0.006000
 14.65670    5.06545  22.19413   0.103000
 11.73571    3.84686  23.33320   0.103000
 12.86395    2.04459  19.33169  -0.200000
 -1.71037    4.21250 -22.32377  -0.200000
 -0.81362    1.06781 -23.28095  -0.006000
 -2.34901   -0.24081 -22.86582   0.103000
 -0.42373    1.05014 -25.30332   0.103000
  1.55676    0.26001 -21.83647  -0.006000
  3.09212    1.56862 -22.25160   0.103000
  1.16687    0.27768 -19.81412   0.103000
  2.45353   -2.88469 -22.79365  -0.200000
  3.76137   -9.21260  18.88182  -0.200000
  6.17572   -8.13971  21.03335  -0.006000
  6.10493   -6.08624  21.17684   0.103000
  5.85823   -8.96959  22.89150   0.103000
  8.77135   -8.94702  20.04924  -0.006000
  8.84214  -11.00051  19.90573   0.103000
  9.08885   -8.11715  18.19107   0.103000
 11.18570   -7.87415  22.20075  -0.200000
 -6.38234   21.08205 -19.17976  -0.200000
 -4.56446   18.46245 -20.38070  -0.006000
 -5.81939   16.87629 -20.76972   0.103000
 -3.61132   19.02639 -22.11728   0.103000
 -2.59673   17.67351 -18.41517  -0.006000
 -1.34180   19.25969 -18.02615   0.103000
 -3.54985   17.10958 -16.67859   0.103000
 -0.77883   15.05392 -19.61608  -0.200000
 -9.78205    5.12581 -19.42731  -0.200000
 -9.67162    8.49687 -19.90976  -0.006000
-11.58625    9.25599 -19.89581   0.103000
 -8.57490    9.37121 -18.40149   0.103000
 -8.42914    9.06549 -22.45737  -0.006000
 -6.51453    8.30637 -22.47132   0.103000
 -9.52588    8.19115 -23.96562   0.103000
 -8.31873   12.43653 -22.93980  -0.200000
 23.45607    9.70321 -19.05500  -0.200000
 22.06027    9.03554 -16.01938  -0.006000
 22.35920   10.63653 -14.75857   0.103000
 20.03953    8.70984 -16.24902   0.103000
 23.29312    6.67729 -14.88962  -0.006000
 22.99419    5.07626 -16.15041   0.103000
 25.31386    7.00297 -14.65999   0.103000
 21.89731    6.00961 -11.85401  -0.200000
-16.57488  -17.93271   9.48523  -0.200000
-17.54053  -15.36313  11.50359  -0.006000
-16.20833  -15.17656  13.06332   0.103000
-17.57687  -13.61308  10.41808   0.103000
-20.18057  -15.90078  12.55167  -0.006000
-21.51277  -16.08737  10.99197   0.103000
-20.14423  -17.65084  13.63721   0.103000
-21.14624  -13.33119  14.57005  -0.200000
 16.31317    4.15681 -17.85857  -0.200000
 18.02759    4.09199 -20.80233  -0.006000
 20.02951    3.78845 -20.42493   0.103000
 17.31108    2.56258 -21.98120   0.103000
 17.67826    6.61130 -22.17658  -0.006000
 15.67636    6.91483 -22.55394   0.103000
 18.39480    8.14071 -20.99769   0.103000
 19.39269    6.54648 -25.12030  -0.200000
 28.46563    6.80288  -9.10124  -0.200000
 26.46210    9.53348  -8.72842  -0.006000
 26.43385   10.60981 -10.48426   0.103000
 24.54989    8.92446  -8.26502   0.103000
 27.48603   11.19612  -6.59654  -0.006000
 27.51428   10.11979  -4.84070   0.103000
 29.39826   11.80514  -7.05992   0.103000
 25.48252   13.92670  -6.22370  -0.200000
 14.80056   12.31172  18.13103  -0.200000
 17.34933   12.76070  20.34719  -0.006000
 16.81637   14.19504  21.72592   0.103000
 17.73693   10.98564  21.31738   0.103000
 19.71803   13.62056  18.93031  -0.006000
 20.25102   12.18626  17.55161   0.103000
 19.33042   15.39566  17.96015   0.103000
 22.26681   14.06958  21.14649  -0.200000
-16.01679    2.59894 -20.80422  -0.200000
-17.73731    2.57783 -17.86334  -0.006000
-16.72037    3.69623 -16.46435   0.103000
-19.61014    3.38304 -18.15717   0.103000
-17.99633   -0.14190 -16.91796  -0.006000
-19.01327   -1.26030 -18.31695   0.103000
-16.12350   -0.94709 -16.62411   0.103000
-19.71685   -0.16303 -13.97708  -0.200000
 29.08672   -6.41177   4.92415  -0.200000
 27.04514   -3.74542   4.34811  -0.006000
 25.66908   -4.23484   2.89580   0.103000
 26.06059   -3.24564   6.08685   0.103000
 28.62669   -1.49560   3.45667  -0.006000
 30.00273   -1.00620   4.90900   0.103000
 29.61121   -1.99542   1.71793   0.103000
 26.58508    1.17072   2.88062  -0.200000
-10.44981   -9.44502 -23.47363  -0.200000
 -7.07899   -8.98672 -23.66621  -0.006000
 -6.11599  -10.67087 -22.97438   0.103000
 -6.54295   -8.64476 -25.62531   0.103000
 -6.32180   -6.71248 -22.05004  -0.006000
 -7.28482   -5.02832 -22.74187   0.103000
 -6.85785   -7.05442 -20.09096   0.103000
 -2.95100   -6.25416 -22.24262  -0.200000
 16.98871   27.22145   1.04538  -0.200000
 14.19279   28.44187  -0.47213  -0.006000
 12.77045   26.95674  -0.58857   0.103000
 13.45003   30.02019   0.62306   0.103000
 14.85926   29.34737  -3.13547  -0.006000
 16.28158   30.83251  -3.01905   0.103000
 15.60199   27.76905  -4.23070   0.103000
 12.06331   30.56779  -4.65298  -0.200000
 20.96978   16.27850 -10.85092  -0.200000
 22.48887   19.06475  -9.61052  -0.006000
 21.05979   20.45972  -9.10655   0.103000
 23.58093   18.56463  -7.93734   0.103000
 24.25227   20.17402 -11.61490  -0.006000
 25.68136   18.77902 -12.11885   0.103000
 23.16022   20.67411 -13.28806   0.103000
 25.77137   22.96027 -10.37450  -0.200000
 -1.62756   17.03229  19.00976  -0.200000
 -2.66245   18.76122  21.75729  -0.006000
 -4.55673   19.50080  21.43038   0.103000
 -2.68732   17.50584  23.38992   0.103000
 -0.84586   20.95396  22.25667  -0.006000
  1.04842   20.21440  22.58355   0.103000
 -0.82099   22.20935  20.62404   0.103000
 -1.88075   22.68289  25.00418  -0.200000
-10.56056  -26.49441  -6.23566  -0.200000
-11.43944  -23.65724  -4.56618  -0.006000
-10.81122  -23.78912  -2.60914   0.103000
-10.55306  -22.02924  -5.46401   0.103000
-14.31305  -23.34904  -4.63605  -0.006000
-14.94127  -23.21712  -6.59308   0.103000
-15.19943  -24.97702  -3.73820   0.103000
-15.19192  -20.51182  -2.96659  -0.200000
-18.41909  -22.43802   4.41841  -0.200000
-15.07295  -21.83465   4.19846  -0.006000
-14.73916  -20.28545   2.88283   0.103000
-14.34264  -21.32762   6.05636   0.103000
-13.72570  -24.21015   3.25005  -0.006000
-14.05949  -25.75937   4.56567   0.103000
-14.45601  -24.71718   1.39214   0.103000
-10.37957  -23.60678   3.03010  -0.200000
 12.37279   17.41101  23.38287  -0.200000
  9.21602   16.14268  23.57093  -0.006000
  9.26767   14.30657  24.50279   0.103000
  8.02242   17.42779  24.65078   0.103000
  8.13899   15.83934  20.90532  -0.006000
  8.08733   17.67546  19.97346   0.103000
  9.33258   14.55425  19.82549   0.103000
  4.98221   14.57102  21.09339  -0.200000
-18.06032   25.93959  -7.72707  -0.200000
-15.98986   23.30068  -8.32574  -0.006000
-15.26859   22.57403  -6.53858   0.103000
-17.03325   21.81602  -9.30008   0.103000
-13.77915   24.16536  -9.97579  -0.006000
-14.50044   24.89200 -11.76298   0.103000
-12.73575   25.65001  -9.00146   0.103000
-11.70869   21.52644 -10.57449  -0.200000
 25.78645  -12.55982   3.09244  -0.200000
 24.98093  -13.54781   6.25218  -0.006000
 26.36899  -14.91542   6.91929   0.103000
 24.97290  -11.91125   7.50270   0.103000
 22.35850  -14.76454   6.24228  -0.006000
 20.97042  -13.39693   5.57515   0.103000
 22.36650  -16.40108   4.99173   0.103000
 21.55297  -15.75251   9.40197  -0.200000
-13.66104  -18.80912 -10.03641  -0.200000
-11.61966  -19.87268 -12.54854  -0.006000
-12.05407  -18.83388 -14.27320   0.103000
 -9.65542  -19.54260 -12.02401   0.103000
-12.03461  -22.69841 -12.99640  -0.006000
-11.60020  -23.73721 -11.27176   0.103000
-13.99885  -23.02849 -13.52095   0.103000
 -9.99323  -23.76195 -15.50855  -0.200000
 -1.05794  -17.82881 -19.53045  -0.200000
 -1.55343  -15.03850 -21.42184  -0.006000
 -2.37140  -15.57371 -23.23479   0.103000
 -2.83646  -13.76144 -20.43943   0.103000
  0.97661  -13.71072 -21.86167  -0.006000
  1.79456  -13.17551 -20.04873   0.103000
  2.25960  -14.98776 -22.84409   0.103000
  0.48112  -10.92039 -23.75308  -0.200000
 11.55445  -20.36601 -20.09790  -0.200000
  8.47211  -20.78553 -18.70780  -0.006000
  7.02876  -20.14903 -20.03214   0.103000
  8.17826  -22.77798 -18.27662   0.103000
  8.29433  -19.23728 -16.27283  -0.006000
  9.73768  -19.87376 -14.94849   0.103000
  8.58818  -17.24483 -16.70403   0.103000
  5.21198  -19.65678 -14.88273  -0.200000
-23.84250    2.22241  22.31927  -0.200000
-21.11786    0.92358  20.73850  -0.006000
-19.40267    1.66954  21.60101   0.103000
-21.13702   -1.12881  20.91090   0.103000
-21.18604    1.65544  17.94253  -0.006000
-22.90123    0.90949  17.08003   0.103000
-21.16688    3.70781  17.77015   0.103000
-18.46140    0.35661  16.36176  -0.200000
 10.14577  -19.96418  22.85253  -0.200000
  7.85977  -17.61312  21.92723  -0.006000
  6.33761  -17.55187  23.31346   0.103000
  8.77239  -15.76939  21.82715   0.103000
  6.77440  -18.29196  19.33519  -0.006000
  8.29656  -18.35321  17.94900   0.103000
  5.86178  -20.13569  19.43530   0.103000
  4.48838  -15.94090  18.40992  -0.200000
  6.92827    2.33625  23.94839  -0.200000
  4.53449    4.74943  24.18485  -0.006000
  5.42200    6.55780  24.61414   0.103000
  3.52054    4.88889  22.39745   0.103000
  2.67925    4.06304  26.29304  -0.006000
  1.79174    2.25465  25.86374   0.103000
  3.69321    3.92358  28.08042   0.103000
  0.28548    6.47622  26.52951  -0.200000
-27.19106    9.23129   6.75968  -0.200000
-24.88834   11.73847   6.61595  -0.006000
-24.66444   12.57377   8.48530   0.103000
-23.08227   10.97712   5.98293   0.103000
-25.78371   13.76388   4.75757  -0.006000
-26.00756   12.92860   2.88822   0.103000
-27.58976   14.52525   5.39061   0.103000
-23.48096   16.27107   4.61386  -0.200000
 17.57468   -7.80241 -17.05474  -0.200000
 18.93581   -4.96276 -18.35582  -0.006000
 17.45521   -3.55988 -18.64222   0.103000
 20.34591   -4.21721 -17.05268   0.103000
 20.19082   -5.56861 -20.88869  -0.006000
 21.67144   -6.97146 -20.60229   0.103000
 18.78074   -6.31414 -22.19183   0.103000
 21.55197   -2.72893 -22.18977  -0.200000
  6.10321  -26.19845   3.62888  -0.200000
  5.57095  -28.90304   5.63165  -0.006000
  6.15329  -30.61432   4.64440   0.103000
  6.66762  -28.70203   7.36341   0.103000
  2.76070  -29.07877   6.28685  -0.006000
  2.17836  -27.36749   7.27412   0.103000
  1.66404  -29.27978   4.55511   0.103000
  2.22844  -31.78334   8.28962  -0.200000
 12.53433  -14.99290  16.76306  -0.200000
 15.57178  -14.73419  18.28503  -0.006000
 17.03537  -15.44728  17.02343   0.103000
 15.95108  -12.75937  18.73047   0.103000
 15.56295  -16.28653  20.72381  -0.006000
 14.09936  -15.57344  21.98541   0.103000
 15.18365  -18.26135  20.27837   0.103000
 18.60040  -16.02781  22.24578  -0.200000
 27.82017   19.33660   8.25510  -0.200000
 27.87361   15.93364   8.09358  -0.006000
 26.11836   15.25799   7.25400   0.103000
 29.46656   15.32557   6.93819   0.103000
 28.14687   14.84663  10.75842  -0.006000
 29.90210   15.52229  11.59802   0.103000
 26.55392   15.45469  11.91384   0.103000
 28.20031   11.44369  10.59690  -0.200000
 11.18569  -21.91625  10.94907  -0.200000
 13.74591  -21.51485  13.16117  -0.006000
 13.12683  -20.31775  14.71872   0.103000
 14.31647  -23.35371  13.89274   0.103000
 15.98831  -20.27257  11.82470  -0.006000
 16.60737  -21.46967  10.26717   0.103000
 15.41775  -18.43373  11.09311   0.103000
 18.54851  -19.87117  14.03677  -0.200000
  2.11428  -24.43624  11.48738  -0.200000
  4.14649  -25.82745  13.84187  -0.006000
  6.01160  -24.95971  13.73903   0.103000
  3.34504  -25.51393  15.71313   0.103000
  4.37844  -28.66818  13.35764  -0.006000
  2.51334  -29.53595  13.46046   0.103000
  5.17987  -28.98171  11.48636   0.103000
  6.41065  -30.05938  15.71211  -0.200000
 20.37386  -17.09494 -18.00750  -0.200000
 17.91946  -14.84779 -18.73919  -0.006000
 18.55388  -12.95184 -18.24410   0.103000
 17.49439  -14.92598 -20.75297   0.103000
 15.54094  -15.49233 -17.22754  -0.006000
 14.90652  -17.38828 -17.72265   0.103000
 15.96605  -15.41414 -15.21377   0.103000
 13.08654  -13.24518 -17.95924  -0.200000
 12.44141   29.30463 -13.51162  -0.200000
 10.05344   29.94381 -11.16685  -0.006000
  9.47325   28.17861 -10.27818   0.103000
 10.81721   31.21427  -9.73689   0.103000
  7.76751   31.18139 -12.43198  -0.006000
  8.34770   32.94660 -13.32060   0.103000
  7.00374   29.91093 -13.86192   0.103000
  5.37954   31.82055 -10.08719  -0.200000
-31.50895   -9.36660 -11.12777  -0.200000
-28.35400   -9.18420  -9.85405  -0.006000
-27.28976  -10.85674 -10.41277   0.103000
-27.41671   -7.49949 -10.57910   0.103000
-28.48588   -9.04629  -6.96939  -0.006000
-29.55014   -7.37373  -6.41069   0.103000
-29.42317  -10.73098  -6.24434   0.103000
-25.33093   -8.86387  -5.69569  -0.200000
 18.93596  -24.65957  -4.18561  -0.200000
 16.63586  -22.69884  -5.75860  -0.006000
 15.79325  -21.40204  -4.39822   0.103000
 17.55763  -21.62287  -7.25349   0.103000
 14.57134  -24.36619  -6.90540  -0.006000
 15.41395  -25.66301  -8.26576   0.103000
 13.64955  -25.44216  -5.41051   0.103000
 12.27122  -22.40548  -8.47837  -0.200000
 15.07765   23.78385  17.51096  -0.200000
 12.48867   24.91326  19.41644  -0.006000
 12.65570   24.15214  21.32303   0.103000
 12.53733   26.97097  19.49145   0.103000
  9.98711   24.05134  18.25160  -0.006000
  9.82009   24.81246  16.34502   0.103000
  9.93847   21.99363  18.17660   0.103000
  7.39813   25.18075  20.15707  -0.200000
 11.99402   11.28338 -22.09953  -0.200000
 11.95913   13.75828 -24.44111  -0.006000
 10.27130   14.91287 -24.19541   0.103000
 13.63483   14.93558 -24.22149   0.103000
 11.94658   12.58491 -27.08320  -0.006000
 13.63441   11.43033 -27.32890   0.103000
 10.27089   11.40760 -27.30282   0.103000
 11.91170   15.05979 -29.42477  -0.200000
-10.05913  -29.94309   6.49278  -0.200000
 -8.81603  -28.08970   9.06740  -0.006000
 -9.97122  -26.40339   9.32049   0.103000
 -8.84560  -29.20861  10.79633   0.103000
 -6.09628  -27.31263   8.47009  -0.006000
 -4.94109  -28.99896   8.21698   0.103000
 -6.06668  -26.19374   6.74114   0.103000
 -4.85316  -25.45926  11.04471  -0.200000
 26.79118   -8.34263  20.38022  -0.200000
 25.46918   -6.25628  18.03317  -0.006000
 23.57142   -5.69488  18.60373   0.103000
 26.65631   -4.58262  17.85483   0.103000
 25.34459   -7.62355  15.48903  -0.006000
 27.24235   -8.18497  14.91846   0.103000
 24.15747   -9.29719  15.66734   0.103000
 24.02258   -5.53718  13.14195  -0.200000
-14.33085  -10.70787  23.66279  -0.200000
-11.38823  -10.25560  25.31968  -0.006000
-11.77273   -9.64391  27.24845   0.103000
-10.34122  -12.02890  25.35716   0.103000
 -9.81960   -8.24002  23.96526  -0.006000
 -9.43508   -8.85170  22.03651   0.103000
-10.86659   -6.46672  23.92779   0.103000
 -6.87698   -7.78775  25.62217  -0.200000
  2.15555  -13.95107  25.60723  -0.200000
 -0.47980  -14.57975  23.54106  -0.006000
  0.02746  -14.07903  21.60866   0.103000
 -0.95960  -16.58082  23.62889   0.103000
 -2.75651  -13.00636  24.37711  -0.006000
 -3.26378  -13.50706  26.30950   0.103000
 -2.27669  -11.00529  24.28927   0.103000
 -5.39186  -13.63504  22.31096  -0.200000
 -7.05093   35.84372  -0.49647  -0.200000
 -5.34668   34.45116   2.10455  -0.006000
 -4.70748   35.93607   3.38074   0.103000
 -6.58384   33.15636   3.12192   0.103000
 -3.05954   33.00152   1.09207  -0.006000
 -3.69874   31.51661  -0.18412   0.103000
 -1.82238   34.29632   0.07472   0.103000
 -1.35531   31.60896   3.69309  -0.200000
 25.05117    4.76135  25.70842  -0.200000
 22.12718    5.67502  24.21667  -0.006000
 20.58057    4.56021  24.99607   0.103000
 21.77501    7.67469  24.56245   0.103000
 22.31092    5.20816  21.36959  -0.006000
 23.85755    6.32295  20.59019   0.103000
 22.66309    3.20847  21.02381   0.103000
 19.38696    6.12181  19.87782  -0.200000
-10.95281   -1.88296 -23.37899  -0.200000
 -9.25934   -0.66405 -26.07263  -0.006000
 -7.81734   -2.01768 -26.64769   0.103000
-10.57321   -0.35718 -27.62885   0.103000
 -8.00112    1.84122 -25.36687  -0.006000
 -9.44309    3.19485 -24.79183   0.103000
 -6.68725    1.53434 -23.81066   0.103000
 -6.30764    3.06011 -28.06052  -0.200000
 24.47099    3.82874  15.29251  -0.200000
 26.80936    1.74386  16.63208  -0.006000
 27.92046    2.76696  18.03241   0.103000
 25.87071    0.14712  17.53299   0.103000
 28.55289    0.77889  14.53768  -0.006000
 27.44175   -0.24419  13.13738   0.103000
 29.49152    2.37563  13.63679   0.103000
 30.89124   -1.30599  15.87725  -0.200000
  7.15224   30.19506  16.15223  -0.200000
  8.06563   30.38555  12.87523  -0.006000
  9.90589   29.49579  12.62209   0.103000
  6.66782   29.41502  11.71485   0.103000
  8.21993   33.15997  12.07758  -0.006000
  6.37966   34.04971  12.33071   0.103000
  9.61770   34.13046  13.23795   0.103000
  9.13331   33.35043   8.80059  -0.200000
 23.11732   20.17398 -19.51227  -0.200000
 19.80155   19.79766 -20.20000  -0.006000
 18.73344   21.29523 -19.27343   0.103000
 19.50602   19.90148 -22.23569   0.103000
 18.90093   17.22895 -19.22624  -0.006000
 19.96908   15.73140 -20.15281   0.103000
 19.19648   17.12515 -17.19054   0.103000
 15.58518   16.85265 -19.91397  -0.200000
 32.80939    4.25228   9.49652  -0.200000
 33.51743    5.13352   6.28228  -0.006000
 35.03794    6.52284   6.26985   0.103000
 34.10247    3.46530   5.22547   0.103000
 31.16162    6.27368   5.05443  -0.006000
 29.64111    4.88438   5.06688   0.103000
 30.57658    7.94190   6.11126   0.103000
 31.86966    7.15494   1.84020  -0.200000
 10.44391   23.38525 -17.59683  -0.200000
 11.27957   23.28407 -20.89848  -0.006000
 11.48780   25.20437 -21.61369   0.103000
 13.05746   22.26953 -21.12644   0.103000
  9.19983   21.92611 -22.37772  -0.006000
  8.99162   20.00583 -21.66252   0.103000
  7.42194   22.94067 -22.14974   0.103000
 10.03550   21.82494 -25.67936  -0.200000
-31.27553    9.57649   1.06700  -0.200000
-28.61941    8.50384  -0.77792  -0.006000
-27.11874    9.91271  -0.70536   0.103000
-27.92618    6.72168  -0.01264   0.103000
-29.44499    8.11721  -3.52135  -0.006000
-30.94566    6.70834  -3.59394   0.103000
-30.13822    9.89937  -4.28665   0.103000
-26.78887    7.04456  -5.36629  -0.200000
 21.19664   27.60448  12.19648  -0.200000
 23.05407   24.99788  13.36469  -0.006000
 24.92997   25.05622  12.51615   0.103000
 23.22184   25.13725  15.41280   0.103000
 21.76127   22.50658  12.67201  -0.006000
 19.88540   22.44825  13.52057   0.103000
 21.59352   22.36721  10.62391   0.103000
 23.61872   19.89997  13.84026  -0.200000
-22.30102   11.47548  12.73101  -0.200000
-22.23405   14.57077  14.15356  -0.006000
-23.35380   14.55686  15.88215   0.103000
-20.28878   15.08017  14.59912   0.103000
-23.33666   16.50353  12.30792  -0.006000
-22.21691   16.51743  10.57931   0.103000
-25.28193   15.99413  11.86234   0.103000
-23.26969   19.59882  13.73045  -0.200000
  0.10616   35.94439  -8.29174  -0.200000
 -3.12283   35.48203  -7.30740  -0.006000
 -3.30861   35.96209  -5.31308   0.103000
 -4.36120   36.69157  -8.42344   0.103000
 -3.86483   32.71636  -7.70494  -0.006000
 -3.67905   32.23629  -9.69925   0.103000
 -2.62645   31.50680  -6.58891   0.103000
 -7.09382   32.25398  -6.72058  -0.200000
-22.44469   21.07596  -8.63246  -0.200000
-23.53006   18.10639  -7.36256  -0.006000
-22.17320   16.62617  -7.82084   0.103000
-23.71423   18.26020  -5.31688   0.103000
-26.09884   17.44746  -8.51348  -0.006000
-27.45570   18.92767  -8.05520   0.103000
-25.91466   17.29366 -10.55913   0.103000
-27.18418   14.47787  -7.24358  -0.200000
  2.35783   32.94883  -2.93733  -0.200000
  4.46261   35.59881  -2.54128  -0.006000
  3.38301   37.35114  -2.61820   0.103000
  5.41167   35.45602  -0.71891   0.103000
  6.43329   35.58863  -4.65638  -0.006000
  7.51291   33.83628  -4.57947   0.103000
  5.48423   35.73141  -6.47877   0.103000
  8.53809   38.23859  -4.26035  -0.200000
 15.85887  -24.89431   2.87439  -0.200000
 13.98458  -26.02580   5.48514  -0.006000
 14.86717  -25.46349   7.25914   0.103000
 12.09268  -25.21934   5.37308   0.103000
 13.81040  -28.90914   5.36805  -0.006000
 12.92779  -29.47143   3.59405   0.103000
 15.70228  -29.71562   5.48009   0.103000
 11.93611  -30.04064   7.97876  -0.200000
  4.29210   29.11233 -24.42099  -0.200000
  2.84859   27.84734 -21.60581  -0.006000
  1.22741   29.00603 -21.08486   0.103000
  2.22702   25.91604 -21.96075   0.103000
  4.77262   27.85815 -19.44815  -0.006000
  6.39381   26.69945 -19.96908   0.103000
  5.39420   29.78943 -19.09319   0.103000
  3.32913   26.59315 -16.63295  -0.200000
 26.87873   27.55521  -2.34602  -0.200000
 24.80264   27.52698  -5.04759  -0.006000
 24.14484   29.44120  -5.42862   0.103000
 25.82042   26.81079  -6.68874   0.103000
 22.53400   25.82031  -4.50163  -0.006000
 23.19180   23.90607  -4.12059   0.103000
 21.51621   26.53650  -2.86046   0.103000
 20.45791   25.79208  -7.20318  -0.200000
  4.07151  -27.11965  -8.91758  -0.200000
  5.89617  -28.55248 -11.41294  -0.006000
  7.44448  -29.63752 -10.59586   0.103000
  4.68788  -29.80342 -12.51630   0.103000
  6.96818  -26.48846 -13.12997  -0.006000
  5.41985  -25.40342 -13.94705   0.103000
  8.17647  -25.23754 -12.02660   0.103000
  8.79284  -27.92131 -15.62531  -0.200000
 26.10787   -4.84010 -12.68293  -0.200000
 26.40301   -5.95268 -15.88982  -0.006000
 25.76549   -7.90813 -16.00001   0.103000
 25.24929   -4.78288 -17.13182   0.103000
 29.16943   -5.79420 -16.71402  -0.006000
 29.80695   -3.83877 -16.60381   0.103000
 30.32317   -6.96402 -15.47202   0.103000
 29.46459   -6.90682 -19.92089  -0.200000
 12.18150    2.65849 -24.09915  -0.200000
 11.46382    1.93969 -27.35139  -0.006000
 13.02635    0.88683 -28.18332   0.103000
  9.74641    0.80625 -27.44168   0.103000
 11.07174    4.39987 -28.81815  -0.006000
  9.50922    5.45271 -27.98624   0.103000
 12.78916    5.53331 -28.72788   0.103000
 10.35407    3.68107 -32.07043  -0.200000
-12.04559   10.90984  22.77838  -0.200000
-10.04973    8.88113  24.65187  -0.006000
 -9.87405    7.04802  23.72929   0.103000
 -8.18556    9.73628  24.84151   0.103000
-11.21963    8.53172  27.27236  -0.006000
-11.39529   10.36481  28.19494   0.103000
-13.08378    7.67656  27.08272   0.103000
 -9.22377    6.50300  29.14585  -0.200000
 -8.31455  -23.11632 -22.57592  -0.200000
 -8.12274  -20.13806 -20.93199  -0.006000
 -9.00235  -20.31856 -19.07835   0.103000
 -6.14637  -19.60432 -20.70558   0.103000
 -9.50030  -18.10499 -22.45732  -0.006000
 -8.62070  -17.92452 -24.31097   0.103000
-11.47668  -18.63875 -22.68372   0.103000
 -9.30851  -15.12677 -20.81341  -0.200000
  2.85162   20.60826 -23.39916  -0.200000
  3.78782   17.44431 -24.24908  -0.006000
  5.53922   16.96197 -23.27852   0.103000
  2.31002   16.11933 -23.69885   0.103000
  4.19854   17.29581 -27.10686  -0.006000
  2.44714   17.77815 -28.07740   0.103000
  5.67634   18.62078 -27.65709   0.103000
  5.13474   14.13188 -27.95676  -0.200000
 18.08277   23.06677 -14.64545  -0.200000
 17.91026   26.44012 -15.09260  -0.006000
 16.52494   26.86939 -16.55510   0.103000
 17.34670   27.33922 -13.32733   0.103000
 20.50088   27.43918 -15.89755  -0.006000
 21.88620   27.00991 -14.43505   0.103000
 21.06446   26.54009 -17.66284   0.103000
 20.32839   30.81253 -16.34469  -0.200000
-10.69218   29.67118   5.30631  -0.200000
-13.87666   30.27736   6.35549  -0.006000
-13.82975   31.41583   8.07130   0.103000
-14.90287   31.29177   4.88575   0.103000
-15.20555   27.76858   6.90085  -0.006000
-15.25243   26.63012   5.18501   0.103000
-14.17931   26.75418   8.37058   0.103000
-18.39002   28.37477   7.95000  -0.200000
-18.40429  -11.96027 -19.55664  -0.200000
-20.33801  -14.34347 -18.07667  -0.006000
-21.14844  -15.56603 -19.52253   0.103000
-19.18219  -15.46781 -16.79517   0.103000
-22.46527  -13.07118 -16.58887  -0.006000
-21.65483  -11.84860 -15.14298   0.103000
-23.62109  -11.94685 -17.87035   0.103000
-24.39899  -15.45437 -15.10887  -0.200000
 32.18270   17.25705   1.96773  -0.200000
 30.07796   19.09294   0.01604  -0.006000
 28.13591   18.80240   0.63763   0.103000
 30.55903   21.08925   0.17569   0.103000
 30.34243   18.25630  -2.73853  -0.006000
 32.28450   18.54685  -3.36008   0.103000
 29.86136   16.26000  -2.89818   0.103000
 28.23771   20.09221  -4.69021  -0.200000
 26.60096  -23.41760  -8.41210  -0.200000
 23.68331  -22.13620  -9.61810  -0.006000
 23.74872  -22.09755 -11.67637   0.103000
 22.10947  -23.31372  -9.00275   0.103000
 23.32411  -19.44846  -8.61575  -0.006000
 23.25871  -19.48712  -6.55748   0.103000
 24.89797  -18.27095  -9.23110   0.103000
 20.40649  -18.16707  -9.82174  -0.200000
-29.69113  -13.05296  -1.25051  -0.200000
-27.74339  -15.22354  -3.01230  -0.006000
-28.52538  -15.47022  -4.90167   0.103000
-25.83099  -14.47175  -3.15305   0.103000
-27.67687  -17.77637  -1.65720  -0.006000
-26.89488  -17.52970   0.23215   0.103000
-29.58926  -18.52816  -1.51647   0.103000
-25.72913  -19.94697  -3.41901  -0.200000
 20.09350   -8.13266  28.28211  -0.200000
 19.18705   -6.85604  25.25587  -0.006000
 17.50329   -5.69082  25.47818   0.103000
 20.72366   -5.70712  24.50672   0.103000
 18.62399   -9.02204  23.42584  -0.006000
 20.30775  -10.18725  23.20351   0.103000
 17.08738  -10.17094  24.17495   0.103000
 17.71752   -7.74542  20.39956  -0.200000
  1.16957  -29.83993  -1.50175  -0.200000
  4.39074  -30.92208  -1.75170  -0.006000
  5.67247  -29.37451  -1.29960   0.103000
  4.69778  -32.47551  -0.43464   0.103000
  4.89479  -31.83281  -4.44876  -0.006000
  3.61304  -33.38039  -4.90083   0.103000
  4.58774  -30.27937  -5.76582   0.103000
  8.11596  -32.91497  -4.69867  -0.200000
 -0.26889  -25.88466 -13.84856  -0.200000
  0.31260  -26.23057 -17.18791  -0.006000
  2.30008  -25.85984 -17.58126   0.103000
 -0.15715  -28.14900 -17.77202   0.103000
 -1.32523  -24.35054 -18.65109  -0.006000
 -3.31269  -24.72126 -18.25774   0.103000
 -0.85548  -22.43209 -18.06695   0.103000
 -0.74374  -24.69643 -21.99046  -0.200000
-16.51349   -4.25392 -26.59784  -0.200000
-19.44056   -4.82434 -24.94981  -0.006000
-20.61421   -3.13366 -25.02872   0.103000
-20.43531   -6.39332 -25.83919   0.103000
-18.88088   -5.47971 -22.19032  -0.006000
-17.70724   -7.17038 -22.11140   0.103000
-17.88616   -3.91071 -21.30094   0.103000
-21.80795   -6.05011 -20.54229  -0.200000
  9.38769   -3.44036  27.27141  -0.200000
 12.03104   -1.56150  26.22647  -0.006000
 12.72834   -2.29443  24.43242   0.103000
 11.43076    0.39365  25.98317   0.103000
 14.13955   -1.68256  28.20059  -0.006000
 13.44223   -0.94964  29.99466   0.103000
 14.73981   -3.63770  28.44389   0.103000
 16.78287    0.19629  27.15565  -0.200000
-34.46681  -12.23879   6.65631  -0.200000
-31.56485  -12.03427   8.43007  -0.006000
-31.81821  -10.74428  10.01559   0.103000
-31.05893  -13.90134   9.13749   0.103000
-29.45512  -11.05012   6.71599  -0.006000
-29.20175  -12.34010   5.13049   0.103000
-29.96100   -9.18303   6.00857   0.103000
-26.55313  -10.84559   8.48975  -0.200000
-12.74501  -26.08039  13.93628  -0.200000
-15.33396  -23.92737  13.41587  -0.006000
-15.90212  -23.08971  15.20965   0.103000
-14.74090  -22.44010  12.12031   0.103000
-17.56763  -25.36432  12.27413  -0.006000
-16.99947  -26.20200  10.48036   0.103000
-18.16066  -26.85161  13.56969   0.103000
-20.15656  -23.21132  11.75372  -0.200000
-23.58885  -11.83012  20.53700  -0.200000
-20.91381   -9.73746  20.26465  -0.006000
-19.17390  -10.80969  20.52035   0.103000
-20.91354   -8.86180  18.40043   0.103000
-21.08611   -7.68433  22.29259  -0.006000
-22.82602   -6.61211  22.03693   0.103000
-21.08638   -8.55999  24.15682   0.103000
-18.41107   -5.59170  22.02026  -0.200000
-14.67233    3.29073  24.86394  -0.200000
-14.46759    0.75600  27.13167  -0.006000
-12.72313    0.93921  28.21123   0.103000
-16.07964    0.84635  28.41050   0.103000
-14.47971   -1.78076  25.74519  -0.006000
-16.22417   -1.96397  24.66565   0.103000
-12.86766   -1.87111  24.46636   0.103000
-14.27499   -4.31547  28.01294  -0.200000
-22.32129  -24.00659 -13.46186  -0.200000
-22.72679  -20.73908 -12.58542  -0.006000
-21.13243  -19.63760 -13.28321   0.103000
-24.47218  -20.01861 -13.40812   0.103000
-22.85911  -20.52316  -9.70556  -0.006000
-24.45347  -21.62467  -9.00776   0.103000
-21.11374  -21.24364  -8.88288   0.103000
-23.26463  -17.25566  -8.82912  -0.200000
 -1.82960   12.50349 -25.44424  -0.200000
 -1.75809   11.49133 -28.69691  -0.006000
 -3.66484   11.00905 -29.30842   0.103000
 -1.02344   13.01339 -29.87409   0.103000
 -0.05127    9.17150 -28.94694  -0.006000
  1.85548    9.65378 -28.33542   0.103000
 -0.78590    7.64944 -27.76975   0.103000
  0.02024    8.15935 -32.19961  -0.200000
-13.41978   34.82469   1.23656  -0.200000
-13.21176   33.74541  -1.98852  -0.006000
-14.47819   34.86082  -3.16932   0.103000
-11.27717   33.96067  -2.66166   0.103000
-13.97364   30.95991  -2.12352  -0.006000
-12.70722   29.84450  -0.94273   0.103000
-15.90826   30.74463  -1.45038   0.103000
-13.76563   29.88061  -5.34861  -0.200000
 -7.16707   34.87110  16.37096  -0.200000
 -4.28117   34.34322  14.63833  -0.006000
 -3.52545   36.14833  13.99603   0.103000
 -2.90540   33.41822  15.86057   0.103000
 -4.82406   32.65876  12.35238  -0.006000
 -5.57978   30.85363  12.99468   0.103000
 -6.19985   33.58376  11.13015   0.103000
 -1.93816   32.13086  10.61975  -0.200000
-29.93302    1.10551   1.19484  -0.200000
-30.84071    2.51880   4.15925  -0.006000
-29.25468    3.58611   4.92572   0.103000
-32.43792    3.78359   3.85691   0.103000
-31.59588    0.44358   6.02494  -0.006000
-33.18193   -0.62372   5.25847   0.103000
-29.99868   -0.82120   6.32728   0.103000
-32.50359    1.85686   8.98933  -0.200000
-15.87141   12.14763 -27.71433  -0.200000
-16.95115   10.84304 -24.75776  -0.006000
-18.84439   10.06863 -24.99909   0.103000
-15.66849    9.34751 -24.15745   0.103000
-17.01062   12.92329 -22.75113  -0.006000
-15.11739   13.69770 -22.50979   0.103000
-18.29327   14.41882 -23.35144   0.103000
-18.09035   11.61870 -19.79454  -0.200000
-17.17495  -18.61274  17.96614  -0.200000
-16.26287  -18.29712  21.23387  -0.006000
-17.08811  -16.57908  22.01465   0.103000
-16.93769  -19.92765  22.29607   0.103000
-13.38164  -18.15203  21.42044  -0.006000
-12.55640  -19.87007  20.63966   0.103000
-12.70684  -16.52150  20.35823   0.103000
-12.46958  -17.83643  24.68816  -0.200000
-26.74641    4.16091  14.88365  -0.200000
-27.65792    7.13339  13.48992  -0.006000
-26.20234    7.74773  12.16849   0.103000
-29.44278    6.90385  12.48801   0.103000
-27.96955    9.11744  15.56942  -0.006000
-29.42513    8.50313  16.89084   0.103000
-26.18469    9.34698  16.57133   0.103000
-28.88106   12.08990  14.17569  -0.200000
 -6.11736   29.20821  19.17065  -0.200000
 -6.77004   26.75952  21.44816  -0.006000
 -5.03049   25.74752  21.88643   0.103000
 -7.52525   27.60444  23.16804   0.103000
 -8.70672   24.91468  20.35120  -0.006000
-10.44625   25.92668  19.91293   0.103000
 -7.95150   24.06976  18.63132   0.103000
 -9.35940   22.46601  22.62870  -0.200000
 35.61117   -0.26369   1.07495  -0.200000
 34.17556    1.20759  -1.64236  -0.006000
 32.29916    0.41311  -1.94262   0.103000
 34.01961    3.23634  -1.32300   0.103000
 35.81076    0.72346  -3.97670  -0.006000
 37.68715    1.51794  -3.67642   0.103000
 35.96672   -1.30531  -4.29605   0.103000
 34.37514    2.19475  -6.69400  -0.200000
-26.50337  -17.64137   7.35068  -0.200000
-25.22616  -20.00339   5.25340  -0.006000
-26.36030  -20.08276   3.53590   0.103000
-23.28356  -19.51666   4.77207   0.103000
-25.27700  -22.58151   6.56051  -0.006000
-24.14286  -22.50214   8.27800   0.103000
-27.21960  -23.06821   7.04186   0.103000
-23.99979  -24.94353   4.46323  -0.200000
-24.87121   -0.16276 -20.84472  -0.200000
-27.02745   -2.20374 -19.17307  -0.006000
-28.82887   -1.23839 -18.91767   0.103000
-27.32064   -3.92967 -20.25811   0.103000
-25.91671   -2.86876 -16.58819  -0.006000
-24.11531   -3.83410 -16.84356   0.103000
-25.62353   -1.14283 -15.50312   0.103000
-28.07296   -4.90974 -14.91652  -0.200000
-14.49675   21.95637 -16.88546  -0.200000
-14.03851   25.10909 -18.09364  -0.006000
-14.38267   25.12346 -20.12428   0.103000
-15.34979   26.39792 -17.16542   0.103000
-11.32422   25.95613 -17.57132  -0.006000
-10.98006   25.94174 -15.54065   0.103000
-10.01294   24.66729 -18.49953   0.103000
-10.86598   29.10885 -18.77949  -0.200000
-17.66168   17.36861  18.56527  -0.200000
-16.59896   15.95097  21.47558  -0.006000
-18.22287   15.25289  22.53285   0.103000
-15.32921   14.38512  21.05355   0.103000
-15.19909   17.92668  23.05492  -0.006000
-13.57519   18.62478  21.99766   0.103000
-16.46883   19.49253  23.47696   0.103000
-14.13638   16.50906  25.96522  -0.200000
  4.66248  -11.41119 -29.58739  -0.200000
  4.94957   -8.46635 -27.89789  -0.006000
  3.41239   -7.20864 -28.44327   0.103000
  4.85792   -8.82491 -25.87181   0.103000
  7.48114   -7.22826 -28.54282  -0.006000
  9.01834   -8.48597 -27.99746   0.103000
  7.57279   -6.86970 -30.56895   0.103000
  7.76823   -4.28344 -26.85333  -0.200000
 -4.79461   -1.73819  26.89704  -0.200000
 -3.37979    0.08513  29.40359  -0.006000
 -2.68494    1.87030  28.64676   0.103000
 -4.78700    0.45792  30.86066   0.103000
 -1.17772   -1.39713  30.54876  -0.006000
 -1.87255   -3.18230  31.30560   0.103000
  0.22949   -1.76992  29.09169   0.103000
  0.23710    0.42619  33.05532  -0.200000
 -5.71466  -29.52155 -10.57251  -0.200000
 -2.84691  -31.10121  -9.62929  -0.006000
 -1.41329  -29.69939  -9.15846   0.103000
 -3.22168  -32.28038  -7.98271   0.103000
 -1.89861  -32.75553 -11.80223  -0.006000
 -3.33223  -34.15739 -12.27307   0.103000
 -1.52382  -31.57638 -13.44880   0.103000
  0.96918  -34.33521 -10.85901  -0.200000
 32.18941   29.64570   4.89951  -0.200000
 29.06633   28.51536   4.13918  -0.006000
 27.69845   29.35576   5.42947   0.103000
 28.59781   29.04078   2.20353   0.103000
 28.99329   25.63712   4.39985  -0.006000
 30.36119   24.79670   3.10956   0.103000
 29.46185   25.11168   6.33550   0.103000
 25.87024   24.50676   3.63954  -0.200000
 32.65473  -13.60531  -3.09307  -0.200000
 29.37481  -14.52801  -3.10225  -0.006000
 28.27397  -13.16272  -2.02231   0.103000
 28.68336  -14.58806  -5.04147   0.103000
 29.10658  -17.14488  -1.90320  -0.006000
 30.20744  -18.51019  -2.98314   0.103000
 29.79805  -17.08484   0.03602   0.103000
 25.82668  -18.06758  -1.91238  -0.200000
-10.35430   27.55487  14.40570  -0.200000
-12.21700   30.39184  14.10408  -0.006000
-11.16959   31.78850  13.01118   0.103000
-13.98566   29.95363  13.14382   0.103000
-12.78592   31.45496  16.73156  -0.006000
-13.83334   30.05832  17.82448   0.103000
-11.01727   31.89317  17.69186   0.103000
-14.64865   34.29195  16.42998  -0.200000
 14.04089  -12.32776 -26.66982  -0.200000
 12.18503  -14.57553 -24.90553  -0.006000
 13.17629  -16.37958 -24.83433   0.103000
 11.89541  -13.87475 -22.99050   0.103000
  9.62358  -14.93488 -26.19678  -0.006000
  8.63234  -13.13086 -26.26797   0.103000
  9.91324  -15.63567 -28.11181   0.103000
  7.76772  -17.18266 -24.43248  -0.200000
 26.17097  -28.05680   1.21118  -0.200000
 24.41309  -26.21793   3.47780  -0.006000
 22.88101  -27.35887   4.24797   0.103000
 25.66499  -25.62881   5.00356   0.103000
 23.31372  -23.88132   2.17812  -0.006000
 24.84582  -22.74038   1.40792   0.103000
 22.06183  -24.47044   0.65235   0.103000
 21.55586  -22.04245   4.44473  -0.200000
 -8.27946  -26.87096  21.21006  -0.200000
 -5.85159  -28.39349  19.36714  -0.006000
 -4.98531  -29.89534  20.47894   0.103000
 -6.68394  -29.19393  17.66166   0.103000
 -3.83743  -26.45288  18.63589  -0.006000
 -4.70374  -24.95102  17.52409   0.103000
 -3.00510  -25.65245  20.34137   0.103000
 -1.40957  -27.97541  16.79298  -0.200000
 -3.59787  -31.45300   3.77284  -0.200000
 -4.15989  -34.81044   3.62810  -0.006000
 -6.15792  -35.18740   3.95665   0.103000
 -3.62400  -35.51727   1.76926   0.103000
 -2.58365  -36.13958   5.65455  -0.006000
 -0.58561  -35.76263   5.32599   0.103000
 -3.11954  -35.43276   7.51338   0.103000
 -3.14568  -39.49703   5.50980  -0.200000
-12.24567  -29.23227  -0.59696  -0.200000
-11.68845  -32.53863  -1.20238  -0.006000
-13.46449  -33.45465  -1.70111   0.103000
-10.35277  -32.73677  -2.75768   0.103000
-10.59671  -33.78173   1.16834  -0.006000
 -8.82066  -32.86570   1.66708   0.103000
-11.93237  -33.58359   2.72364   0.103000
-10.03949  -37.08811   0.56291  -0.200000
 30.25971    6.28933 -24.48454  -0.200000
 27.73179    4.83341 -22.72413  -0.006000
 26.81495    6.24817 -21.54089   0.103000
 26.35531    4.03464 -24.03161   0.103000
 28.80596    2.73184 -21.05465  -0.006000
 29.72284    1.31710 -22.23788   0.103000
 30.18248    3.53063 -19.74717   0.103000
 26.27806    1.27594 -19.29425  -0.200000
 29.35521   12.61642 -22.51577  -0.200000
 29.76107   12.34594 -19.14361  -0.006000
 28.99441   10.54533 -18.50157   0.103000
 31.76622   12.44226 -18.68299   0.103000
 28.36624   14.50985 -17.82851  -0.006000
 29.13291   16.31045 -18.47054   0.103000
 26.36111   14.41351 -18.28913   0.103000
 28.77208   14.23935 -14.45635  -0.200000
 -2.80182   -5.35911 -28.17652  -0.200000
 -3.10478   -8.21381 -30.01180  -0.006000
 -2.53182   -9.82905 -28.86948   0.103000
 -5.06501   -8.44836 -30.59892   0.103000
 -1.41372   -8.04012 -32.35009  -0.006000
 -1.98671   -6.42490 -33.49243   0.103000
  0.54651   -7.80557 -31.76297   0.103000
 -1.71667  -10.89484 -34.18537  -0.200000
  0.28378  -28.72170  26.72046  -0.200000
  1.36523  -27.45577  23.74775  -0.006000
  3.28198  -28.11261  23.37786   0.103000
  0.11796  -28.09000  22.23641   0.103000
  1.34339  -24.56727  23.86546  -0.006000
 -0.57334  -23.91042  24.23538   0.103000
  2.59066  -23.93302  25.37683   0.103000
  2.42486  -23.30132  20.89277  -0.200000
  5.87412   37.21708 -16.01460  -0.200000
  2.68301   36.55533 -15.02053  -0.006000
  2.52076   36.85227 -12.98884   0.103000
  1.38209   37.81278 -16.00471   0.103000
  2.02805   33.81026 -15.64752  -0.006000
  2.19032   33.51333 -17.67920   0.103000
  3.32898   32.55280 -14.66333   0.103000
 -1.16305   33.14852 -14.65345  -0.200000
 30.37716  -16.04085  16.20576  -0.200000
 27.32194  -15.80964  17.69621  -0.006000
 26.62558  -17.69831  18.13239   0.103000
 27.48692  -14.71944  19.43585   0.103000
 25.47368  -14.49186  15.90594  -0.006000
 26.17006  -12.60317  15.46975   0.103000
 25.30872  -15.58204  14.16629   0.103000
 22.41848  -14.26063  17.39638  -0.200000
 34.15449  -10.53864 -10.35239  -0.200000
 32.60269   -8.71082  -7.93163  -0.006000
 31.48915   -7.21569  -8.80733   0.103000
 31.36418   -9.93633  -6.83323   0.103000
 34.58815   -7.53730  -6.18859  -0.006000
 35.70169   -9.03248  -5.31291   0.103000
 35.82666   -6.31182  -7.28701   0.103000
 33.03632   -5.70949  -3.76785  -0.200000
 35.99930   -8.65100  11.64525  -0.200000
 32.68249   -8.83162  10.88664  -0.006000
 31.64267   -7.46274  12.02115   0.103000
 32.41115   -8.41489   8.88785   0.103000
 31.70726  -11.49284  11.45618  -0.006000
 32.74710  -12.86174  10.32167   0.103000
 31.97859  -11.90956  13.45496   0.103000
 28.39043  -11.67346  10.69757  -0.200000
-16.63286   25.28716  14.57648  -0.200000
-18.89788   25.49137  17.11364  -0.006000
-19.15186   23.63057  17.95935   0.103000
-18.21269   26.80750  18.54211   0.103000
-21.42708   26.42973  16.07429  -0.006000
-21.17312   28.29052  15.22860   0.103000
-22.11229   25.11357  14.64581   0.103000
-23.69214   26.63391  18.61146  -0.200000
 15.69642   31.75802  10.62929  -0.200000
 17.31522   33.72549   8.36714  -0.006000
 16.54346   33.38902   6.48739   0.103000
 17.05827   35.70600   8.87090   0.103000
 20.13484   33.08731   8.37846  -0.006000
 20.90661   33.42379  10.25819   0.103000
 20.39181   31.10682   7.87468   0.103000
 21.75364   35.05480   6.11629  -0.200000
 11.08814    8.26098  32.94734  -0.200000
 12.70646    8.00749  29.95966  -0.006000
 13.77276    6.24626  29.90312   0.103000
 11.32908    8.02618  28.42844   0.103000
 14.51771   10.23965  29.65243  -0.006000
 13.45141   12.00089  29.70897   0.103000
 15.89511   10.22100  31.18366   0.103000
 16.13603    9.98620  26.66475  -0.200000
-21.03462   20.06390 -15.82315  -0.200000
-20.78296   23.34299 -14.93241  -0.006000
-22.33841   23.83474 -13.67502   0.103000
-18.99192   23.65663 -13.96489   0.103000
-20.90007   24.99658 -17.30090  -0.006000
-19.34460   24.50482 -18.55826   0.103000
-22.69108   24.68292 -18.26844   0.103000
-20.64839   28.27567 -16.41017  -0.200000
-22.29741   29.67577  -1.58282  -0.200000
-23.54652   27.04397  -3.34996  -0.006000
-23.60245   27.52518  -5.35187   0.103000
-22.34176   25.39656  -3.07275   0.103000
-26.22078   26.44687  -2.42834  -0.006000
-26.16486   25.96567  -0.42642   0.103000
-27.42552   28.09427  -2.70554   0.103000
-27.46989   23.81508  -4.19544  -0.200000
 -8.56263   15.60213  34.47902  -0.200000
 -8.92395   16.05920  31.12196  -0.006000
-10.34300   14.75281  30.39948   0.103000
 -9.52118   17.99547  30.75250   0.103000
 -6.39892   15.56267  29.80455  -0.006000
 -4.97988   16.86904  30.52703   0.103000
 -5.80170   13.62638  30.17401   0.103000
 -6.76023   16.01974  26.44751  -0.200000
 10.51207   36.10840   1.74458  -0.200000
 13.25280   38.04625   2.32937  -0.006000
 14.30132   37.28775   3.93169   0.103000
 14.45892   38.05228   0.65982   0.103000
 12.41371   40.74884   2.92046  -0.006000
 11.36517   41.50734   1.31814   0.103000
 11.20757   40.74282   4.59001   0.103000
 15.15443   42.68670   3.50527  -0.200000
 20.48892   33.57490  -9.93735  -0.200000
 17.09732   33.89211 -10.01336  -0.006000
 16.47386   34.13985 -11.96070   0.103000
 16.23097   32.19802  -9.22485   0.103000
 16.30939   36.19290  -8.45025  -0.006000
 16.93285   35.94516  -6.50293   0.103000
 17.17576   37.88699  -9.23878   0.103000
 12.91779   36.51011  -8.52626  -0.200000
-30.57275    1.75656  -9.86692  -0.200000
-32.11847    4.31033 -11.50949  -0.006000
-34.16045    4.09572 -11.34678   0.103000
-31.54807    6.10659 -10.67869   0.103000
-31.36435    4.25772 -14.29984  -0.006000
-29.32237    4.47236 -14.46257   0.103000
-31.93473    2.46148 -15.13064   0.103000
-32.91007    6.81150 -15.94239  -0.200000
-17.44695  -20.59074 -17.83994  -0.200000
-18.41058  -23.44086 -19.43912  -0.006000
-19.06964  -24.81615 -18.05476   0.103000
-19.93362  -23.00815 -20.75651   0.103000
-16.16423  -24.53749 -20.89134  -0.006000
-15.50517  -23.16220 -22.27569   0.103000
-14.64116  -24.97020 -19.57397   0.103000
-17.12785  -27.38763 -22.49054  -0.200000
-26.62745    8.27808 -18.01863  -0.200000
-25.94191   11.59328 -18.40361  -0.006000
-27.70493   12.65578 -18.47421   0.103000
-24.80753   12.24936 -16.81452   0.103000
-24.47670   11.99504 -20.86316  -0.006000
-22.71366   10.93256 -20.79252   0.103000
-25.61106   11.33898 -22.45223   0.103000
-23.79114   15.31026 -21.24812  -0.200000
 40.00985   13.77888   0.43262  -0.200000
 36.88893   13.56708  -0.91810  -0.006000
 35.62893   12.62103   0.40839   0.103000
 36.17924   15.46085  -1.30837   0.103000
 37.00496   12.05623  -3.38012  -0.006000
 38.26495   13.00230  -4.70661   0.103000
 37.71468   10.16247  -2.98985   0.103000
 33.88404   11.84444  -4.73082  -0.200000
 -0.04773   39.48150  12.20529  -0.200000
 -1.00617   39.79196   8.95039  -0.006000
 -2.86488   38.94147   8.69735   0.103000
 -1.08918   41.78715   8.44590   0.103000
  0.90703   38.44793   7.25014  -0.006000
  2.76577   39.29846   7.50318   0.103000
  0.99005   36.45276   7.75460   0.103000
 -0.05140   38.75842   3.99524  -0.200000
 10.21329  -24.81760  17.94316  -0.200000
 11.91862  -25.93524  20.67294  -0.006000
 13.33652  -27.30766  20.08284   0.103000
 12.84437  -24.34733  21.60227   0.103000
 10.07513  -27.18702  22.51476  -0.006000
  8.65723  -25.81458  23.10487   0.103000
  9.14937  -28.77492  21.58542   0.103000
 11.78042  -28.30464  25.24457  -0.200000
  3.73965   19.06615  27.36955  -0.200000
  0.96036   18.75444  29.31570  -0.006000
 -0.71785   18.75268  28.12166   0.103000
  1.05486   16.98790  30.37058   0.103000
  0.82439   20.97320  31.16396  -0.006000
  2.50260   20.97496  32.35801   0.103000
  0.72989   22.73974  30.10908   0.103000
 -1.95488   20.66147  33.11012  -0.200000
 26.74280  -21.28567  11.69402  -0.200000
 23.60293  -22.60662  11.76818  -0.006000
 22.91423  -22.63278  13.70915   0.103000
 22.34667  -21.45773  10.60888   0.103000
 23.66812  -25.30521  10.73342  -0.006000
 24.35679  -25.27907   8.79246   0.103000
 24.92435  -26.45411  11.89275   0.103000
 20.52825  -26.62617  10.80759  -0.200000
 -4.42300  -20.80050  31.08125  -0.200000
 -5.67037  -21.90476  28.10911  -0.006000
 -5.13637  -23.87421  27.82905   0.103000
 -7.72376  -21.74517  28.12394   0.103000
 -4.59572  -20.30067  25.95745  -0.006000
 -5.12970  -18.33125  26.23751   0.103000
 -2.54232  -20.46025  25.94259   0.103000
 -5.84309  -21.40493  22.98532  -0.200000
 37.80947    7.36594 -11.15581  -0.200000
 34.97139    5.86378 -12.29511  -0.006000
 35.47059    4.18966 -13.38610   0.103000
 33.79458    5.31593 -10.69596   0.103000
 33.51284    7.70872 -13.97626  -0.006000
 33.01361    9.38285 -12.88525   0.103000
 34.68965    8.25657 -15.57539   0.103000
 30.67475    6.20656 -15.11556  -0.200000
 34.18915   15.91144  21.30009  -0.200000
 32.23158   14.02662  19.24474  -0.006000
 31.04406   15.26298  18.10301   0.103000
 33.42608   12.88975  18.01066   0.103000
 30.55935   12.28619  20.83603  -0.006000
 31.74687   11.04983  21.97776   0.103000
 29.36485   13.42306  22.07011   0.103000
 28.60178   10.40135  18.78068  -0.200000
 13.61512   -6.28062 -34.21941  -0.200000
 15.25912   -4.48708 -31.83416  -0.006000
 17.22009   -4.22036 -32.40485   0.103000
 14.35334   -2.65104 -31.60900   0.103000
 15.17329   -5.91720 -29.32318  -0.006000
 13.21230   -6.18390 -28.75249   0.103000
 16.07907   -7.75326 -29.54834   0.103000
 16.81728   -4.12367 -26.93793  -0.200000
 15.19291  -12.13416  32.07872  -0.200000
 12.76648  -13.18371  29.92926  -0.006000
 13.60741  -13.60593  28.09707   0.103000
 11.86941  -14.87876  30.68046   0.103000
 10.78476  -11.10144  29.62202  -0.006000
  9.94383  -10.67924  31.45421   0.103000
 11.68181   -9.40640  28.87082   0.103000
  8.35832  -12.15098  27.47252  -0.200000
-27.56166  -15.47895  13.65735  -0.200000
-26.84796  -18.33306  15.37596  -0.006000
-25.34351  -17.96032  16.73237   0.103000
-28.53148  -18.97223  16.37571   0.103000
-25.99041  -20.38274  13.52641  -0.006000
-27.49485  -20.75549  12.16999   0.103000
-24.30690  -19.74358  12.52665   0.103000
-25.27673  -23.23685  15.24501  -0.200000
  6.02541   -7.19383  34.71780  -0.200000
  3.42587   -6.39750  32.66412  -0.006000
  2.03395   -5.29902  33.71209   0.103000
  4.12121   -5.28785  31.07430   0.103000
  2.19656   -8.82238  31.68115  -0.006000
  3.58848   -9.92085  30.63318   0.103000
  1.50122   -9.93202  33.27099   0.103000
 -0.40300   -8.02604  29.62749  -0.200000
 -4.63416  -15.10262 -27.56217  -0.200000
 -7.39648  -15.59729 -29.49443  -0.006000
 -6.87443  -15.47672 -31.48318   0.103000
 -8.18450  -17.45954 -29.10267   0.103000
 -9.36898  -13.57131 -28.89246  -0.006000
 -9.89105  -13.69190 -26.90371   0.103000
 -8.58098  -11.70908 -29.28420   0.103000
-12.13132  -14.06601 -30.82472  -0.200000
-16.62931  -11.77702 -26.51414  -0.200000
-17.98511  -14.90000 -26.64848  -0.006000
-19.76858  -14.91961 -25.61839   0.103000
-18.32071  -15.41943 -28.61314   0.103000
-16.16033  -16.79509 -25.45000  -0.006000
-14.37689  -16.77548 -26.48009   0.103000
-15.82476  -16.27568 -23.48533   0.103000
-17.51615  -19.91809 -25.58432  -0.200000
 28.93715  -13.48798 -19.90505  -0.200000
 27.55119  -13.63772 -16.79604  -0.006000
 26.71512  -11.81451 -16.32799   0.103000
 26.09222  -15.09122 -16.76346   0.103000
 29.59744  -14.28418 -14.85892  -0.006000
 30.43351  -16.10740 -15.32696   0.103000
 31.05640  -12.83067 -14.89150   0.103000
 28.21148  -14.43392 -11.74988  -0.200000
 38.73617   17.19396  11.96482  -0.200000
 36.59481   15.84254   9.68502  -0.006000
 34.72328   16.66789   9.92679   0.103000
 37.27872   16.23613   7.78250   0.103000
 36.44426   12.98285  10.08142  -0.006000
 38.31578   12.15753   9.83963   0.103000
 35.76035   12.58928  11.98396   0.103000
 34.30291   11.63145   7.80162  -0.200000
 15.14096  -35.75386  -0.03279  -0.200000
 14.19815  -34.84846  -3.17928  -0.006000
 15.32846  -35.87915  -4.55851   0.103000
 12.20582  -35.29260  -3.45410   0.103000
 14.60828  -32.00812  -3.52831  -0.006000
 13.47802  -30.97741  -2.14907   0.103000
 16.60064  -31.56398  -3.25348   0.103000
 13.66552  -31.10272  -6.67480  -0.200000
  7.22253   13.36943  29.70069  -0.200000
  5.71650   10.82082  31.38760  -0.006000
  5.74709    9.11778  30.22963   0.103000
  6.72531   10.47209  33.14912   0.103000
  2.97772   11.53812  31.97250  -0.006000
  2.94710   13.24116  33.13045   0.103000
  1.96892   11.88683  30.21096   0.103000
  1.47166    8.98950  33.65937  -0.200000
 -2.06804   28.23718 -29.21165  -0.200000
 -1.88294   25.45503 -27.25338  -0.006000
  0.08317   25.09362 -26.75729   0.103000
 -2.98187   25.74901 -25.53634   0.103000
 -2.94363   23.18703 -28.69863  -0.006000
 -4.90970   23.54846 -29.19474   0.103000
 -1.84468   22.89305 -30.41567   0.103000
 -2.75851   20.40488 -26.74036  -0.200000
 -6.36768   34.01842 -26.24820  -0.200000
 -4.95095   31.71244 -24.17825  -0.006000
 -5.86450   29.88740 -24.45523   0.103000
 -2.94283   31.54745 -24.60554   0.103000
 -5.28500   32.54915 -21.43127  -0.006000
 -4.37147   34.37419 -21.15427   0.103000
 -7.29311   32.71413 -21.00398   0.103000
 -3.86827   30.24318 -19.36132  -0.200000
-22.67581    1.22638 -27.78570  -0.200000
-20.12783    3.45759 -27.41316  -0.006000
-20.82338    5.36178 -27.77705   0.103000
-19.39524    3.34931 -25.49120   0.103000
-18.01604    2.83005 -29.28510  -0.006000
-17.32049    0.92585 -28.92122   0.103000
-18.74863    2.93832 -31.20707   0.103000
-15.46807    5.06125 -28.91256  -0.200000
-36.63416   18.95758  -5.11938  -0.200000
-34.54710   17.31316  -2.98654  -0.006000
-35.23232   17.52424  -1.05573   0.103000
-34.49376   15.31468  -3.48199   0.103000
-31.88718   18.42698  -3.19122  -0.006000
-31.20197   18.21588  -5.12205   0.103000
-31.94053   20.42545  -2.69575   0.103000
-29.80015   16.78253  -1.05836  -0.200000
-32.74034   22.81461   8.54406  -0.200000
-29.64243   24.20503   8.26307  -0.006000
-29.82194   26.16789   7.66537   0.103000
-28.68621   24.12653  10.08564   0.103000
-28.10240   22.73928   6.30405  -0.006000
-27.92288   20.77644   6.90173   0.103000
-29.05860   22.81778   4.48149   0.103000
-25.00450   24.12972   6.02307  -0.200000
-10.86850   15.15088 -34.79558  -0.200000
 -9.44411   13.66136 -32.08243  -0.006000
 -7.40393   13.93828 -32.13865   0.103000
-10.20395   14.49879 -30.36096   0.103000
-10.03271   10.83114 -32.11712  -0.006000
-12.07289   10.55420 -32.06089   0.103000
 -9.27287    9.99370 -33.83857   0.103000
 -8.60833    9.34160 -29.40393  -0.200000
 -3.09977    1.55787 -36.44836  -0.200000
 -0.27970    0.62074 -34.78173  -0.006000
  0.68484   -0.85890 -35.84121   0.103000
  0.96971    2.24541 -34.57772   0.103000
 -0.99415   -0.37878 -32.16484  -0.006000
 -1.95866    1.10088 -31.10536   0.103000
 -2.24354   -2.00345 -32.36887   0.103000
  1.82595   -1.31591 -30.49823  -0.200000
 25.76379   -3.13077  32.01217  -0.200000
 26.04802   -3.52990  28.64035  -0.006000
 27.98424   -3.13120  28.06211   0.103000
 25.56512   -5.46722  28.13470   0.103000
 24.24830   -1.70786  27.29923  -0.006000
 22.31209   -2.10655  27.87749   0.103000
 24.73122    0.22947  27.80490   0.103000
 24.53254   -2.10699  23.92743  -0.200000
  8.41395    2.85889  30.54512  -0.200000
  6.89285    0.83928  32.82910  -0.006000
  5.21682    1.77988  33.56959   0.103000
  6.34570   -0.92908  31.92600   0.103000
  8.72354    0.28671  34.99724  -0.006000
 10.39958   -0.65386  34.25677   0.103000
  9.27069    2.05510  35.90036   0.103000
  7.20245   -1.73288  37.28125  -0.200000
 19.53304   22.45786  27.17882  -0.200000
 22.27830   22.10981  25.19098  -0.006000
 23.95855   22.68750  26.23267   0.103000
 22.46760   20.14004  24.61965   0.103000
 21.98390   23.76933  22.84218  -0.006000
 20.30367   23.19163  21.80050   0.103000
 21.79461   25.73909  23.41352   0.103000
 24.72915   23.42128  20.85434  -0.200000
-22.21220  -27.51755  -7.80810  -0.200000
-21.21208  -30.61948  -6.81469  -0.006000
-22.86051  -31.73808  -6.29154   0.103000
-20.21434  -31.54718  -8.35939   0.103000
-19.44889  -30.37973  -4.53625  -0.006000
-17.80046  -29.26112  -5.05940   0.103000
-20.44663  -29.45204  -2.99157   0.103000
-18.44875  -33.48168  -3.54282  -0.200000
 21.46495  -11.86200 -23.19178  -0.200000
 21.15994  -15.05173 -24.35018  -0.006000
 22.04069  -16.35333 -23.01889   0.103000
 19.16479  -15.52142 -24.55242   0.103000
 22.46618  -15.27280 -26.91972  -0.006000
 21.58540  -13.97120 -28.25103   0.103000
 24.46131  -14.80309 -26.71748   0.103000
 22.16118  -18.46251 -28.07814  -0.200000
 13.96220   17.49646  29.61301  -0.200000
 11.59589   19.94793  29.61397  -0.006000
 10.05863   19.41949  28.34909   0.103000
 10.86160   20.19329  31.52258   0.103000
 12.77661   22.42733  28.71068  -0.006000
 14.31384   22.95575  29.97555   0.103000
 13.51090   22.18196  26.80206   0.103000
 10.41029   24.87879  28.71163  -0.200000
-31.15983   -6.52018  13.83295  -0.200000
-32.25524   -8.56276  16.33039  -0.006000
-31.68863   -7.78571  18.15176   0.103000
-34.30862   -8.70327  16.25217   0.103000
-31.09730  -11.19137  16.00303  -0.006000
-31.66391  -11.96845  14.18166   0.103000
-29.04392  -11.05087  16.08125   0.103000
-32.19271  -13.23396  18.50049  -0.200000
-39.99745  -13.72266  -0.53780  -0.200000
-38.44075  -10.99448   0.78237  -0.006000
-39.51208   -9.29870   0.31451   0.103000
-38.32661  -11.19205   2.82935   0.103000
-35.77437  -10.78176  -0.31436  -0.006000
-34.70304  -12.47752   0.15350   0.103000
-35.88849  -10.58417  -2.36136   0.103000
-34.21769   -8.05358   1.00581  -0.200000
-13.35830   36.39830   9.93935  -0.200000
-10.96202   38.75626   9.38515  -0.006000
-11.81340   40.63047   9.45422   0.103000
 -9.50557   38.60949  10.83406   0.103000
 -9.77693   38.33264   6.78257  -0.006000
 -8.92557   36.45841   6.71348   0.103000
-11.23340   38.47942   5.33362   0.103000
 -7.38067   40.69060   6.22833  -0.200000
-13.30033  -33.90278 -16.32298  -0.200000
-10.57364  -32.60700 -17.90272  -0.006000
 -9.32867  -34.13839 -18.49190   0.103000
-11.18039  -31.53994 -19.55664   0.103000
 -9.15440  -30.85441 -16.09391  -0.006000
-10.39937  -29.32303 -15.50473   0.103000
 -8.54765  -31.92146 -14.43996   0.103000
 -6.42773  -29.55862 -17.67366  -0.200000
$end
