Header
  1      1(1)a  3.52000  0.49700 0.029230 0.431560 0.116470 0.014260 0.082120 0.201770 0.124580
  2      2(1)a  3.73800  0.00000 0.017600 0.039620 0.172480 0.000010 0.655150 0.011760 0.103390
  3      3(1)a  4.54900  0.00100 0.018610 0.053680 0.172620 0.000000 0.638500 0.017630 0.098950
  4      4(1)a  4.58100  0.01000 0.031620 0.104690 0.209500 0.002950 0.001510 0.547300 0.102430
  5      5(1)a  5.18900  0.02900 0.027130 0.305780 0.130120 0.002010 0.120130 0.296910 0.117920
  6      7(1)a  5.72200  0.00000 0.107300 0.027260 0.274140 0.067880 0.004460 0.437630 0.081320
  7      6(1)a  5.74200  0.28200 0.022920 0.077280 0.187640 0.000610 0.534210 0.065470 0.111880
  8      8(1)a  5.95900  0.02800 0.052480 0.168670 0.238750 0.040730 0.044850 0.350600 0.103920
  9      9(1)a  6.36300  0.00600 0.180850 0.118050 0.180570 0.121980 0.019530 0.293410 0.085600
 10     10(1)a  6.53100  0.00000 0.066700 0.087910 0.265320 0.037060 0.012180 0.444370 0.086460
 11     11(1)a  6.69300  0.04900 0.044030 0.406940 0.109310 0.004050 0.043030 0.244800 0.147850
 12     12(1)a  6.84300  0.00200 0.024620 0.096130 0.278940 0.013660 0.014130 0.484400 0.088110
 13     14(1)a  6.97900  0.00000 0.007660 0.001770 0.737110 0.000020 0.017640 0.069420 0.166370
 14     13(1)a  6.99000  0.61000 0.015090 0.018340 0.045910 0.008220 0.001330 0.827800 0.083310
 15     15(1)a  7.34100  0.00000 0.052070 0.156460 0.056080 0.012470 0.023270 0.617490 0.082170
