3
     1(1)a  0.87542  0.08212  0.03700  0.00412  0.32640  0.20177  0.02511  0.10516  0.07947  0.01426
     2(1)a  0.89661  0.65515  0.17240  0.01646  0.03944  0.01176  0.00114  0.00018  0.00008  0.00001
     3(1)a  0.90105  0.63850  0.17258  0.01683  0.05359  0.01763  0.00178  0.00009  0.00004  0.00000
     4(1)a  0.89757  0.00151  0.07148  0.00092  0.10321  0.54730  0.03070  0.00148  0.13802  0.00295
     5(1)a  0.88208  0.12013  0.05753  0.00408  0.30435  0.29691  0.02305  0.00143  0.07259  0.00201
     7(1)a  0.91868  0.00446  0.07138  0.01292  0.02039  0.43763  0.09438  0.00687  0.20276  0.06788
     6(1)a  0.88812  0.53421  0.16950  0.01682  0.07705  0.06547  0.00610  0.00023  0.01814  0.00061
     8(1)a  0.89608  0.04485  0.04452  0.00493  0.14964  0.35060  0.04755  0.01903  0.19423  0.04073
     9(1)a  0.91440  0.01953  0.05316  0.02141  0.08769  0.29341  0.15944  0.03036  0.12741  0.12198
    10(1)a  0.91354  0.01218  0.06962  0.00822  0.06344  0.44437  0.05848  0.02447  0.19570  0.03706
    11(1)a  0.85215  0.04303  0.05435  0.00914  0.27301  0.24480  0.03489  0.13393  0.05496  0.00405
    12(1)a  0.91189  0.01413  0.08159  0.00308  0.06984  0.48440  0.02154  0.02629  0.19735  0.01366
    14(1)a  0.83363  0.01764  0.73576  0.00700  0.00173  0.06942  0.00066  0.00004  0.00135  0.00002
    13(1)a  0.91669  0.00133  0.01811  0.00047  0.01487  0.82780  0.01462  0.00347  0.02780  0.00822
    15(1)a  0.91783  0.02327  0.02461  0.00252  0.12619  0.61749  0.04955  0.03027  0.03147  0.01247
