$coord
    2.62715396172161      0.00000000000000      0.00000000000000      c
    0.00000000000000      0.00000000000000      0.00000000000000      c
   -1.34248034206329      2.25824162605967      0.00000000000000      c
   -0.06302236653174      4.51094635454999      0.00056691783987      c
    2.59336565846561      4.55873752845067      0.00249443849541      c
    3.90971108811109      2.25090948866408      0.00056691783987      c
    3.63910230588187     -1.77057890020720      0.00147398638365      h
   -3.38155153123089      2.22333838438527      0.00147398638365      h
   -1.09938597232888      6.27304038442054     -0.00066140414651      h
    5.95399792140545      2.26052819468046     -0.00058581510119      h
   -1.34232916397266     -2.35962543308899      0.00300466455129      n
   -3.65236818333473     -2.32113171176211      0.00430857558298      o
   -0.12880373321749     -4.32558311817524      0.00430857558298      o
    3.85736567423016      6.78060192645229     -0.03705752946589      n
    2.92680783461328      8.41653783969139      0.21238632007502      h
    5.73909826557370      6.81669569559041      0.21240521733635      h
    8.78201087379148      6.51609695963229     -0.30148690724058      o
   10.08189678881952      7.87490453548371     -0.11387489676769      h
    9.59285456289005      4.82879829010136     -0.04274560512587      h
   -6.01824860992357     -4.58298271473559     -3.83321497425188      o
   -5.17934248775164     -3.79819834900951     -2.33265904117271      h
   -4.85954413428340     -4.48936568211244     -5.32313174920291      h
   -1.30181343568359     -9.27509711364533     -1.00826337820113      o
   -0.68731229179184     -7.48822877417265     -0.98199618495402      h
   -0.86226313717439    -10.06793171269750     -2.66640357350164      h
    1.41551825709932     -6.77234382325158      4.46604646163263      o
    2.98829952297738     -7.80307604517273      4.65382854745747      h
    1.28219807842424     -6.14499254165621      2.68841888294976      h
    2.10377541195760     11.79680435715192      0.85272002020332      o
    0.42681354437355     11.77887085615083      1.72377038389563      h
    3.46314990564889     12.17047880266872      2.11116424113718      h
   -6.55840792774760     -5.81506525611570      3.10487672811510      o
   -7.19991325807829     -7.19471651121285      1.98404236417797      h
   -5.37749917004603     -4.70866839983382      2.12890876952498      h
   -5.84577330577509      2.05290398446032      4.36553192862444      o
   -6.66869234486280      1.27590529040173      5.87893799940724      h
   -4.09575462589369      1.36487359673798      4.17750417840232      h
    6.56162046217350     -2.37323146124576      4.25356565525097      o
    7.14112387808421     -3.77637201217468      5.37901095095234      h
    7.08741786138761     -2.73464158416014      2.47472865184305      h
   -3.34700733752174      7.11519683554102     -4.85376157231677      o
   -2.31956323907181      8.65757240794096     -5.22354318199984      h
   -4.11809118878439      7.26917172084855     -3.13533911337721      h
    4.39208258079148      8.97525426814036     -6.20049379817906      o
    4.46530946844080      9.19988601355648     -4.32554532365258      h
    3.63105207255578     10.51436061433040     -6.98996468471469      h
    8.20333893737924      8.28574989403438      5.10284637389243      o
    9.70223191146147      8.88855363316357      6.08325518889483      h
    8.60707892567025      6.62759080147254      4.29113341077273      h
    8.69336382089781      2.10438012432012     -4.19362354231583      o
    8.57699448563471      3.98938194187355     -4.12653826459839      h
   10.33001783006741      1.60254445247101     -4.99411153220619      h
   -6.10619646414806      8.72558365146351      0.01738548042255      o
   -5.50067151938752      8.17077895610961      1.71938621926733      h
   -7.03501575572269     10.36305024287025      0.18232077730081      h
    4.29761517140853      0.45512164184418     -6.26803261016839      o
    5.66396275453017      0.96500754701938     -5.06620458417578      h
    3.06557042455108      1.87517524166242     -6.46004768253090      h
    4.52784050617799     -7.38792211103908     -1.43343286083908      o
    5.89243064399604     -6.55640481804674     -0.42464035932073      h
    4.55956900794914     -9.25130546163230     -1.12022965157461      h
    2.71232391853076     -4.52011152629449     -5.68270883776839      o
    3.44506522655717     -5.17639451498434     -4.06912838468133      h
    3.39277650446023     -2.79078534756818     -6.02593979528441      h
    8.55509255975457     -3.76696117603291     -0.31276857225390      o
    8.89486531844741     -3.16226771077084     -2.07064851284811      h
   10.04859981435808     -4.73720326444039      0.31917474384439      h
$user-defined bonds
$end
