Header
  1      1(1)a  3.74900  0.00000 0.024940 0.052440 0.224240 0.000020 0.615740 0.019390 0.047470
  2      2(1)a  3.82800  0.51000 0.040720 0.447380 0.129600 0.011870 0.059690 0.252750 0.047200
  3      3(1)a  4.44600  0.00000 0.027170 0.059970 0.220520 0.000020 0.522620 0.022450 0.076770
  4      4(1)a  4.60000  0.00700 0.033550 0.145620 0.205210 0.002960 0.002320 0.549020 0.046380
  5      5(1)a  5.33700  0.02300 0.040200 0.318770 0.143260 0.001900 0.092170 0.329980 0.054450
  6      6(1)a  5.85900  0.22600 0.043500 0.072930 0.258880 0.000920 0.415650 0.081070 0.099790
  7      7(1)a  5.97400  0.00900 0.059430 0.046990 0.216600 0.014960 0.009350 0.471420 0.065840
  8      8(1)a  6.04400  0.02100 0.078000 0.183730 0.161050 0.026460 0.035250 0.329580 0.130250
  9      9(1)a  6.55900  0.00700 0.111320 0.095850 0.152110 0.034630 0.012150 0.301600 0.094600
 10     10(1)a  6.70100  0.00200 0.050730 0.108140 0.195530 0.014030 0.013710 0.418330 0.071310
