3
     1(1)a  0.95253  0.61574  0.22396  0.02295  0.05155  0.01939  0.00199  0.00089  0.00028  0.00002
     2(1)a  0.95280  0.05969  0.04437  0.00618  0.33270  0.25275  0.03454  0.11468  0.08523  0.01187
     3(1)a  0.92323  0.52262  0.22036  0.02490  0.05957  0.02245  0.00227  0.00040  0.00016  0.00002
     4(1)a  0.95362  0.00232  0.07146  0.00164  0.14238  0.54902  0.03191  0.00324  0.13375  0.00296
     5(1)a  0.94555  0.09217  0.08332  0.01013  0.31627  0.32998  0.03007  0.00250  0.05994  0.00190
     6(1)a  0.90021  0.41565  0.24481  0.03378  0.07224  0.08107  0.00972  0.00069  0.01407  0.00092
     7(1)a  0.93416  0.00935  0.07828  0.00859  0.03693  0.47142  0.05084  0.01006  0.13832  0.01496
     8(1)a  0.86975  0.03525  0.04329  0.00923  0.16406  0.32958  0.06877  0.01967  0.11776  0.02646
     9(1)a  0.90540  0.01215  0.04769  0.01592  0.07230  0.30160  0.09540  0.02355  0.10442  0.03463
    10(1)a  0.92869  0.01371  0.06499  0.00679  0.08424  0.41833  0.04394  0.02390  0.13054  0.01403
