$coord
    2.61980292706468      0.00000000000000      0.00000000000000      c
    0.00000000000000      0.00000000000000      0.00000000000000      c
   -1.34720465739550      2.24684657747837      0.00000000000000      c
   -0.06734983937604      4.50578740220721      0.00024566439728      c
    2.58047772623933      4.55601632281931      0.00156847269030      c
    3.89895854641497      2.25931876995542      0.00024566439728      c
    3.62632775722356     -1.77388592093975      0.00160626721295      h
   -3.38618136025646      2.19784597885265      0.00158736995162      h
   -1.10855114407338      6.26582163059291     -0.00398732214039      h
    5.94392568111717      2.27145081172854     -0.00394952761773      h
   -1.34909438352839     -2.38186750967305      0.00328812347122      n
   -3.65049735446317     -2.32950319853079      0.00481880163886      o
   -0.12067791084608     -4.32872006355583      0.00476210985487      o
    3.85103509168499      6.79931021516786     -0.06266331856649      n
    2.91080185426774      8.40134444158299      0.33024853898310      h
    5.70852249674361      6.81673349011307      0.33021074446044      h
    9.77290766883139      7.21372715610968      2.99411987946667      c
   11.09739781810961      7.41237516719862      0.43172683231905      c
   13.17248718737001      9.42574608095897      0.43843536009080      c
   12.19317441352468     11.98793125823197      1.35277934948752      c
   10.86866536698513     11.78930214440436      3.91515349937380      c
    8.79357599772474      9.77591233338268      3.90846386886339      c
   11.11604941504119      6.49336355425367      4.37396010717711      h
    8.17896147026501      5.92812757064625      2.81196917751782      h
   11.94786906421479      5.59374053143214     -0.01097930883207      h
    9.70147602100831      7.91234001017617     -0.99246526773021      h
   14.67950598382365      8.81188744395240      1.69500875215311      h
   13.88540526826244      9.64079691488136     -1.47799260305252      h
   10.85003266731488     12.70831375734931     -0.02707977548425      h
   13.78710171482973     13.27356863821806      1.53491115417503      h
   12.26456826682510     11.28933730142681      5.33936449668440      h
   10.01821301814128     13.60791788290952      4.35785964052492      h
    7.28655720127109     10.38978986765058      2.65189047680108      h
    8.08065791683230      9.56088039672162      5.82489183200671      h
    1.03965172926837     11.28380040385745     -5.61910065613546      c
    1.09392466380484     11.59534065412498     -8.49303395355060      c
    3.20614715157644     10.04132436874647     -9.71103803524072      c
    5.78078562406516     10.58666153617461     -8.51370755744437      c
    5.72651268952868     10.27514018316841     -5.63979315729056      c
    3.61427130449575     11.82915646854692     -4.42178907560045      c
    0.50678675431727      9.34771928893212     -5.17796298767464      h
   -0.33782634077597     12.59725455251962     -4.84176181137295      h
   -0.70834494365085     10.96625082448735     -9.25631323588444      h
    1.40104295492142     13.57998773066547     -8.93309447811568      h
    2.77770844272861      8.04543342171531     -9.46718777505315      h
    3.29857365673588     10.51171499774436    -11.71040607835639      h
    6.31365059901625     12.52276154836126     -8.95484522590520      h
    7.15826369410949      9.27324518203510     -9.29104640220688      h
    5.41939439841211      8.29051200388925     -5.19971373546415      h
    7.52880119424570     10.90423001280604     -4.87649497769539      h
    4.04272891060491     13.82504741557808     -4.66562043852668      h
    3.52188259385897     11.35874694228769     -2.42240213522345      h
    9.10031634361474     -5.48455215547400      2.16526710032170      c
    6.50209408898761     -6.75134896591522      2.22687217225377      c
    5.94795079778022     -8.20515307446681     -0.21017534049954      c
    6.29248566632793     -6.55419383847126     -2.55870808118849      c
    8.89068902369373     -5.28739702803004     -2.62031315312056      c
    9.44483231490111     -3.83359291947846     -0.18326564036725      c
   10.54469071876322     -6.94769151112204      2.15734914782491      h
    9.29382429962222     -4.30056314417583      3.83478344694218      h
    6.45084471626375     -8.06913058742170      3.80409429454412      h
    5.06779195412740     -5.29771493271560      2.46528002117862      h
    7.24029670553805     -9.79945832099844     -0.33245951855857      h
    4.00230766862249     -8.86727531690728     -0.15221744000394      h
    4.84809239391812     -5.09103558556190     -2.55077123143037      h
    6.09895881305911     -7.73818284976943     -4.22820553054764      h
   10.32499115855393     -6.74103106122967     -2.85870210478409      h
    8.94193839641759     -3.96961540652357     -4.19755417267223      h
    8.15246750988195     -2.23928767294683     -0.06096256504689      h
   11.39047544405885     -3.17147067703799     -0.24122354086285      h
  -10.35753224256222      7.99397617911683      2.27812154497763      c
   -7.75097629568907      8.19836895764975      3.51250955223986      c
   -6.13724466451137     10.26790253207946      2.29887073791671      c
   -5.95560418861841      9.95753391201432     -0.56999809346230      c
   -8.56214123823023      9.75314113348141     -1.80438610072453      c
  -10.17585397214660      7.68360755905170     -0.59074728640138      c
  -11.41483401391174      9.70899713101720      2.68773858154192      h
  -11.32633813910871      6.35605605343820      3.05608399936399      h
   -8.00021227535536      8.64283254410445      5.50420530725601      h
   -6.78014839218040      6.39861268595079      3.29949962254099      h
   -6.99109852039442     12.09245201064187      2.70960271289941      h
   -4.24243516832827     10.17283041033398      3.09121400817433      h
   -4.89828352000756      8.24251296011395     -0.97959623276526      h
   -4.98676049754927     11.59543514043162     -1.34796054784866      h
   -9.53298803900023     11.55289740518037     -1.59135727376433      h
   -8.31290525856394      9.30869644428804     -3.79608185574068      h
   -9.32203791078621      5.85905808048928     -1.00146036412275      h
  -12.07068236559103      7.77867968079717     -1.38309055665900      h
   -2.46142497986754      7.18676076419340     10.07348750752818      c
   -2.28089944239297      5.23809407322306      7.94520234762706      c
    0.44550293582779      4.84219644838351      7.06778360686692      c
    1.73042221988338      7.33523654645423      6.36537240327333      c
    1.54991557967015      9.28392213468590      8.49363866591313      c
   -1.17648679855061      9.67981975952545      9.37109520119592      c
   -1.54093938053894      6.42142168037472     11.74496916932686      h
   -4.44662007698656      7.55665575744444     10.45906722768217      h
   -3.01708005198123      3.44542427452242      8.63155087909112      h
   -3.39455284702514      5.90244619250033      6.34981995719968      h
    1.50599834434188      3.96373835825029      8.59434217153460      h
    0.43252051729487      3.62094203774484      5.41380080905876      h
    0.80993662055479      8.10059452753424      4.69389074147465      h
    3.71563621426374      6.96536045046452      5.97981158038067      h
    2.66356898430231      8.61957001540863     10.08902105634050      h
    2.28607729199708     11.07659193338654      7.80730903171039      h
   -2.23700110432604     10.55827784965867      7.84451773926691      h
   -1.16352327727902     10.90107417016412     11.02505910174275      h
   -8.72919302837732      0.70855281352547      9.55426635525652      c
   -9.16743941585483      1.71029663656815      6.87779054146660      c
   -9.64026779156415     -0.42471594836605      4.98621247697073      c
   -7.55365109289315     -2.42461311479892      5.06599671430116      c
   -7.11542360267697     -3.42637583510293      7.74249142535241      c
   -6.64257632970632     -1.29134435290740      9.63405059258696      c
  -10.47582909848087     -0.13687286380491     10.23362290002891      h
   -8.18034097034202      2.27914199708939     10.76204701856772      h
  -10.81117989802275      2.94504369179563      6.89918224129087      h
   -7.49852778159688      2.75493724282734      6.28572044677220      h
  -11.43080219973463     -1.32467912189151      5.44535923547795      h
   -9.70967743242504      0.37715154160132      3.09433205629360      h
   -5.80701502278961     -1.57920633472987      4.38664016952877      h
   -8.10250315092846     -3.99522119562417      3.85823494825129      h
   -8.78431633967360     -4.47099754410079      8.33456152004681      h
   -5.47168312050905     -4.66112289033041      7.72109972552815      h
   -4.85204192153585     -0.39138117938195      9.17492273134106      h
   -6.57316668884543     -2.09323074013610     11.52594991052542      h
$user-defined bonds
$end
