$coord
   -1.25885736230967     -2.28351269741898     -0.02408326037691      c
   -2.55788156222112      0.00000023621577     -0.02283793085534      c
   -1.25885736230967      2.28351316985052     -0.02409081928144      c
    1.33182488504725      2.28530651995063     -0.02600322212792      c
    2.68687379562036      0.00000023621577     -0.02538906113473      c
    1.33182488504725     -2.28530604751909     -0.02599377349726      c
   -2.29745462439588     -4.03859773306266     -0.02159827051217      h
   -2.29745273466975      4.03859820549420     -0.02161338832123      h
    2.35100899057033      4.05743121613453     -0.02819152498980      h
    2.35100710084420     -4.05743074370299     -0.02817262772848      h
   -5.27263755828491      0.00000023621577     -0.01723867232360      n
   -6.38139468250676      2.02692615552731     -0.01484249958710      o
   -6.38139279278063     -2.02692757282190     -0.01486517630069      o
    5.24307421023051      0.00000023621577     -0.06737688608132      n
    6.20515835092232      1.61775131487811      0.18115044628513      h
    6.20515646119619     -1.61775273217271      0.18114666683287      h
$redundant
     number_of_atoms            16
     degrees_of_freedom         42
     internal_coordinates       42
     frozen_coordinates          0
# definitions of redundant internals
   1 k  1.0000000000000 stre    1    7           val=   2.03937
   2 k  0.7071067877165 bend    6    7    1      val=   0.41291
       -0.7071067746566 bend    2    7    1
   3 k  1.0000000000000 outp    7    2    6    1 val=  -0.05451
   4 k  1.0000000000000 stre    3    8           val=   2.03937
   5 k  0.7071067876945 bend    4    8    3      val=   0.41286
       -0.7071067746786 bend    2    8    3
   6 k  1.0000000000000 outp    8    2    4    3 val=   0.05442
   7 k  1.0000000000000 stre    4    9           val=   2.04430
   8 k  0.7071067812606 bend    3    9    4      val=   0.25660
       -0.7071067811125 bend    5    9    4
   9 k  1.0000000000000 outp    9    5    3    4 val=   0.00519
  10 k  1.0000000000000 stre    6   10           val=   2.04430
  11 k  0.7071067812601 bend    1   10    6      val=   0.25655
       -0.7071067811130 bend    5   10    6
  12 k  1.0000000000000 outp   10    5    1    6 val=  -0.00517
  13 k  1.0000000000000 tors   12   11    2    1 val=  89.99958
        1.0000000000000 tors   12   11    2    3
        1.0000000000000 tors   13   11    2    1
        1.0000000000000 tors   13   11    2    3
  14 k  1.0000000000000 stre   11   12           val=   2.31036
  15 k  1.0000000000000 stre   11   13           val=   2.31036
  16 k  0.8164965810695 bend   13   12   11      val=   1.98104
       -0.4082494952112 bend    2   12   11
       -0.4082470854294 bend    2   13   11
  17 k  0.0000013912882 bend   13   12   11      val=   0.00004
        0.7071060855415 bend    2   12   11
       -0.7071074768296 bend    2   13   11
  18 k  1.0000000000000 outp   12    2   13   11 val=  -0.00486
  19 k  1.0000000000000 tors   15   14    5    4 val=  90.00019
        1.0000000000000 tors   15   14    5    6
        1.0000000000000 tors   16   14    5    4
        1.0000000000000 tors   16   14    5    6
  20 k  1.0000000000000 stre   14   15           val=   1.89855
  21 k  1.0000000000000 stre   14   16           val=   1.89855
  22 k  0.8174986560754 bend   16   15   14      val=  -1.49060
       -0.4072447199995 bend    5   15   14
       -0.4072440120461 bend    5   16   14
  23 k  0.0000004647997 bend   16   15   14      val=   0.00005
        0.7071066330868 bend    5   15   14
       -0.7071069292861 bend    5   16   14
  24 k  1.0000000000000 outp   15    5   16   14 val=  15.94847
  25 k  1.0000000000000 stre    2   11           val=   2.71476
  26 k -0.7071067811865 bend    1   11    2      val=   0.00000
        0.7071067811865 bend    3   11    2
  27 k  1.0000000000000 outp   11    3    1    2 val=  -0.06308
  28 k  1.0000000000000 stre    5   14           val=   2.55655
  29 k  0.7071067811916 bend    6   14    5      val=   0.00000
       -0.7071067811815 bend    4   14    5
  30 k  1.0000000000000 outp   14    4    6    5 val=  -0.96682
  31 k  1.0000000000000 stre    1    6           val=   2.59068
  32 k  1.0000000000000 stre    6    5           val=   2.65684
  33 k  1.0000000000000 stre    5    4           val=   2.65684
  34 k  1.0000000000000 stre    4    3           val=   2.59068
  35 k  1.0000000000000 stre    3    2           val=   2.62715
  36 k  1.0000000000000 stre    2    1           val=   2.62715
  37 k -0.5000000000000 bend    1    5    6      val=   0.11238
       -0.5000000000000 bend    6    4    5
        1.0000000000000 bend    5    3    4
       -0.5000000000000 bend    4    2    3
       -0.5000000000000 bend    3    1    2
        1.0000000000000 bend    2    6    1
  38 k  0.8660254037844 bend    1    5    6      val=   0.22476
       -0.8660254037844 bend    6    4    5
        0.8660254037844 bend    4    2    3
       -0.8660254037844 bend    3    1    2
  39 k -1.0000000000000 bend    1    5    6      val=  -0.66094
        1.0000000000000 bend    6    4    5
       -1.0000000000000 bend    5    3    4
        1.0000000000000 bend    4    2    3
       -1.0000000000000 bend    3    1    2
        1.0000000000000 bend    2    6    1
  40 k -0.5000000000000 tors    6    5    4    3 val=  -0.03517
       -0.5000000000000 tors    5    4    3    2
        1.0000000000000 tors    4    3    2    1
       -0.5000000000000 tors    3    2    1    6
       -0.5000000000000 tors    2    1    6    5
        1.0000000000000 tors    1    6    5    4
  41 k  0.8660254037844 tors    6    5    4    3 val=   0.02349
       -0.8660254037844 tors    5    4    3    2
        0.8660254037844 tors    3    2    1    6
       -0.8660254037844 tors    2    1    6    5
  42 k -1.0000000000000 tors    6    5    4    3 val=  -0.03245
        1.0000000000000 tors    5    4    3    2
       -1.0000000000000 tors    4    3    2    1
        1.0000000000000 tors    3    2    1    6
       -1.0000000000000 tors    2    1    6    5
        1.0000000000000 tors    1    6    5    4
        42 non zero eigenvalues  of BmBt
           1          11.054574133    1    0
         1
           2           5.633357838    2    0
         2
           3           5.128405191    3    0
         3
           4           4.613608865    4    0
         4
           5           4.477176173    5    0
         5
           6           4.095247140    6    0
         6
           7           3.895058488    7    0
         7
           8           3.550078593    8    0
         8
           9           3.388233119    9    0
         9
          10           3.294758407   10    0
        10
          11           3.261858759   11    0
        11
          12           2.773193213   12    0
        12
          13           2.708249766   13    0
        13
          14           2.476312963   14    0
        14
          15           2.342247398   15    0
        15
          16           1.966526677   16    0
        16
          17           1.929538233   17    0
        17
          18           1.673138537   18    0
        18
          19           1.531865786   19    0
        19
          20           1.451717829   20    0
        20
          21           1.266170528   21    0
        21
          22           1.125791854   22    0
        22
          23           0.940335503   23    0
        23
          24           0.808121270   24    0
        24
          25           0.630094469   25    0
        25
          26           0.594918802   26    0
        26
          27           0.453454425   27    0
        27
          28           0.411404720   28    0
        28
          29           0.397196732   29    0
        29
          30           0.386178729   30    0
        30
          31           0.361243067   31    0
        31
          32           0.352117512   32    0
        32
          33           0.341908150   33    0
        33
          34           0.331575926   34    0
        34
          35           0.269985323   35    0
        35
          36           0.178494913   36    0
        36
          37           0.116849249   37    0
        37
          38           0.106949516   38    0
        38
          39           0.087498361   39    0
        39
          40           0.081575175   40    0
        40
          41           0.046182039   41    0
        41
          42           0.024595818   42    0
        42
$user-defined bonds
$end
