# Electronic excitation spectrum of , IRREP a   
# singlet excitations
# excitation energy / eV  oscillator strength (length rep.) (veloc. rep.) (mixed rep.) 
 0.35603987109608E+01   0.49484944548506E+00   0.72584646973872E+00   0.59931612767236E+00
 0.37668043094449E+01   0.36755552360663E-08   0.10868459517272E-07   0.63135589369510E-08
 0.45802807201370E+01   0.75048171974273E-02   0.12345863220848E-01   0.96256657062574E-02
 0.45810053952603E+01   0.60279096565569E-03   0.13915039858771E-02   0.91584566456705E-03
 0.51853880917609E+01   0.36454055299223E-01   0.25089414504108E-01   0.30242534525517E-01
 0.57395206911378E+01   0.26968374795061E+00   0.38804622067074E+00   0.32349614980654E+00
 0.57589292818191E+01   0.36425285647575E-03   0.89918584773405E-04   0.21988302071888E-04
 0.59613154419130E+01   0.29869478821979E-01   0.48385550863683E-01   0.38016312623356E-01
 0.63981282288593E+01   0.56679381526055E-02   0.94237264832276E-02   0.73057278051384E-02
 0.66532604496031E+01   0.24733278813810E-05   0.86088687130145E-05   0.46104913128054E-05
 0.67183049978604E+01   0.47726474428266E-01   0.28768376196910E-01   0.37052519534102E-01
 0.69468063849084E+01   0.28342987585460E-02   0.33202308641892E-02   0.30130064366022E-02
 0.69940750134597E+01   0.61041818231867E+00   0.61738077282888E+00   0.61388926520747E+00
 0.72699572467634E+01   0.15782747609806E-01   0.20635197101464E-01   0.18046046927104E-01
 0.73419193993854E+01   0.59135364715682E-05   0.92906009701924E-05   0.74066470619393E-05
# Electronic excitation spectrum of , IRREP a   
# singlet excitations
# excitation energy / eV  oscillator strength (length rep.) (veloc. rep.) (mixed rep.) 
 0.36100322424327E+01   0.49650624251725E+00   0.71887590973641E+00   0.59742899729065E+00
 0.37544529035787E+01   0.44921852964737E-08   0.12410380939696E-07   0.74574951482223E-08
 0.45691417664673E+01   0.58920374794052E-03   0.13461833796387E-02   0.89060375731495E-03
 0.45862685182720E+01   0.96981316306022E-02   0.14960979915287E-01   0.12045477436871E-01
 0.52188617025155E+01   0.30505142597990E-01   0.18980557812610E-01   0.24062513968119E-01
 0.57425320899731E+01   0.27869652298736E+00   0.39562173002355E+00   0.33205180332642E+00
 0.57523218302986E+01   0.32026256618107E-03   0.70052414290151E-04   0.14775517834515E-04
 0.59776797164129E+01   0.28315909207159E-01   0.46198819362533E-01   0.36168332107904E-01
 0.64043020532097E+01   0.57142211795420E-02   0.95201910067939E-02   0.73731052356559E-02
 0.66491404741748E+01   0.17507574991139E-05   0.70839593391661E-05   0.35158468025147E-05
 0.67709818660334E+01   0.48343367586442E-01   0.29121656235097E-01   0.37519546493744E-01
 0.69373641883072E+01   0.19459888172586E-02   0.25893312067465E-02   0.21955126617000E-02
 0.69933086858714E+01   0.61106939467920E+00   0.61787129954478E+00   0.61446051240438E+00
 0.71457179881555E+01   0.14401679317778E-03   0.34700020804431E-03   0.22129362353292E-03
 0.73111206683594E+01   0.16433234842641E-01   0.21179189832092E-01   0.18655476512319E-01
# Electronic excitation spectrum of , IRREP a   
# singlet excitations
# excitation energy / eV  oscillator strength (length rep.) (veloc. rep.) (mixed rep.) 
 0.36218629094375E+01   0.49696687740436E+00   0.71751061562710E+00   0.59713819748974E+00
 0.37509294368160E+01   0.45773043329091E-08   0.12544163426871E-07   0.75684467761476E-08
 0.45649608216592E+01   0.58594397942365E-03   0.13360352363130E-02   0.88478281544212E-03
 0.45874492693701E+01   0.10205523124968E-01   0.15556374632344E-01   0.12600036247287E-01
 0.52269517330231E+01   0.29021926631774E-01   0.17540199386296E-01   0.22562143606959E-01
 0.57434307905485E+01   0.28095550548904E+00   0.39761515520465E+00   0.33423369990465E+00
 0.57511174578189E+01   0.31757533186642E-03   0.66739352634851E-04   0.17995542587790E-04
 0.59814042572735E+01   0.27927456650869E-01   0.45676386124498E-01   0.35715710896044E-01
 0.64072356669657E+01   0.57463942100197E-02   0.95699208262520E-02   0.74131254314516E-02
 0.66493668384936E+01   0.16396668670144E-05   0.68467821208092E-05   0.33465838628289E-05
 0.67829326139645E+01   0.48540993963793E-01   0.29259198245857E-01   0.37684889998994E-01
 0.69367316964601E+01   0.18776941810756E-02   0.25517609752385E-02   0.21412737890121E-02
 0.69933458394674E+01   0.61073857403475E+00   0.61759349879317E+00   0.61415604802259E+00
 0.71287306200875E+01   0.15483515763477E-03   0.36206250539307E-03   0.23410641791753E-03
 0.73219480918863E+01   0.16673518121592E-01   0.21438023080657E-01   0.18905879298214E-01
# Electronic excitation spectrum of , IRREP a   
# singlet excitations
# excitation energy / eV  oscillator strength (length rep.) (veloc. rep.) (mixed rep.) 
 0.36251703867742E+01   0.49712747885406E+00   0.71717458720208E+00   0.59709480669441E+00
 0.37499553639144E+01   0.46081200431799E-08   0.12604035179262E-07   0.76119863044316E-08
 0.45638148723266E+01   0.58512165739491E-03   0.13335213054691E-02   0.88332951948021E-03
 0.45877523778210E+01   0.10328575599403E-01   0.15700721532815E-01   0.12734443894912E-01
 0.52291364050941E+01   0.28625695162023E-01   0.17160776299001E-01   0.22163914196204E-01
 0.57436280421920E+01   0.28157935167404E+00   0.39818306638522E+00   0.33484343924998E+00
 0.57507296266524E+01   0.31647252634499E-03   0.66219098255524E-04   0.19024371229510E-04
 0.59825011700734E+01   0.27804872117709E-01   0.45515712742440E-01   0.35574504610635E-01
 0.64081337235605E+01   0.57620437581698E-02   0.95906991650610E-02   0.74312580832138E-02
 0.66494655174806E+01   0.16013160372132E-05   0.67658494697745E-05   0.32877931965878E-05
 0.67861275508061E+01   0.48663409021030E-01   0.29354643484855E-01   0.37793892992789E-01
 0.69368108247698E+01   0.18782100175176E-02   0.25600076353695E-02   0.21453187934351E-02
 0.69933248379045E+01   0.61054114535699E+00   0.61744166054443E+00   0.61398128759129E+00
 0.73247759769078E+01   0.16737673179812E-01   0.21508915170656E-01   0.18973519001468E-01
 0.73580275304008E+01   0.10284451931400E-05   0.55511348949371E-06   0.74270021186076E-06
# Electronic excitation spectrum of , IRREP a   
# singlet excitations
# excitation energy / eV  oscillator strength (length rep.) (veloc. rep.) (mixed rep.) 
 0.36261828079641E+01   0.49718152813687E+00   0.71707540997771E+00   0.59708597441870E+00
 0.37496786667536E+01   0.46322029634191E-08   0.12646325825194E-07   0.76446015662605E-08
 0.45635084794694E+01   0.58490660303654E-03   0.13328667103097E-02   0.88295039063069E-03
 0.45878549002558E+01   0.10359304670858E-01   0.15736905095989E-01   0.12768060399062E-01
 0.52297796943261E+01   0.28515007048489E-01   0.17055084589362E-01   0.22052795692905E-01
 0.57436817174611E+01   0.28176343964571E+00   0.39835234765809E+00   0.33502406885575E+00
 0.57506123221995E+01   0.31591617502721E-03   0.66401105843552E-04   0.19349074607361E-04
 0.59828697673336E+01   0.27763267957327E-01   0.45461038526352E-01   0.35526523032051E-01
 0.64084117650961E+01   0.57690045644842E-02   0.95994382660162E-02   0.74391336289429E-02
 0.66495112081297E+01   0.15977269681942E-05   0.67564361666086E-05   0.32811874616712E-05
 0.67870757540538E+01   0.48724579962240E-01   0.29404428435076E-01   0.37849705672423E-01
 0.69369169260047E+01   0.18835066162127E-02   0.25675688578318E-02   0.21516332614538E-02
 0.69933131920485E+01   0.61044704416808E+00   0.61736887590742E+00   0.61389778515341E+00
 0.71229328756823E+01   0.15869770749154E-03   0.36700787163745E-03   0.23849666061657E-03
 0.73582495338336E+01   0.12670463810362E-05   0.75029923121229E-06   0.96604803975180E-06
