Header
  1      1(1)a  3.01900  0.45700 0.041210 0.463760 0.113220 0.011000 0.070260 0.221100 0.049400
  2      2(1)a  3.85800  0.00000 0.037980 0.040430 0.245510 0.000080 0.495320 0.019330 0.090230
  3      3(1)a  4.35900  0.00000 0.045080 0.443800 0.058320 0.000650 0.002540 0.379550 0.037850
  4      4(1)a  4.62600  0.00100 0.038510 0.057190 0.235390 0.000060 0.465930 0.028600 0.096830
  5      5(1)a  4.90200  0.04500 0.014480 0.148440 0.260710 0.003350 0.013260 0.481620 0.045920
  6      6(1)a  5.76200  0.13300 0.044740 0.076840 0.229180 0.013180 0.246380 0.157400 0.094930
  7      7(1)a  5.78600  0.11800 0.044510 0.100820 0.213750 0.014370 0.215790 0.204440 0.095290
  8      8(1)a  6.01500  0.05200 0.049840 0.418990 0.118030 0.005030 0.036670 0.249960 0.048020
  9      9(1)a  6.11100  0.00500 0.030710 0.077880 0.202810 0.010620 0.011210 0.356390 0.049560
 10     10(1)a  6.22400  0.01500 0.003930 0.001940 0.025370 0.000020 0.045340 0.001070 0.049010
