3
     1(1)a  0.95060  0.07026  0.04351  0.00686  0.35116  0.22110  0.03435  0.11260  0.06971  0.01100
     2(1)a  0.90977  0.49532  0.24498  0.03523  0.03973  0.01933  0.00275  0.00070  0.00053  0.00008
     3(1)a  0.96215  0.00254  0.02284  0.00052  0.44155  0.37955  0.04456  0.00225  0.03548  0.00065
     4(1)a  0.90317  0.46593  0.23493  0.03440  0.05633  0.02860  0.00411  0.00086  0.00046  0.00006
     5(1)a  0.95408  0.01326  0.08414  0.00244  0.14497  0.48162  0.01204  0.00347  0.17657  0.00335
     6(1)a  0.90507  0.24638  0.15627  0.02307  0.07181  0.15740  0.02167  0.00503  0.07291  0.01318
     7(1)a  0.90471  0.21579  0.12915  0.01757  0.09464  0.20444  0.02694  0.00618  0.08460  0.01437
     8(1)a  0.95198  0.03667  0.06465  0.01116  0.26455  0.24996  0.03868  0.15444  0.05338  0.00503
     9(1)a  0.95044  0.01121  0.06397  0.00456  0.05795  0.35639  0.02615  0.01993  0.13884  0.01062
    10(1)a  0.95099  0.04534  0.02521  0.00376  0.00165  0.00107  0.00017  0.00029  0.00016  0.00002
