Header
  1      1(1)a  3.05300  0.45900 0.035940 0.490580 0.115500 0.010590 0.077720 0.201660 0.047780
  2      2(1)a  3.95800  0.00000 0.032000 0.044870 0.237470 0.000030 0.546560 0.018830 0.068280
  3      3(1)a  4.40200  0.00000 0.041710 0.421740 0.070480 0.000600 0.002780 0.388730 0.046580
  4      4(1)a  4.65000  0.00100 0.036630 0.063570 0.237150 0.000100 0.472300 0.029590 0.099360
  5      5(1)a  4.91300  0.04900 0.011120 0.186970 0.244610 0.001980 0.016060 0.462760 0.049100
  6      6(1)a  5.80000  0.04300 0.049500 0.165320 0.213900 0.027360 0.070490 0.323500 0.092300
  7      7(1)a  5.84600  0.20100 0.032690 0.024470 0.235960 0.000960 0.508670 0.033030 0.083450
  8      8(1)a  6.07900  0.05100 0.044740 0.441300 0.111940 0.004310 0.043750 0.225490 0.046610
  9      9(1)a  6.13500  0.00200 0.014660 0.093430 0.226790 0.004110 0.012340 0.419990 0.044580
 10     10(1)a  6.53500  0.00800 0.003880 0.048160 0.006820 0.000660 0.004300 0.023410 0.043130
