3
     1(1)a  0.95222  0.07772  0.04348  0.00639  0.36199  0.20166  0.02955  0.12859  0.07202  0.01059
     2(1)a  0.93172  0.54656  0.23711  0.02968  0.04385  0.01883  0.00232  0.00102  0.00036  0.00003
     3(1)a  0.95342  0.00278  0.02750  0.00049  0.41924  0.38873  0.04122  0.00250  0.04298  0.00060
     4(1)a  0.90064  0.47230  0.23645  0.03274  0.06234  0.02959  0.00389  0.00123  0.00070  0.00010
     5(1)a  0.95090  0.01606  0.07586  0.00192  0.18197  0.46276  0.00920  0.00500  0.16875  0.00198
     6(1)a  0.90770  0.07049  0.06027  0.00712  0.15564  0.32350  0.04238  0.00968  0.15363  0.02736
     7(1)a  0.91655  0.50867  0.22624  0.02895  0.02192  0.03303  0.00374  0.00255  0.00972  0.00096
     8(1)a  0.95339  0.04375  0.05845  0.01025  0.28063  0.22549  0.03449  0.16067  0.05349  0.00431
     9(1)a  0.95542  0.01234  0.07790  0.00236  0.06820  0.41999  0.01230  0.02523  0.14889  0.00411
    10(1)a  0.95687  0.00430  0.00246  0.00037  0.04067  0.02341  0.00351  0.00749  0.00436  0.00066
