Header
  1      1(1)a  3.06500  0.45400 0.039590 0.461800 0.121830 0.011750 0.073890 0.213640 0.046740
  2      2(1)a  3.80200  0.00000 0.031370 0.044480 0.234620 0.000050 0.572180 0.018340 0.055060
  3      3(1)a  4.34400  0.00100 0.049590 0.434990 0.049900 0.000790 0.002390 0.383850 0.046280
  4      4(1)a  4.54500  0.00100 0.038290 0.066940 0.230950 0.000080 0.475030 0.029320 0.097600
  5      5(1)a  4.91900  0.04500 0.014580 0.144630 0.275120 0.003620 0.014380 0.472540 0.044370
  6      6(1)a  5.71500  0.17100 0.027080 0.014860 0.217550 0.000250 0.518850 0.012820 0.057470
  7      7(1)a  5.75700  0.03600 0.064850 0.126290 0.212130 0.027860 0.033210 0.378300 0.072730
  8      8(1)a  6.03900  0.01800 0.030870 0.321030 0.136830 0.008860 0.037600 0.237400 0.048650
  9      9(1)a  6.11900  0.02700 0.030230 0.125390 0.172480 0.003460 0.005380 0.362710 0.071050
 10     10(1)a  6.42100  0.01900 0.006940 0.061360 0.031080 0.001330 0.043300 0.025750 0.046970
