3
     1(1)a  0.95326  0.07389  0.04576  0.00707  0.33895  0.21364  0.03252  0.12285  0.07607  0.01175
     2(1)a  0.94494  0.57218  0.23432  0.02914  0.04404  0.01834  0.00223  0.00044  0.00030  0.00005
     3(1)a  0.95372  0.00239  0.01967  0.00062  0.43292  0.38385  0.04897  0.00207  0.03023  0.00079
     4(1)a  0.90240  0.47503  0.23040  0.03405  0.06568  0.02932  0.00424  0.00126  0.00055  0.00008
     5(1)a  0.95563  0.01438  0.08938  0.00261  0.14098  0.47254  0.01197  0.00365  0.18574  0.00362
     6(1)a  0.94253  0.51885  0.21315  0.02575  0.01389  0.01282  0.00133  0.00097  0.00440  0.00025
     7(1)a  0.92727  0.03321  0.05891  0.00794  0.11885  0.37830  0.05691  0.00744  0.15322  0.02786
     8(1)a  0.95135  0.03760  0.04352  0.00525  0.22132  0.23740  0.02562  0.09971  0.09331  0.00886
     9(1)a  0.92895  0.00538  0.07566  0.00605  0.07230  0.36271  0.02418  0.05309  0.09682  0.00346
    10(1)a  0.95303  0.04330  0.02223  0.00311  0.04577  0.02575  0.00383  0.01559  0.00885  0.00133
