$coord
    2.62715396172161      0.00000000000000      0.00000000000000      c
    0.00000000000000      0.00000000000000      0.00000000000000      c
   -1.34248034206329      2.25824162605967      0.00000000000000      c
   -0.06302236653174      4.51094635454999      0.00056691783987      c
    2.59336565846561      4.55873752845067      0.00249443849541      c
    3.90971108811109      2.25090948866408      0.00056691783987      c
    3.63910230588187     -1.77057890020720      0.00147398638365      h
   -3.38155153123089      2.22333838438527      0.00147398638365      h
   -1.09938597232888      6.27304038442054     -0.00066140414651      h
    5.95399792140545      2.26052819468046     -0.00058581510119      h
   -1.34232916397266     -2.35962543308899      0.00300466455129      n
   -3.65236818333473     -2.32113171176211      0.00430857558298      o
   -0.12880373321749     -4.32558311817524      0.00430857558298      o
    3.85736567423016      6.78060192645229     -0.03705752946589      n
    2.92680783461328      8.41653783969139      0.21238632007502      h
    5.73909826557370      6.81669569559041      0.21240521733635      h
   -3.14382398371387     -8.24183265870612     -2.02514390756823      o
   -2.15504368194279     -6.98223570483119     -1.02160484469931      h
   -4.34281742050715     -7.33389484089988     -3.16937308103049      h
    8.99305548831214      8.11979414504436      0.31017964745185      o
    9.97971929681440      9.40408981947610     -0.66365292060811      h
    8.33414578029758      8.90367144222665      1.89847556488090      h
   -7.65832302339369     -5.27864759603478      1.57905515663924      o
   -7.81585059383103     -6.04530948814649      3.29914057457574      h
   -5.86678706037278     -4.75396513523908      1.28510825666888      h
    2.00241050218961     11.85670867556439      0.30974501044129      o
    1.11399355533609     12.35888449811742      1.90030859922980      h
    3.41084228629061     13.06874122267459     -0.03452529644782      h
   -6.71914803261085     -4.76793021136111     -4.42341424007473      o
   -8.47457132923231     -5.42060382313715     -4.67586275416692      h
   -6.60071889586291     -3.91328267050225     -2.74208710512371      h
    9.70865698031328     -1.43940439541899     -0.76635953593044      o
    9.66825463559219      0.34942925923188     -1.37443561097039      h
   10.78544182809285     -2.47404835043521     -1.92451599099207      h
    6.78594985140836     -6.34350827191584      0.53995144794941      o
    7.23589364364843     -4.51816510837761      0.34795527284823      h
    8.36649789169258     -7.37422159657566      0.64377300169015      h
   -6.91721022859860      4.49892769634484     -4.33302863913881      o
   -7.08371399816715      4.27236843027318     -2.46425956906687      h
   -7.90744561949200      3.15637176523623     -5.22091646267513      h
   -4.76932860869944      6.33466435361394      3.95170080278381      o
   -5.91304755610582      5.52115615066800      2.68622680063561      h
   -4.86039451104320      5.38664544452920      5.58393285280246      h
   -1.09796867772922     10.00466368176849      4.88562235491723      o
   -2.37820144097525      8.77586926385960      4.23578333234051      h
    0.49832078124194      9.08612450035676      5.30912887855823      h
   10.97314832487238      3.69186345951204     -1.97570867193194      o
   10.39356931991635      4.97544103801328     -0.71562038926246      h
   12.67467663218394      4.18147260328138     -2.63631913346610      h
   -2.78301857316202     10.99584393572834     -1.90491953099404      o
   -1.39724460539432     11.41339782205075     -0.68980673028725      h
   -4.45625768026428     11.28580351355831     -1.07578329292914      h
    9.59122939841577      1.09575769815374      3.57146900758589      o
   10.82977480317035      2.49258656379882      3.86500016780702      h
   10.27755903261850     -0.09167061470628      2.27133742816057      h
   -2.01004499576647      1.77280877704401     -6.09000151118923      o
   -0.59715345799186      3.01394310660064     -6.27612063801714      h
   -3.52135347054177      2.64340560646442     -5.36249474455092      h
   -2.19108075929692     -3.26542786036506     -6.09616201838244      o
   -3.85392637266831     -3.78754029362004     -5.36563168993151      h
   -1.93419138879244     -1.41402537345434     -5.81750300282712      h
    3.27824020354603     -6.45366040820175      4.60499802418371      o
    4.19248970663610     -5.23924680616412      5.72774101151506      h
    4.13026102508018     -6.51668277473348      2.91932451912706      h
    7.63757383045460      4.67841388444632     -5.88001514330298      o
    6.85785393076466      6.30087605035794     -5.30476361119126      h
    8.91202403173401      4.10614811962456     -4.60745466815646      h
$user-defined bonds
$end
