Header
  1      1(1)a  3.24800  0.45500 0.043050 0.459200 0.121560 0.012070 0.071060 0.227160 0.044110
  2      2(1)a  3.93700  0.00000 0.037720 0.040690 0.247270 0.000030 0.491160 0.020530 0.103080
  3      3(1)a  4.42700  0.00000 0.043720 0.400960 0.075790 0.001090 0.002610 0.402940 0.047620
  4      4(1)a  4.64500  0.00000 0.036000 0.068020 0.224790 0.000090 0.439170 0.032670 0.110840
  5      5(1)a  5.01200  0.04700 0.014600 0.191270 0.229500 0.002830 0.016950 0.461100 0.049820
  6      6(1)a  5.82000  0.18400 0.039610 0.038880 0.229730 0.004790 0.415450 0.059650 0.098890
  7      7(1)a  5.82600  0.05300 0.062560 0.157860 0.193400 0.025520 0.096180 0.290800 0.086900
  8      8(1)a  6.17100  0.04000 0.041640 0.335190 0.125750 0.007900 0.025480 0.232400 0.048170
  9      9(1)a  6.22700  0.01000 0.039090 0.156410 0.173940 0.009330 0.013070 0.355580 0.048700
 10     10(1)a  6.42800  0.00200 0.003420 0.008690 0.020390 0.000200 0.034330 0.004090 0.048780
