3
     1(1)a  0.95589  0.07106  0.04606  0.00736  0.34262  0.22716  0.03569  0.11658  0.07550  0.01207
     2(1)a  0.89692  0.49116  0.24695  0.03486  0.03977  0.02053  0.00286  0.00092  0.00032  0.00003
     3(1)a  0.95238  0.00261  0.02960  0.00080  0.39863  0.40294  0.04292  0.00233  0.04619  0.00109
     4(1)a  0.88916  0.43917  0.22417  0.03154  0.06691  0.03267  0.00446  0.00111  0.00062  0.00009
     5(1)a  0.95018  0.01695  0.07467  0.00244  0.18777  0.46110  0.01216  0.00350  0.15483  0.00283
     6(1)a  0.90111  0.41545  0.20467  0.02934  0.03745  0.05965  0.01027  0.00143  0.02506  0.00479
     7(1)a  0.91310  0.09618  0.07516  0.01175  0.14944  0.29080  0.05081  0.00842  0.11824  0.02552
     8(1)a  0.95183  0.02548  0.04576  0.00786  0.20675  0.23240  0.03378  0.12844  0.07999  0.00790
     9(1)a  0.95130  0.01307  0.06816  0.00653  0.10117  0.35558  0.03256  0.05524  0.10578  0.00933
    10(1)a  0.95122  0.03433  0.01905  0.00279  0.00626  0.00409  0.00063  0.00243  0.00134  0.00020
