Header
  1      1(1)a  3.70600  0.00000 0.030280 0.049590 0.245540 0.000110 0.535730 0.022260 0.088200
  2      2(1)a  4.23300  0.40600 0.044890 0.412310 0.133440 0.012540 0.049680 0.279260 0.048200
  3      3(1)a  4.42900  0.00000 0.030360 0.059880 0.249430 0.000090 0.524370 0.025120 0.079270
  4      4(1)a  4.63100  0.01100 0.029400 0.082950 0.202840 0.002620 0.001550 0.595650 0.048900
  5      5(1)a  5.53900  0.01000 0.043800 0.239740 0.158890 0.001020 0.182710 0.279100 0.063550
  6      6(1)a  5.96100  0.28000 0.044970 0.117370 0.236360 0.002400 0.326700 0.143720 0.092070
  7      7(1)a  5.99400  0.00900 0.261270 0.009810 0.106580 0.099890 0.003260 0.190600 0.097400
  8      8(1)a  6.22600  0.00200 0.053210 0.208960 0.130080 0.015600 0.030700 0.311850 0.163410
  9      9(1)a  6.41700  0.00900 0.095620 0.079990 0.179380 0.023700 0.009000 0.420550 0.070870
 10     10(1)a  6.52000  0.00000 0.019690 0.002050 0.809170 0.000070 0.018640 0.067080 0.049490
