3
     1(1)a  0.91180  0.53573  0.24407  0.02785  0.04706  0.02226  0.00243  0.00253  0.00147  0.00011
     2(1)a  0.95180  0.04968  0.04382  0.00613  0.31066  0.27926  0.03876  0.10165  0.08962  0.01254
     3(1)a  0.92073  0.52437  0.24903  0.02772  0.05907  0.02512  0.00264  0.00081  0.00040  0.00009
     4(1)a  0.95110  0.00155  0.06909  0.00146  0.08083  0.59565  0.02794  0.00212  0.13375  0.00262
     5(1)a  0.93645  0.18271  0.12653  0.01469  0.23822  0.27910  0.02911  0.00152  0.03236  0.00102
     6(1)a  0.90793  0.32670  0.21330  0.02738  0.11619  0.14372  0.01759  0.00118  0.02306  0.00240
     7(1)a  0.90260  0.00326  0.02889  0.03099  0.00786  0.19060  0.23028  0.00195  0.07769  0.09989
     8(1)a  0.83659  0.03070  0.03782  0.00602  0.17506  0.31185  0.04719  0.03390  0.09226  0.01560
     9(1)a  0.92913  0.00900  0.06063  0.01209  0.06237  0.42055  0.08353  0.01762  0.11875  0.02370
    10(1)a  0.95051  0.01864  0.80741  0.01804  0.00190  0.06708  0.00165  0.00015  0.00176  0.00007
