$coord
    2.61980292706468      0.00000000000000      0.00000000000000      c
    0.00000000000000      0.00000000000000      0.00000000000000      c
   -1.34720465739550      2.24684657747837      0.00000000000000      c
   -0.06734983937604      4.50578740220721      0.00024566439728      c
    2.58047772623933      4.55601632281931      0.00156847269030      c
    3.89895854641497      2.25931876995542      0.00024566439728      c
    3.62632775722356     -1.77388592093975      0.00160626721295      h
   -3.38618136025646      2.19784597885265      0.00158736995162      h
   -1.10855114407338      6.26582163059291     -0.00398732214039      h
    5.94392568111717      2.27145081172854     -0.00394952761773      h
   -1.34909438352839     -2.38186750967305      0.00328812347122      n
   -3.65049735446317     -2.32950319853079      0.00481880163886      o
   -0.12067791084608     -4.32872006355583      0.00476210985487      o
    3.85103509168499      6.79931021516786     -0.06266331856649      n
    2.91080185426774      8.40134444158299      0.33024853898310      h
    5.70852249674361      6.81673349011307      0.33021074446044      h
    1.18882671019836     10.68553200744718      4.93619142623325      c
   -1.04949720242070      9.30848857441342      6.14159103461701      c
   -1.57168522472099     10.23641969470558      8.82972645864684      c
    0.79111494827125     10.12500144191065     10.49242089392760      c
    3.02945775815163     11.50206377220574      9.28704018280516      c
    3.55164578045192     10.57413265191358      6.59888586151401      c
    0.67453774313353     12.65632739143362      4.65668203391813      h
    1.61284345989524      9.79637806740183      3.13169194194075      h
   -2.72226387798974      9.64365040134201      4.99433829934214      h
   -0.62385528824954      7.29827350329499      6.21152979879511      h
   -2.21910539784761     12.18553991994782      8.73777238502062      h
   -3.02101068233763      9.04237734038046      9.66695072456049      h
    1.30542281259740      8.15422495518554     10.77193028624272      h
    0.36711709583569     11.01417427921733     12.29693927548143      h
    2.60381584398047     13.51227884332418      9.21708252136574      h
    4.70220553645935     11.16690194527714     10.43429291808004      h
    4.19904705631721      8.62501242667134      6.69083993514022      h
    5.00097123806857     11.76817500623870      5.76168049286168      h
   10.76818862849960      9.42395084113273      0.72321708831666      c
   10.16370303311214      9.14943032580843      3.53728386184199      c
   12.55363967337261      9.16122221687764      5.16452703486982      c
   14.48027215763352      7.19768338124148      4.27414477283809      c
   15.08473885575965      7.47218499930445      1.46009689657409      c
   12.69482111276050      7.46041200549657     -0.16716517371506      c
   11.54377002795853     11.29993866503229      0.39773065918844      h
    9.03209723021756      9.17412904636525     -0.34914580031195      h
    8.97134253504529     10.72338322188888      4.10975749653837      h
    9.18025175903580      7.36741858249727      3.82728123419462      h
   13.41518471461651     11.02460556747086      5.05316547385887      h
   12.02874934270230      8.73327483682436      7.10576710213792      h
   13.70467186091326      5.32167666008059      4.59963120196631      h
   16.21634465865423      7.44750517600896      5.34652655872804      h
   16.06819012983599      9.25421563987694      1.17009952422146      h
   16.27709935382650      5.89825100048533      0.88760436461639      h
   11.83325717425528      5.59702865490336     -0.05578471544278      h
   13.21967364890816      7.88837828281118     -2.10840524098317      h
   -7.09361616310347     12.00380495774821     -5.01026869064236      c
   -7.58400009458729      9.22105094624480     -4.39760058109951      c
   -8.29438594246166      8.83210751357428     -1.62198973437841      c
   -6.35316477245489     10.00944468888469      0.16837459844011      c
   -5.86278084097106     12.79221759764943     -0.44431240836407      c
   -5.15241389035802     13.18114213305862     -3.21990435782385      c
   -8.86217305634849     13.03712610447141     -4.83316355746832      h
   -6.37929968487270     12.13718182820728     -6.93340518155743      h
   -9.13340544820156      8.55280599113378     -5.57219765351724      h
   -5.87472391013090      8.14976520151193     -4.79463204161878      h
  -10.12078735263431      9.71249312436304     -1.28165005784570      h
   -8.39490047546985      6.81323749676723     -1.24633107642207      h
   -4.58460787920987      8.97614243942282     -0.00873053473393      h
   -7.06748125068566      9.87608671568695      2.09149219209384      h
   -7.57203812816613     13.86352223964363     -0.04728094784480      h
   -4.31337548735680     13.46048145002178      0.73028466405366      h
   -3.32599358292405     12.30075652226986     -3.56024403435655      h
   -5.05188046008851     15.20003104712700     -3.59554411851886      h
    5.65407948685517     14.14841735143747     -7.01005247350727      c
    6.67218833820864     14.16667210588114     -4.30407803478300      c
    4.75012899118933     13.11623004039400     -2.41671405956346      c
    2.19213900593133     14.44856255312370     -2.62052102299518      c
    1.17406794910052     14.43030779868002     -5.32649546171945      c
    3.09610839885851     15.48076876142849     -7.21385943693898      c
    5.42793596053275     12.19617907807597     -7.61385776748689      h
    6.99907316467520     15.11918856316215     -8.22471173994217      h
    8.36668686430587     13.00462281498578     -4.23160703758683      h
    7.11411969164528     16.10536104286985     -3.78139868368816      h
    4.48050286654920     11.11425417521495     -2.79906234803022      h
    5.48198212793328     13.38663095274861     -0.51449683693945      h
    2.41828253225376     16.40081972374653     -2.01671572901556      h
    0.84718312263396     13.47779134139901     -1.40588065382160      h
    0.73211769840256     12.49161886169131     -5.84917481281429      h
   -0.52043057699671     15.59235708957539     -5.39894756165428      h
    3.36571562623730     17.48274462660754     -6.83151114847223      h
    2.36425526211456     15.21036784907388     -9.11607665956300      h
   12.47532942242584     -1.23584309638455     -0.05398947561654      c
   10.02639553229667     -2.71324988433588      0.36978160968306      c
    8.84830246653310     -2.14058727702621      2.94740584946174      c
   10.73126337986302     -2.52248203122107      5.10811870980318      c
   13.18019726999218     -1.04507524326975      4.68434762450358      c
   14.35829033575575     -1.61775674784074      2.10670448746357      c
   12.02139830804537      0.76518790572805     -0.18383255820712      h
   13.34059722415151     -1.88568211896127     -1.80198614853576      h
    8.68295142990561     -2.19285710186183     -1.09679704752683      h
   10.44636826806918     -4.72346495545431      0.27144026172769      h
    8.21951499307674     -0.18320894858326      2.96212681603692      h
    7.25242874731118     -3.40432273113216      3.23564577651078      h
   11.18517559698215     -4.52351303333368      5.23794289513243      h
    9.86597668087601     -1.87266190590569      6.85609648546107      h
   12.76020563695835      0.96513982784868      4.78268897245895      h
   14.52362247512191     -1.56546802574380      6.15092628171347      h
   14.98705891195079     -3.57513507628369      2.09198352088839      h
   15.95416405497767     -0.35400239647347      1.81848345767585      h
   -4.86264328514134     -1.19814306003348      7.23372045859561      c
   -6.39271674041619      0.46808516311577      5.43320829644350      c
   -5.85618569676729      3.27988426528164      5.84027420272840      c
   -6.20831726436920      4.06128602122985      8.60169320619153      c
   -4.67820601457170      2.39503890081926     10.40222426560497      c
   -5.21475595548192     -0.41676020134660      9.99513946205875      c
   -2.87096642738651     -1.02980625611603      6.75212375362971      h
   -5.48649857339087     -3.14514679200689      7.01721453555090      h
   -5.89403691120899     -0.02273340537861      3.50007515428547      h
   -8.39323751647291      0.12664944542600      5.76213402713357      h
   -3.91245119100378      3.66408448535862      5.29147883647708      h
   -7.15431416649176      4.37142787415904      4.67805483648107      h
   -8.19999412212403      3.89293032005107      9.08328991115744      h
   -5.58444307885834      6.00828975320326      8.81819912923624      h
   -2.67770413577630      2.73649351577037     10.07327963765356      h
   -5.17692363830155      2.88585746931365     12.33533851050167      h
   -7.15847156398411     -0.80094152416225     10.54395372557139      h
   -3.91662748575746     -1.50830381022400     11.15737772556740      h
$user-defined bonds
$end
