Header
  1      1(1)a  3.71800  0.00000 0.030380 0.046430 0.223830 0.000040 0.551480 0.018120 0.091040
  2      2(1)a  4.25900  0.46800 0.041790 0.435650 0.131040 0.012170 0.052710 0.268780 0.047700
  3      3(1)a  4.43400  0.00100 0.029580 0.065500 0.220060 0.000040 0.546790 0.022960 0.072730
  4      4(1)a  4.65400  0.01400 0.035800 0.088510 0.203570 0.003950 0.001520 0.598300 0.049630
  5      5(1)a  5.55600  0.01900 0.046730 0.230000 0.158770 0.002490 0.206140 0.274150 0.055440
  6      6(1)a  5.64700  0.00000 0.257150 0.007890 0.182770 0.129890 0.003270 0.269180 0.049630
  7      7(1)a  5.95000  0.32700 0.041580 0.136220 0.201170 0.001480 0.326430 0.156850 0.074380
  8      8(1)a  6.26800  0.00700 0.061000 0.226630 0.156700 0.022630 0.038570 0.352570 0.098320
  9      9(1)a  6.57700  0.00200 0.197280 0.021540 0.160290 0.088320 0.002910 0.282240 0.074070
 10     10(1)a  6.64600  0.00300 0.090330 0.071480 0.205350 0.032030 0.008190 0.398610 0.061950
