3
     1(1)a  0.90896  0.55148  0.22346  0.02813  0.04535  0.01812  0.00225  0.00108  0.00037  0.00004
     2(1)a  0.95230  0.05271  0.04251  0.00583  0.32594  0.26878  0.03596  0.10971  0.08853  0.01217
     3(1)a  0.92727  0.54679  0.21980  0.02705  0.06522  0.02296  0.00253  0.00028  0.00026  0.00004
     4(1)a  0.95037  0.00152  0.06848  0.00209  0.08636  0.59830  0.03371  0.00215  0.13509  0.00395
     5(1)a  0.94456  0.20614  0.11993  0.01507  0.22824  0.27415  0.03166  0.00176  0.03884  0.00249
     6(1)a  0.95037  0.00327  0.03623  0.02787  0.00600  0.26918  0.22928  0.00189  0.14654  0.12989
     7(1)a  0.92562  0.32643  0.16935  0.02246  0.13496  0.15685  0.01912  0.00126  0.03182  0.00148
     8(1)a  0.90168  0.03857  0.03746  0.00589  0.20134  0.35257  0.05511  0.02529  0.11924  0.02263
     9(1)a  0.92593  0.00291  0.03825  0.02159  0.01727  0.28224  0.17569  0.00427  0.12204  0.08832
    10(1)a  0.93805  0.00819  0.05499  0.01013  0.05262  0.39861  0.08020  0.01886  0.15036  0.03203
