$coord
    2.62528313285005      0.00000000000000      0.00000000000000      c
    0.00000000000000      0.00000000000000      0.00000000000000      c
   -1.34389763666295      2.25523696150838      0.00000000000000      c
   -0.06438296934741      4.50958575173431      0.00026456165860      c
    2.58983187059712      4.55815171334947      0.00175744530358      c
    3.90687649891177      2.25319605728487      0.00026456165860      c
    3.63639999751184     -1.77107022900175      0.00183303434890      h
   -3.38296882583055      2.21721567171473      0.00181413708757      h
   -1.10210717796024      6.27111286376499     -0.00145508912232      h
    5.95135230481941      2.26343837292511     -0.00145508912232      h
   -1.34389763666295     -2.36523791970366      0.00332591799388      n
   -3.65178236823353     -2.32379622560948      0.00479990437753      o
   -0.12687621256194     -4.32660357028700      0.00468652080956      o
    3.85549484535860      6.78559080344311     -0.04663844095962      n
    2.92219690284904      8.41213477780177      0.25044540439133      h
    5.73051890893040      6.81652562023845      0.25042650713001      h
   -5.43734679667452      4.81148839872412     -9.47608838513904      cl
   -5.37702673851281      6.75913463758271     -6.68110784555586      c
   -6.50453183569903      8.45310404036273     -6.99960228799241      h
   -6.15500809016050      5.70470524995518     -5.09201824315100      h
   -2.64952831913497      7.51491170716900     -6.09196682636744      c
   -1.52202322194875      5.82092340712765     -5.77347238393089      h
   -1.87154696748728      8.56932219753520     -7.68105642877230      h
   -2.58918936371193      9.46253904876625     -3.29696738952292      cl
   -4.14356469705569     -5.17469376146474      9.39174990782836      cl
   -5.11369340189519     -1.95507286256083      8.84242541825983      c
   -7.17066029754122     -1.85011747314036      8.82889497914837      h
   -4.37413018252907     -0.74961656239308     10.33980661143576      h
   -4.08743983090899     -1.06123240170592      6.29186205670408      c
   -2.03047293526297     -1.16618779112639      6.30539249581554      h
   -4.82702194753644     -2.26668870187367      4.79446196626682      h
   -5.05758743300982      2.15838849719800      5.74253756713555      cl
    1.02589452302096     12.63828050686456      1.99194141941343      cl
    0.52300060453743     14.55174159997925     -0.78204426283339      c
    0.57729243633524     13.35771814291546     -2.45938407564402      h
   -1.31341635413951     15.47577988443767     -0.65565937906600      h
    2.59888365877364     16.55592844473378     -0.95954623849534      c
    2.54459182697583     17.74997079905890      0.71779357431528      h
    4.43530061745058     15.63189016027536     -1.08593112226273      h
    2.09597084302878     18.46938953784847     -3.73351302348084      cl
    2.76017178421543      0.13753426795142      8.46480144512529      cl
    2.07178234852785      3.08102838431808      6.89281386422304      c
    2.92733695793049      3.07585053471397      5.01924488977357      h
    0.03195526890710      3.30488534201971      6.71602998449159      h
    3.15053251148562      5.27371541082795      8.43753269702775      c
    2.29497790208297      5.27889326043206     10.31113946599988      h
    5.19037848836769      5.04985845312632      8.61435437128186      h
    2.46214307579803      8.21720952719462      6.86554511612550      cl
   11.27478641020359      2.99487576991982      0.15595909774705      cl
   12.73431638893781      0.59913767043139     -1.77787324308014      c
   13.37262808210392      1.43885637484046     -3.54697815690369      h
   14.34595042410800     -0.20361799081843     -0.77758450915978      h
   10.81392000091544     -1.48727115836499     -2.34038802105621      c
   10.17560830774932     -2.32698986277405     -0.57128310723266      h
    9.20230486300657     -0.68449659985384     -3.34065785771524      h
   12.27343108238833     -3.88300925785342     -4.27422036188341      cl
$user-defined bonds
$end
