$point_charges nocheck
  2.80963  -12.92372   2.85883  -0.200000
  3.37172   -9.58792   2.45179  -0.006000
  3.89856   -9.21353   0.49617   0.103000
  1.65927   -8.54111   2.91445   0.103000
  5.51428   -8.75102   4.20298  -0.006000
  4.98744   -9.12537   6.15862   0.103000
  7.22671   -9.79781   3.74033   0.103000
  6.07638   -5.41522   3.79595  -0.200000
 -5.58936   15.22371   3.79620  -0.200000
 -6.54284   12.44868   2.06437  -0.006000
 -8.59873   12.37313   1.96556   0.103000
 -5.76586   12.52756   0.15849   0.103000
 -5.55632   10.08736   3.40914  -0.006000
 -3.50042   10.16291   3.50794   0.103000
 -6.33328   10.00848   5.31501   0.103000
 -6.50979    7.31231   1.67730  -0.200000
 -4.35070  -10.83798   3.28219  -0.200000
 -6.56451   -8.25158   3.42023  -0.006000
 -5.57724   -6.53101   3.97451   0.103000
 -7.42458   -7.98379   1.56798   0.103000
 -8.62316   -8.84774   5.36036  -0.006000
 -9.61041  -10.56831   4.80612   0.103000
 -7.76307   -9.11553   7.21263   0.103000
-10.83696   -6.26132   5.49842  -0.200000
 17.67245    9.96434  -2.97037  -0.200000
 14.38295    9.66172  -3.80517  -0.006000
 14.14103   10.07944  -5.80749   0.103000
 13.75129    7.73883  -3.42330   0.103000
 12.81635   11.51867  -2.23827  -0.006000
 13.05831   11.10093  -0.23595   0.103000
 13.44803   13.44155  -2.62014   0.103000
  9.52685   11.21602  -3.07309  -0.200000
  8.24625    8.81625  10.64075  -0.200000
 11.31585    8.50244   9.19556  -0.006000
 12.12448   10.37150   8.88742   0.103000
 12.55073    7.41536  10.43473   0.103000
 11.05252    7.13767   6.66068  -0.006000
 10.24388    5.26861   6.96882   0.103000
  9.81764    8.22475   5.42151   0.103000
 14.12211    6.82386   5.21549  -0.200000
 -3.49004   -6.55907 -11.84962  -0.200000
 -1.22248   -5.59223  -9.49748  -0.006000
 -1.43470   -6.76310  -7.81636   0.103000
  0.68263   -5.80906 -10.24972   0.103000
 -1.67437   -2.82215  -8.80461  -0.006000
 -1.46218   -1.65128 -10.48575   0.103000
 -3.57948   -2.60533  -8.05239   0.103000
  0.59317   -1.85531  -6.45247  -0.200000
 -7.00251  -13.32724  -7.37377  -0.200000
 -4.36659  -13.35736  -5.21504  -0.006000
 -4.83927  -14.50223  -3.56945   0.103000
 -2.71705  -14.15479  -6.15593   0.103000
 -3.78095  -10.65494  -4.37150  -0.006000
 -3.30825   -9.51005  -6.01710   0.103000
 -5.43047   -9.85749  -3.43061   0.103000
 -1.14500  -10.68504  -2.21277  -0.200000
-13.63572   -9.14533  -2.04805  -0.200000
-14.41619   -6.01923  -0.93999  -0.006000
-16.05836   -5.31680  -1.96567   0.103000
-14.84282   -6.09064   1.07372   0.103000
-12.17335   -4.25066  -1.38664  -0.006000
-10.53120   -4.95307  -0.36090   0.103000
-11.74675   -4.17924  -3.40034   0.103000
-12.95383   -1.12456  -0.27856  -0.200000
  6.29353   -5.54073  -8.75659  -0.200000
  6.14596   -8.93241  -8.46641  -0.006000
  4.53691   -9.64422  -9.53713   0.103000
  7.88186   -9.76117  -9.20259   0.103000
  5.84245   -9.64907  -5.68220  -0.006000
  7.45149   -8.93727  -4.61148   0.103000
  4.10653   -8.82033  -4.94602   0.103000
  5.69488  -13.04074  -5.39203  -0.200000
  5.30061    3.26216  -8.23586  -0.200000
  7.62663    5.51817  -9.28904  -0.006000
  7.43702    5.80322 -11.32001   0.103000
  7.33741    7.30922  -8.31393   0.103000
 10.27454    4.51828  -8.70037  -0.006000
 10.46413    4.23323  -6.66937   0.103000
 10.56376    2.72723  -9.67547   0.103000
 12.60054    6.77431  -9.75352  -0.200000
 12.45193   -2.65223   5.83850  -0.200000
 10.08316   -2.67757   8.28745  -0.006000
  8.22061   -2.42794   7.44437   0.103000
 10.14881   -4.47655   9.28825   0.103000
 10.59524   -0.52302  10.14575  -0.006000
 12.45781   -0.77265  10.98883   0.103000
 10.52961    1.27598   9.14497   0.103000
  8.22649   -0.54834  12.59468  -0.200000
  6.67406   17.30464  -8.27812  -0.200000
  5.47425   14.13791  -8.65449  -0.006000
  7.04804   12.83062  -8.89211   0.103000
  4.38964   13.61115  -6.98465   0.103000
  3.76828   14.02458 -10.98570  -0.006000
  2.19448   15.33190 -10.74806   0.103000
  4.85289   14.55134 -12.65553   0.103000
  2.56846   10.85786 -11.36207  -0.200000
-13.11154    4.65109   3.56971  -0.200000
-12.46048    2.18209   5.82570  -0.006000
-12.93646    0.35546   5.00163   0.103000
-10.46128    2.21279   6.32002   0.103000
-14.04694    2.60767   8.20472  -0.006000
-13.57095    4.43430   9.02877   0.103000
-16.04614    2.57698   7.71038   0.103000
-13.39585    0.13867  10.46069  -0.200000
-12.29941  -10.88492 -13.18823  -0.200000
-11.92007   -8.80745 -10.51434  -0.006000
-13.42637   -7.40274 -10.51655   0.103000
-12.00683   -9.90513  -8.77370   0.103000
 -9.36049   -7.47440 -10.68523  -0.006000
 -7.85419   -8.87912 -10.68302   0.103000
 -9.27376   -6.37673 -12.42589   0.103000
 -8.98115   -5.39693  -8.01134  -0.200000
 17.06009   -6.12789   2.21225  -0.200000
 15.19705   -8.27751   0.33664  -0.006000
 14.38357   -7.26609  -1.26266   0.103000
 16.39593   -9.80352  -0.35345   0.103000
 13.07356   -9.38024   1.95914  -0.006000
 13.88701  -10.39166   3.55841   0.103000
 11.87464   -7.85423   2.64921   0.103000
 11.21048  -11.52986   0.08353  -0.200000
  2.54943   -3.09615  17.23073  -0.200000
  2.03280   -3.71082  13.91950  -0.006000
  0.01931   -3.58740  13.50372   0.103000
  3.05310   -2.31919  12.79500   0.103000
  2.98904   -6.36078  13.27064  -0.006000
  5.00254   -6.48420  13.68642   0.103000
  1.96875   -7.75241  14.39514   0.103000
  2.47240   -6.97543   9.95939  -0.200000
 -2.90356    4.41440  12.64299  -0.200000
 -4.82617    7.16303  12.04483  -0.006000
 -4.71768    8.44127  13.65620   0.103000
 -4.14256    8.12554  10.35712   0.103000
 -7.57138    6.35014  11.64410  -0.006000
 -7.67987    5.07189  10.03271   0.103000
 -8.25499    5.38763  13.33183   0.103000
 -9.49397    9.09877  11.04594  -0.200000
 -3.83934   20.75806  11.23556  -0.200000
 -1.60840   18.58725   9.84999  -0.006000
 -0.12979   18.15569  11.21736   0.103000
 -2.57955   16.85086   9.31728   0.103000
 -0.42649   19.78868   7.50112  -0.006000
 -1.90509   20.22024   6.13375   0.103000
  0.54468   21.52510   8.03383   0.103000
  1.80444   17.61790   6.11557  -0.200000
-12.92652    7.34977  -4.34435  -0.200000
-13.59490    9.28205  -1.61876  -0.006000
-15.17480    8.47317  -0.57383   0.103000
-11.93313    9.35490  -0.40400   0.103000
-14.27743   11.95677  -2.47770  -0.006000
-12.69754   12.76563  -3.52260   0.103000
-15.93920   11.88392  -3.69243   0.103000
-14.94581   13.88907   0.24791  -0.200000
 18.81073    1.21727   0.64927  -0.200000
 18.33503    2.44001   3.79376  -0.006000
 18.95101    4.40397   3.86770   0.103000
 16.33657    2.32805   4.27945   0.103000
 19.87264    0.87727   5.67819  -0.006000
 19.25667   -1.08669   5.60427   0.103000
 21.87112    0.98925   5.19251   0.103000
 19.39694    2.10001   8.82268  -0.200000
 -4.12187   20.16077  -2.55361  -0.200000
 -5.50269   18.54638  -5.21753  -0.006000
 -6.24672   19.93022  -6.54930   0.103000
 -4.06520   17.40156  -6.14766   0.103000
 -7.64942   16.83963  -4.30300  -0.006000
 -6.90542   15.45579  -2.97124   0.103000
 -9.08692   17.98445  -3.37288   0.103000
 -9.03025   15.22524  -6.96691  -0.200000
  3.25685   22.80257   1.48124  -0.200000
  6.12649   21.64490   2.90740  -0.006000
  5.97463   21.77195   4.95753   0.103000
  6.42172   19.68120   2.36074   0.103000
  8.36215   23.24136   2.00696  -0.006000
  8.51401   23.11432  -0.04316   0.103000
  8.06690   25.20507   2.55361   0.103000
 11.23181   22.08368   3.43312  -0.200000
 -5.02280  -18.81568   4.23654  -0.200000
 -6.30392  -17.08896   1.59336  -0.006000
 -4.92746  -15.69903   0.94855   0.103000
 -6.72990  -18.39650   0.06002   0.103000
 -8.72674  -15.73838   2.40781  -0.006000
-10.10318  -17.12831   3.05263   0.103000
 -8.30075  -14.43084   3.94118   0.103000
-10.00784  -14.01166  -0.23537  -0.200000
 10.24226   17.87598  -3.27977  -0.200000
 12.00501   20.78181  -3.52003  -0.006000
 10.70046   22.36100  -3.73574   0.103000
 13.12855   21.04690  -1.81425   0.103000
 13.75639   20.65937  -5.81686  -0.006000
 15.06095   19.08021  -5.60115   0.103000
 12.63286   20.39428  -7.52262   0.103000
 15.51915   23.56523  -6.05712  -0.200000
 11.43233   16.81380   7.92375  -0.200000
  8.45668   17.70947   9.32098  -0.006000
  6.98724   17.69241   7.87789   0.103000
  7.96943   16.37625  10.81343   0.103000
  8.67775   20.36660  10.43836  -0.006000
 10.14721   20.38366  11.88146   0.103000
  9.16500   21.69982   8.94593   0.103000
  5.70210   21.26229  11.83558  -0.200000
 -0.02315  -11.88810 -10.44760  -0.200000
  0.40580  -14.42532 -12.68097  -0.006000
 -1.42839  -15.02264 -13.40286   0.103000
  1.58011  -13.77455 -14.24296   0.103000
  1.69694  -16.65512 -11.36997  -0.006000
  3.53112  -16.05780 -10.64810   0.103000
  0.52262  -17.30589  -9.80798   0.103000
  2.12590  -19.19234 -13.60334  -0.200000
  4.49997  -12.86146  12.32871  -0.200000
  2.80040  -14.34773   9.77688  -0.006000
  1.14602  -13.21635   9.30238   0.103000
  4.02699  -14.49599   8.12896   0.103000
  1.95791  -16.99072  10.59076  -0.006000
  3.61227  -18.12210  11.06529   0.103000
  0.73132  -16.84245  12.23872   0.103000
  0.25834  -18.47701   8.03897  -0.200000
 -4.25612    9.57834 -17.31675  -0.200000
 -4.21662   10.30014 -13.98705  -0.006000
 -6.01632    9.75758 -13.14499   0.103000
 -2.69042    9.25909 -13.07643   0.103000
 -3.79890   13.13724 -13.62094  -0.006000
 -1.99918   13.67980 -14.46300   0.103000
 -5.32508   14.17829 -14.53158   0.103000
 -3.75938   13.85908 -10.29124  -0.200000
-19.48674    5.20000  -4.57106  -0.200000
-17.94002    2.17984  -4.26207  -0.006000
-16.28704    2.37535  -3.04892   0.103000
-19.24567    0.82114  -3.43051   0.103000
-17.11430    1.24864  -6.87142  -0.006000
-18.76727    1.05311  -8.08455   0.103000
-15.80866    2.60731  -7.70298   0.103000
-15.56758   -1.77154  -6.56243  -0.200000
 11.51055   -7.71685 -13.37197  -0.200000
 13.06829   -5.40755 -11.41000  -0.006000
 12.30206   -5.49941  -9.50037   0.103000
 15.08950   -5.80059 -11.35890   0.103000
 12.62868   -2.76529 -12.49753  -0.006000
 13.39491   -2.67341 -14.40716   0.103000
 10.60749   -2.37223 -12.54861   0.103000
 14.18642   -0.45597 -10.53558  -0.200000
 16.73859   18.18875   0.56078  -0.200000
 17.60864   16.25748   3.22949  -0.006000
 16.15185   14.83826   3.55459   0.103000
 19.40395   15.32379   2.84568   0.103000
 17.87218   17.92205   5.57843  -0.006000
 19.32899   19.34127   5.25334   0.103000
 16.07686   18.85574   5.96226   0.103000
 18.74223   15.99079   8.24714  -0.200000
  0.40160    4.89171 -13.55213  -0.200000
 -0.83331    3.37624 -16.34277  -0.006000
 -1.80064    4.77014 -17.51050   0.103000
  0.71519    2.53953 -17.41250   0.103000
 -2.69825    1.30680 -15.57023  -0.006000
 -1.73091   -0.08710 -14.40247   0.103000
 -4.24672    2.14354 -14.50049   0.103000
 -3.93314   -0.20864 -18.36086  -0.200000
 13.00625   -9.87949  -6.24651  -0.200000
 15.19362  -12.29284  -7.24678  -0.006000
 17.06152  -11.88806  -6.47908   0.103000
 14.55267  -14.12708  -6.56338   0.103000
 15.32798  -12.33473 -10.13432  -0.006000
 13.46010  -12.73953 -10.90202   0.103000
 15.96894  -10.50051 -10.81772   0.103000
 17.51538  -14.74808 -11.13459  -0.200000
  9.48809  -12.35866   7.42532  -0.200000
  9.10823  -15.72908   7.10114  -0.006000
  8.07357  -16.46309   8.72379   0.103000
  8.06110  -16.13968   5.37567   0.103000
 11.70939  -16.98378   6.97025  -0.006000
 12.74405  -16.24977   5.34760   0.103000
 12.75652  -16.57320   8.69573   0.103000
 11.32951  -20.35420   6.64609  -0.200000
  0.44091   12.13161  16.16774  -0.200000
  3.31441   13.47275  14.92128  -0.006000
  4.37668   12.01631  13.92503   0.103000
  2.85139   14.99849  13.61748   0.103000
  4.91300   14.51433  17.09316  -0.006000
  3.85073   15.97077  18.08944   0.103000
  5.37603   12.98856  18.39698   0.103000
  7.78650   15.85546  15.84670  -0.200000
 -5.21481   -7.11484  17.71656  -0.200000
 -3.69115   -8.88625  15.23669  -0.006000
 -3.44824   -7.68321  13.58260   0.103000
 -1.84923   -9.53711  15.88929   0.103000
 -5.32534  -11.16607  14.53717  -0.006000
 -5.56827  -12.36913  16.19125   0.103000
 -7.16728  -10.51523  13.88454   0.103000
 -3.80171  -12.93748  12.05728  -0.200000
 19.80337   -7.24846  -8.98759  -0.200000
 19.82697   -3.88533  -8.44163  -0.006000
 21.53934   -3.07077  -9.24564   0.103000
 18.17697   -3.03307  -9.33236   0.103000
 19.75941   -3.37029  -5.59775  -0.006000
 18.04704   -4.18486  -4.79372   0.103000
 21.40941   -4.22256  -4.70702   0.103000
 19.78301   -0.00716  -5.05179  -0.200000
-16.24511    9.90593  -8.85244  -0.200000
-13.26316    9.99731 -10.49824  -0.006000
-12.24055   11.70625  -9.97292   0.103000
-12.14589    8.34392  -9.98811   0.103000
-13.73617    9.99692 -13.35025  -0.006000
-14.75880    8.28798 -13.87558   0.103000
-14.85346   11.65033 -13.86039   0.103000
-10.75422   10.08830 -14.99605  -0.200000
  8.56974  -19.98013  -3.18542  -0.200000
  7.17894  -19.11082  -0.19889  -0.006000
  8.52095  -17.98197   0.88133   0.103000
  5.46838  -18.01278  -0.53124   0.103000
  6.51545  -21.50030   1.28700  -0.006000
  5.17345  -22.62917   0.20677   0.103000
  8.22603  -22.59835   1.61934   0.103000
  5.12465  -20.63099   4.27352  -0.200000
 18.46941  -10.67274   6.47843  -0.200000
 18.12279   -8.70854   9.24087  -0.006000
 17.64630   -9.88353  10.86400   0.103000
 19.89124   -7.71760   9.60557   0.103000
 16.01401   -6.78194   8.79496  -0.006000
 16.49054   -5.60693   7.17181   0.103000
 14.24562   -7.77286   8.43024   0.103000
 15.66742   -4.81772  11.55739  -0.200000
 14.60341   10.32828 -16.07633  -0.200000
 13.58874   12.29603 -13.48654  -0.006000
 12.64185   13.96940 -14.22503   0.103000
 12.28530   11.24037 -12.29121   0.103000
 15.88766   13.09958 -11.92867  -0.006000
 16.83453   11.42619 -11.19016   0.103000
 17.19110   14.15522 -13.12398   0.103000
 14.87301   15.06732  -9.33886  -0.200000
 -9.40666   -1.65636  15.55347  -0.200000
-11.89955   -3.90489  16.13565  -0.006000
-11.54362   -4.87997  17.91464   0.103000
-13.70412   -2.91774  16.24237   0.103000
-11.98202   -5.83137  13.98172  -0.006000
-12.33793   -4.85627  12.20276   0.103000
-10.17744   -6.81853  13.87503   0.103000
-14.47491   -8.07990  14.56391  -0.200000
  0.65192  -19.41996  -2.35826  -0.200000
 -1.15343  -21.90586  -3.83136  -0.006000
 -1.17853  -23.55801  -2.60174   0.103000
 -3.08220  -21.25766  -4.15056   0.103000
  0.05754  -22.60693  -6.36116  -0.006000
  0.08260  -20.95476  -7.59078   0.103000
  1.98627  -23.25512  -6.04195   0.103000
 -1.74781  -25.09282  -7.83428  -0.200000
-20.01980    9.30645  -0.41262  -0.200000
-19.38931    9.82858   2.89481  -0.006000
-17.51850   10.66170   3.11446   0.103000
-20.80592   11.10649   3.67094   0.103000
-19.49175    7.30700   4.30508  -0.006000
-21.36258    6.47388   4.08546   0.103000
-18.07515    6.02911   3.52897   0.103000
-18.86128    7.82914   7.61252  -0.200000
  7.42160   25.37819  -6.23154  -0.200000
  4.08933   24.67557  -6.12339  -0.006000
  3.68591   23.51103  -4.47317   0.103000
  3.02041   26.43202  -6.00270   0.103000
  3.32734   23.24764  -8.51881  -0.006000
  3.73075   24.41218 -10.16901   0.103000
  4.39624   21.49119  -8.63951   0.103000
 -0.00495   22.54506  -8.41066  -0.200000
-20.97819   -9.57299  -5.99895  -0.200000
-19.18129   -7.04465  -7.40873  -0.006000
-19.96970   -5.23339  -6.82573   0.103000
-17.21960   -7.16998  -6.79364   0.103000
-19.30308   -7.26532 -10.28863  -0.006000
-18.51465   -9.07658 -10.87163   0.103000
-21.26477   -7.13999 -10.90374   0.103000
-17.50618   -4.73696 -11.69841  -0.200000
-21.17593  -15.71808   7.22293  -0.200000
-19.17186  -13.02613   7.81139  -0.006000
-19.97327  -11.89248   9.33279   0.103000
-17.29319  -13.67360   8.35333   0.103000
-18.98288  -11.42294   5.41314  -0.006000
-18.18149  -12.55657   3.89172   0.103000
-20.86156  -10.77546   4.87118   0.103000
-16.97881   -8.73097   6.00158  -0.200000
 -0.51121    4.49974  22.41701  -0.200000
  1.63167    4.36236  19.77152  -0.006000
  3.34066    3.35392  20.32336   0.103000
  0.72749    3.37639  18.20545   0.103000
  2.32104    7.04686  18.94946  -0.006000
  0.61203    8.05532  18.39762   0.103000
  3.22520    8.03285  20.51553   0.103000
  4.46391    6.90948  16.30399  -0.200000
 21.38711    9.36561   3.48598  -0.200000
 21.60749   10.45098   6.70813  -0.006000
 22.15281   12.43702   6.72839   0.103000
 19.78078   10.23062   7.63379   0.103000
 23.59429    8.89279   8.11605  -0.006000
 23.04897    6.90674   8.09581   0.103000
 25.42097    9.11315   7.19043   0.103000
 23.81465    9.97815  11.33824  -0.200000
 10.38843   -6.63097  14.04159  -0.200000
 10.65571   -7.46436  17.33457  -0.006000
 12.46237   -8.39741  17.66268   0.103000
 10.54352   -5.76017  18.48587   0.103000
  8.50296   -9.25507  18.05318  -0.006000
  6.69632   -8.32201  17.72508   0.103000
  8.61515  -10.95926  16.90188   0.103000
  8.77024  -10.08845  21.34618  -0.200000
-15.85110  -13.27606  -7.71401  -0.200000
-14.96056  -15.46017  -5.25520  -0.006000
-14.83067  -17.36067  -6.03837   0.103000
-13.13416  -14.91139  -4.47714   0.103000
-16.95192  -15.41652  -3.15989  -0.006000
-17.08182  -13.51602  -2.37671   0.103000
-18.77834  -15.96531  -3.93796   0.103000
-16.06141  -17.60064  -0.70107  -0.200000
 -6.62975   24.83586   7.07428  -0.200000
 -7.50743   22.14387   5.17902  -0.006000
 -6.52868   22.22968   3.36880   0.103000
 -6.98337   20.41142   6.16194   0.103000
-10.36333   22.17049   4.73144  -0.006000
-11.34208   22.08470   6.54166   0.103000
-10.88739   23.90294   3.74854   0.103000
-11.24102   19.47850   2.83618  -0.200000
-21.84962   -7.37159   0.64084  -0.200000
-23.21510   -4.93702   2.59476  -0.006000
-24.70877   -3.97617   1.55173   0.103000
-24.00279   -5.78474   4.29862   0.103000
-21.17049   -3.02842   3.32592  -0.006000
-19.67681   -3.98927   4.36891   0.103000
-20.38279   -2.18069   1.62205   0.103000
-22.53597   -0.59383   5.27982  -0.200000
 16.51475    2.43888 -19.25512  -0.200000
 13.60442    4.18100 -18.93237  -0.006000
 13.98074    6.19407 -19.15192   0.103000
 12.27320    3.56903 -20.38002   0.103000
 12.47399    3.69264 -16.31682  -0.006000
 12.09769    1.67957 -16.09727   0.103000
 13.80521    4.30461 -14.86918   0.103000
  9.56368    5.43476 -15.99408  -0.200000
-11.82982   18.32855  12.65287  -0.200000
 -9.01919   16.40604  12.76878  -0.006000
 -9.54928   14.41640  12.81888   0.103000
 -7.86927   16.76882  11.09897   0.103000
 -7.50280   17.05826  15.14211  -0.006000
 -6.97269   19.04789  15.09200   0.103000
 -8.65272   16.69548  16.81191   0.103000
 -4.69217   15.13574  15.25805  -0.200000
 13.55493    4.04577  14.89756  -0.200000
 16.92318    4.41463  14.53982  -0.006000
 17.37550    4.70162  12.55105   0.103000
 17.55563    6.04344  15.63026   0.103000
 18.26005    2.03701  15.49768  -0.006000
 17.80772    1.75000  17.48647   0.103000
 17.62759    0.40818  14.40722   0.103000
 21.62829    2.40585  15.13994  -0.200000
 -4.07484   -8.50806 -20.21215  -0.200000
 -1.67035   -6.43076 -18.98226  -0.006000
 -1.01698   -5.17452 -20.47796   0.103000
 -2.45184   -5.31302 -17.43883   0.103000
  0.55157   -8.00085 -18.00476  -0.006000
 -0.10180   -9.25709 -16.50904   0.103000
  1.33307   -9.11859 -19.54818   0.103000
  2.95606   -5.92355 -16.77485  -0.200000
 14.59999   18.97574  15.71812  -0.200000
 14.48150   16.10867  13.88091  -0.006000
 12.56881   15.34562  13.92082   0.103000
 15.01780   16.51709  11.93470   0.103000
 16.31408   14.17183  14.99815  -0.006000
 18.22675   14.93486  14.95824   0.103000
 15.77778   13.76339  16.94436   0.103000
 16.19556   11.30478  13.16094  -0.200000
 -9.57657    3.66529 -16.17832  -0.200000
 -9.21357    3.76836 -19.56460  -0.006000
 -7.29614    4.35737 -20.03244   0.103000
 -9.56889    1.89817 -20.35090   0.103000
-11.09916    5.65527 -20.67888  -0.006000
-13.01657    5.06626 -20.21104   0.103000
-10.74383    7.52544 -19.89258   0.103000
-10.73614    5.75834 -24.06515  -0.200000
 24.11257    1.10806 -14.39459  -0.200000
 22.02136    3.66614 -13.56279  -0.006000
 22.29323    5.23020 -14.87505   0.103000
 20.06899    3.01750 -13.66206   0.103000
 22.60555    4.55288 -10.87392  -0.006000
 22.33367    2.98881  -9.56167   0.103000
 24.55788    5.20151 -10.77465   0.103000
 20.51432    7.11096 -10.04212  -0.200000
 26.01694   -1.26838  -1.37786  -0.200000
 26.06456    2.11593  -0.98661  -0.006000
 27.26036    2.95846  -2.43663   0.103000
 24.14981    2.85466  -1.16054   0.103000
 27.11472    2.76922   1.62637  -0.006000
 25.91894    1.92671   3.07640   0.103000
 29.02946    2.03047   1.80030   0.103000
 27.16234    6.15355   2.01762  -0.200000
 -2.88852   24.28370 -18.19808  -0.200000
  0.03955   22.95169 -17.07487  -0.006000
  1.26462   22.53580 -18.67749   0.103000
  0.97342   24.29876 -15.82763   0.103000
 -0.50601   20.51271 -15.62184  -0.006000
 -1.73105   20.92862 -14.01922   0.103000
 -1.43988   19.16564 -16.86906   0.103000
  2.42208   19.18070 -14.49862  -0.200000
-16.94412   13.99240   6.93546  -0.200000
-16.08918   17.28623   7.10526  -0.006000
-16.55874   18.02264   8.97057   0.103000
-14.06616   17.48885   6.77588   0.103000
-17.54507   18.76468   5.09217  -0.006000
-17.07553   18.02825   3.22688   0.103000
-19.56810   18.56206   5.42155   0.103000
-16.69014   22.05851   5.26198  -0.200000
 12.42274   11.43891  19.23796  -0.200000
 11.13368    8.37064  19.96813  -0.006000
 10.40818    7.50282  18.24680   0.103000
 12.60965    7.17820  20.76928   0.103000
  8.98485    8.65848  21.88055  -0.006000
  9.71034    9.52630  23.60187   0.103000
  7.50886    9.85092  21.07938   0.103000
  7.69578    5.59021  22.61071  -0.200000
  8.89617  -17.99992  -9.44336  -0.200000
  8.45904  -20.69280 -11.48472  -0.006000
  7.41846  -20.11812 -13.16676   0.103000
 10.29651  -21.44234 -12.03623   0.103000
  6.96861  -22.73403 -10.08131  -0.006000
  8.00915  -23.30869  -8.39927   0.103000
  5.13112  -21.98447  -9.52979   0.103000
  6.53146  -25.42689 -12.12267  -0.200000
-15.60710   17.86583  -7.96981  -0.200000
-16.90717   20.22530  -5.88374  -0.006000
-16.26257   22.09145  -6.47052   0.103000
-18.96412   20.15300  -5.96167   0.103000
-16.02766   19.70967  -3.17854  -0.006000
-16.67224   17.84355  -2.59174   0.103000
-13.97069   19.78199  -3.10057   0.103000
-17.32771   22.06915  -1.09245  -0.200000
 -3.87963   -4.73034  25.87693  -0.200000
 -2.94049   -3.02392  23.08136  -0.006000
 -1.73978   -1.43797  23.61542   0.103000
 -1.89929   -4.28170  21.82600   0.103000
 -5.29174   -2.03559  21.72034  -0.006000
 -6.49246   -3.62153  21.18631   0.103000
 -6.33294   -0.77779  22.97571   0.103000
 -4.35261   -0.32915  18.92476  -0.200000
 -4.56616  -20.65153 -11.76353  -0.200000
 -7.63980  -19.18754 -11.62733  -0.006000
 -8.44109  -19.44566  -9.74753   0.103000
 -7.46058  -17.17506 -12.02737   0.103000
 -9.37637  -20.40823 -13.58995  -0.006000
 -8.57510  -20.15011 -15.46973   0.103000
 -9.55561  -22.42071 -13.18989   0.103000
-12.45003  -18.94424 -13.45375  -0.200000
  1.60510  -26.20353   1.53005  -0.200000
 -0.47347  -25.10027   3.99413  -0.006000
 -0.34093  -23.04990   4.13793   0.103000
 -2.41208  -25.63379   3.54772   0.103000
  0.29795  -26.29374   6.51168  -0.006000
  0.16543  -28.34410   6.36787   0.103000
  2.23657  -25.76022   6.95809   0.103000
 -1.78061  -25.19047   8.97575  -0.200000
 17.91861  -14.85994  -2.25482  -0.200000
 19.02803  -17.06406   0.09475  -0.006000
 19.23943  -18.92750  -0.75678   0.103000
 20.84725  -16.43200   0.82502   0.103000
 17.11827  -17.20637   2.26041  -0.006000
 16.90687  -15.34291   3.11198   0.103000
 15.29905  -17.83839   1.53017   0.103000
 18.22767  -19.41045   4.61001  -0.200000
 -5.48043    7.13935  18.73414  -0.200000
 -5.47709   10.36651  19.82712  -0.006000
 -3.88462   11.37247  18.99379   0.103000
 -7.23578   11.28236  19.27005   0.103000
 -5.24072   10.40793  22.70808  -0.006000
 -6.83319    9.40195  23.54141   0.103000
 -3.48205    9.49206  23.26516   0.103000
 -5.23738   13.63509  23.80104  -0.200000
-10.30897    4.17452  23.24641  -0.200000
-12.70240    4.73785  20.88779  -0.006000
-14.36706    3.60197  21.31320   0.103000
-13.21323    6.73313  20.89017   0.103000
-11.67962    4.00913  18.28384  -0.006000
-10.01496    5.14497  17.85840   0.103000
-11.16879    2.01382  18.28144   0.103000
-14.07306    4.57246  15.92521  -0.200000
-22.88243    3.15034  15.12707  -0.200000
-21.43675    1.41894  12.57337  -0.006000
-22.66847    1.47198  10.92345   0.103000
-19.62258    2.27381  12.10415   0.103000
-21.02708   -1.32649  13.38102  -0.006000
-19.79537   -1.37952  15.03096   0.103000
-22.84127   -2.18133  13.85022   0.103000
-19.58140   -3.05788  10.82734  -0.200000
 27.32631  -10.23054   4.50991  -0.200000
 25.87908   -9.56277   1.49848  -0.006000
 26.41943   -7.67382   0.88031   0.103000
 26.51118  -10.94698   0.11042   0.103000
 23.00337   -9.70459   1.75875  -0.006000
 22.46304  -11.59353   2.37694   0.103000
 22.37128   -8.32039   3.14685   0.103000
 21.55612   -9.03682  -1.25266  -0.200000
-13.99544  -17.38979   6.70380  -0.200000
-14.43764  -20.70737   7.34238  -0.006000
-14.89240  -20.96901   9.33409   0.103000
-15.98024  -21.43023   6.18477   0.103000
-12.00794  -22.14205   6.71321  -0.006000
-11.55318  -21.88038   4.72148   0.103000
-10.46534  -21.41918   7.87084   0.103000
-12.45016  -25.45960   7.35181  -0.200000
 11.65850   20.17286 -13.40317  -0.200000
 10.69387   23.29059 -12.42427  -0.006000
  9.21924   23.13631 -10.99462   0.103000
 12.31100   24.29479 -11.63769   0.103000
  9.67459   24.74457 -14.70560  -0.006000
 11.14921   24.89884 -16.13524   0.103000
  8.05745   23.74036 -15.49216   0.103000
  8.70996   27.86229 -13.72669  -0.200000
-15.45960   -2.90929 -18.04061  -0.200000
-12.81542   -4.86784 -18.92472  -0.006000
-11.11061   -4.18125 -17.99492   0.103000
-13.17714   -6.81176 -18.34794   0.103000
-12.45624   -4.76532 -21.79143  -0.006000
-14.16106   -5.45194 -22.72122   0.103000
-12.09453   -2.82142 -22.36822   0.103000
 -9.81206   -6.72387 -22.67552  -0.200000
  4.21091   26.71614   7.09158  -0.200000
  1.30195   28.36076   6.42660  -0.006000
  0.43125   27.56198   4.73957   0.103000
  0.01765   28.15843   8.02406   0.103000
  1.85821   31.16355   5.98769  -0.006000
  2.72892   31.96234   7.67471   0.103000
  3.14252   31.36590   4.39023   0.103000
 -1.05073   32.80818   5.32270  -0.200000
 24.22393   23.20051 -11.10169  -0.200000
 22.92236   20.08255 -10.66163  -0.006000
 21.15494   19.92206 -11.70685   0.103000
 24.25925   18.67618 -11.35238   0.103000
 22.42181   19.63537  -7.84964  -0.006000
 24.18923   19.79588  -6.80443   0.103000
 21.08494   21.04174  -7.15891   0.103000
 21.12024   16.51742  -7.40958  -0.200000
 -2.14669   28.99696  -9.36027  -0.200000
 -4.51484   27.38986  -7.51142  -0.006000
 -6.37648   28.13481  -7.98222   0.103000
 -4.45730   25.37292  -7.92474   0.103000
 -3.99218   27.81159  -4.69958  -0.006000
 -2.13057   27.06664  -4.22877   0.103000
 -4.04974   29.82855  -4.28626   0.103000
 -6.36035   26.20451  -2.85073  -0.200000
 25.82373   13.29058  -1.24818  -0.200000
 25.88488   10.96287  -3.73563  -0.006000
 25.61902    9.08692  -2.92785   0.103000
 24.37308   11.35295  -5.07894   0.103000
 28.43342   11.07289  -5.09591  -0.006000
 28.69927   12.94884  -5.90371   0.103000
 29.94521   10.68281  -3.75260   0.103000
 28.49456    8.74518  -7.58338  -0.200000
-18.01442    4.74884 -17.51631  -0.200000
-18.98241    2.18530 -15.49135  -0.006000
-19.63943    0.60983 -16.64390   0.103000
-17.38520    1.57667 -14.34219   0.103000
-21.12508    3.07574 -13.76690  -0.006000
-20.46808    4.65120 -12.61436   0.103000
-22.72231    3.68434 -14.91604   0.103000
-22.09309    0.51219 -11.74195  -0.200000
 10.92299   -3.05675 -20.46475  -0.200000
  9.09650   -5.91547 -20.14745  -0.006000
  9.68171   -6.91955 -18.44700   0.103000
  7.09672   -5.44162 -20.01156   0.103000
  9.53212   -7.59866 -22.45720  -0.006000
  8.94689   -6.59460 -24.15767   0.103000
 11.53188   -8.07255 -22.59311   0.103000
  7.70559  -10.45742 -22.13992  -0.200000
-21.92528   17.16809   0.54434  -0.200000
-23.19113   14.95242  -1.71347  -0.006000
-23.57670   13.15994  -0.77509   0.103000
-24.93770   15.70223  -2.50691   0.103000
-21.27151   14.53524  -3.83450  -0.006000
-20.88593   16.32773  -4.77288   0.103000
-19.52495   13.78544  -3.04108   0.103000
-22.53735   12.31958  -6.09233  -0.200000
  4.71054    9.60363 -26.48710  -0.200000
  3.34482    7.61040 -24.08475  -0.006000
  2.09210    8.73008 -22.89347   0.103000
  2.27181    6.09558 -24.97712   0.103000
  5.45143    6.47261 -22.46444  -0.006000
  6.70414    5.35293 -23.65572   0.103000
  6.52441    7.98746 -21.57207   0.103000
  4.08570    4.47939 -20.06209  -0.200000
 -5.97785  -21.40308  12.42886  -0.200000
 -4.42247  -19.81969  15.01401  -0.006000
 -3.27720  -21.17461  16.06031   0.103000
 -3.21422  -18.32369  14.27630   0.103000
 -6.40710  -18.67327  16.77597  -0.006000
 -7.55237  -17.31840  15.72965   0.103000
 -7.61535  -20.16931  17.51364   0.103000
 -4.85172  -17.08991  19.36111  -0.200000
 20.08851   -7.46519  15.57775  -0.200000
 22.72420   -5.36935  15.05864  -0.006000
 23.05846   -4.25222  16.75641   0.103000
 24.40587   -6.47543  14.62191   0.103000
 22.13124   -3.60499  12.84664  -0.006000
 21.79699   -4.72214  11.14886   0.103000
 20.44956   -2.49894  13.28338   0.103000
 24.76694   -1.50917  12.32752  -0.200000
 -0.58967   17.92590 -26.46225  -0.200000
 -0.28892   16.50096 -23.38194  -0.006000
 -0.40448   17.96200 -21.93479   0.103000
 -1.80754   15.13746 -23.10445   0.103000
  2.26161   15.15375 -23.18824  -0.006000
  2.37716   13.69271 -24.63540   0.103000
  3.78021   16.51725 -23.46573   0.103000
  2.56236   13.72882 -20.10793  -0.200000
 -9.08720  -10.02787  25.19916  -0.200000
-10.41806   -9.91607  22.06456  -0.006000
-12.47369   -9.94563  22.18943   0.103000
 -9.81182   -8.18799  21.12196   0.103000
 -9.51254  -12.20669  20.55102  -0.006000
 -7.45688  -12.17713  20.42614   0.103000
-10.11878  -13.93476  21.49361   0.103000
-10.84342  -12.09491  17.41642  -0.200000
-27.01636    6.63645   1.97032  -0.200000
-26.33802    3.75339   0.28603  -0.006000
-26.16469    4.15770  -1.72613   0.103000
-24.57251    2.95128   0.98018   0.103000
-28.48498    1.86370   0.70668  -0.006000
-28.65832    1.45940   2.71884   0.103000
-30.25051    2.66582   0.01253   0.103000
-27.80666   -1.01937  -0.97761  -0.200000
  1.68031   29.54026  -1.88481  -0.200000
  4.40403   31.44340  -1.13062  -0.006000
  5.12934   30.90222   0.71959   0.103000
  5.86348   31.14873  -2.55376   0.103000
  3.64859   34.23360  -1.08996  -0.006000
  2.92327   34.77480  -2.94017   0.103000
  2.18912   34.52830   0.33316   0.103000
  6.37229   36.13676  -0.33577  -0.200000
 18.44828   -5.81225 -15.25419  -0.200000
 20.14081   -6.09954 -18.19733  -0.006000
 21.53846   -7.60450 -18.04203   0.103000
 18.81665   -6.54520 -19.71069   0.103000
 21.47494   -3.60412 -18.78926  -0.006000
 20.07730   -2.09918 -18.94456   0.103000
 22.79911   -3.15847 -17.27590   0.103000
 23.16748   -3.89142 -21.73240  -0.200000
 21.85890   11.27887 -15.52682  -0.200000
 24.41071   13.27200 -14.46619  -0.006000
 26.12176   12.81556 -15.51796   0.103000
 23.91677   15.24659 -14.78132   0.103000
 24.86836   12.83247 -11.64576  -0.006000
 23.15731   13.28891 -10.59401   0.103000
 25.36230   10.85789 -11.33063   0.103000
 27.42017   14.82562 -10.58515  -0.200000
 16.34298   30.84430  12.27906  -0.200000
 17.53573   27.96035  10.91188  -0.006000
 19.03035   28.40474   9.56619   0.103000
 18.28896   26.75395  12.40167   0.103000
 15.39159   26.58145   9.54850  -0.006000
 13.89697   26.13707  10.89420   0.103000
 14.63837   27.78786   8.05874   0.103000
 16.58433   23.69752   8.18134  -0.200000
  6.51356  -20.14801 -24.45183  -0.200000
  5.97677  -17.33759 -22.60186  -0.006000
  7.40516  -15.92754 -23.06413   0.103000
  4.10653  -16.58463 -23.02302   0.103000
  6.14152  -17.98878 -19.78999  -0.006000
  4.71313  -19.39885 -19.32774   0.103000
  8.01176  -18.74176 -19.36882   0.103000
  5.60472  -15.17836 -17.94002  -0.200000
 -8.55277  -24.39618   1.27762  -0.200000
 -9.91847  -26.64478  -0.88759  -0.006000
 -9.15098  -26.33583  -2.77374   0.103000
 -9.46830  -28.55654  -0.26732   0.103000
-12.78855  -26.30329  -0.94830  -0.006000
-13.55604  -26.61226   0.93785   0.103000
-13.23872  -24.39153  -1.56857   0.103000
-14.15426  -28.55189  -3.11351  -0.200000
 11.75532  -17.72472 -15.90080  -0.200000
 14.32821  -16.23415 -17.56448  -0.006000
 16.02756  -16.30010 -16.40258   0.103000
 14.66828  -17.22803 -19.33613   0.103000
 13.64879  -13.47983 -18.12092  -0.006000
 11.94944  -13.41386 -19.28282   0.103000
 13.30870  -12.48593 -16.34927   0.103000
 16.22165  -11.98924 -19.78460  -0.200000
-15.23945   11.79359  18.26260  -0.200000
-18.16480   13.10440  17.10801  -0.006000
-19.74945   12.16749  18.03179   0.103000
-18.22399   15.12149  17.52039   0.103000
-18.34043   12.70047  14.25078  -0.006000
-16.75579   13.63738  13.32699   0.103000
-18.28125   10.68338  13.83839   0.103000
-21.26579   14.01128  13.09618  -0.200000
 -0.61726  -10.53598  21.17529  -0.200000
 -0.52162  -11.25050  24.50536  -0.006000
 -0.43717   -9.49682  25.58219   0.103000
 -2.21431  -12.29924  25.03194   0.103000
  1.81835  -12.84751  25.08145  -0.006000
  1.73392  -14.60120  24.00461   0.103000
  3.51104  -11.79879  24.55489   0.103000
  1.91399  -13.56204  28.41152  -0.200000
 14.77790  -24.93970   2.00303  -0.200000
 16.49686  -24.29889  -0.86816  -0.006000
 18.17648  -23.19006  -0.43044   0.103000
 17.05644  -26.07646  -1.74522   0.103000
 14.81169  -22.81540  -2.68946  -0.006000
 13.13207  -23.92422  -3.12719   0.103000
 14.25213  -21.03783  -1.81242   0.103000
 16.53066  -22.17459  -5.56065  -0.200000
-15.98013   30.84487  -6.18309  -0.200000
-14.90937   27.99826  -7.71913  -0.006000
-16.43661   26.61660  -7.74731   0.103000
-14.33981   28.43221  -9.65032   0.103000
-12.65493   26.91184  -6.27170  -0.006000
-11.12769   28.29349  -6.24352   0.103000
-13.22449   26.47790  -4.34051   0.103000
-11.58419   24.06525  -7.80774  -0.200000
 -3.50571    4.06473 -23.75231  -0.200000
 -2.93871    1.05751 -25.25046  -0.006000
 -4.55456   -0.18104 -24.93851   0.103000
 -2.66814    1.33766 -27.27296   0.103000
 -0.56771   -0.15029 -24.12031  -0.006000
  1.04816    1.08824 -24.43229   0.103000
 -0.83826   -0.43044 -22.09781   0.103000
 -0.00070   -3.15749 -25.61845  -0.200000
 22.39399   25.89346  -4.25404  -0.200000
 20.95752   25.34304  -1.21385  -0.006000
 20.66347   27.14302  -0.25689   0.103000
 19.14576   24.39769  -1.47102   0.103000
 22.69510   23.67528   0.38515  -0.006000
 22.98914   21.87528  -0.57181   0.103000
 24.50686   24.62062   0.64234   0.103000
 21.25863   23.12484   3.42534  -0.200000
 25.20698   16.14000   5.50797  -0.200000
 28.46205   15.15498   5.30010  -0.006000
 29.34444   15.30293   7.15530   0.103000
 28.54885   13.20193   4.65184   0.103000
 29.86527   16.85371   3.42853  -0.006000
 28.98288   16.70578   1.57335   0.103000
 29.77847   18.80676   4.07678   0.103000
 33.12034   15.86871   3.22068  -0.200000
 -6.25208   17.52415 -19.26927  -0.200000
 -8.47907   15.32455 -20.61521  -0.006000
 -8.09770   13.43319 -19.89447   0.103000
-10.39340   15.88309 -20.09990   0.103000
 -8.21723   15.32846 -23.49428  -0.006000
 -8.59859   17.21983 -24.21501   0.103000
 -6.30290   14.76991 -24.00958   0.103000
-10.44421   13.12885 -24.84019  -0.200000
 10.68171   29.83613  -0.57975  -0.200000
 13.11016   29.13574   1.70529  -0.006000
 12.24435   28.40999   3.42745   0.103000
 14.39323   27.72181   0.93277   0.103000
 14.58644   31.54614   2.31200  -0.006000
 15.45223   32.27191   0.58988   0.103000
 13.30337   32.96007   3.08452   0.103000
 17.01489   30.84575   4.59704  -0.200000
 26.51860   -3.65668   6.57916  -0.200000
 29.71815   -4.52710   7.36313  -0.006000
 29.70532   -5.81860   8.96754   0.103000
 30.59508   -5.45090   5.74452   0.103000
 31.22162   -2.15501   8.04882  -0.006000
 31.23445   -0.86353   6.44444   0.103000
 30.34469   -1.23123   9.66742   0.103000
 34.42117   -3.02547   8.83281  -0.200000
-19.10800  -15.09910 -14.56535  -0.200000
-17.50969  -14.15639 -17.42301  -0.006000
-15.50904  -14.62365 -17.27733   0.103000
-18.33189  -15.14901 -19.02949   0.103000
-17.80753  -11.30538 -17.79797  -0.006000
-19.80818  -10.83811 -17.94365   0.103000
-16.98533  -10.31276 -16.19149   0.103000
-16.20922  -10.36265 -20.65565  -0.200000
  8.75593   17.75560 -25.03337  -0.200000
 10.79221   15.02969 -24.85460  -0.006000
 10.63220   13.93737 -26.59342   0.103000
 12.74235   15.64400 -24.60620   0.103000
 10.00729   13.38612 -22.60961  -0.006000
 10.16729   14.47844 -20.87080   0.103000
  8.05713   12.77181 -22.85801   0.103000
 12.04356   10.66019 -22.43082  -0.200000
 22.49940   19.55581  12.16685  -0.200000
 24.51192   16.81340  12.36210  -0.006000
 24.14444   15.81572  14.12614   0.103000
 24.12508   15.56271  10.77202   0.103000
 27.28039   17.64222  12.28360  -0.006000
 27.64786   18.63988  10.51954   0.103000
 27.66722   18.89288  13.87365   0.103000
 29.29289   14.89981  12.47886  -0.200000
  5.72712  -21.01969  14.67076  -0.200000
  5.94623  -24.40598  14.36396  -0.006000
  7.90244  -24.93770  13.99958   0.103000
  5.30546  -25.29667  16.10702   0.103000
  4.28480  -25.28401  12.16708  -0.006000
  2.32860  -24.75229  12.53144   0.103000
  4.92559  -24.39332  10.42399   0.103000
  4.50392  -28.67030  11.86026  -0.200000
-23.10258  -15.94266  -6.66652  -0.200000
-23.00039  -14.55871  -9.77827  -0.006000
-21.24043  -13.51375 -10.00803   0.103000
-23.10500  -16.04852 -11.19657   0.103000
-25.23858  -12.75850 -10.10627  -0.006000
-26.99852  -13.80345  -9.87650   0.103000
-25.13394  -11.26868  -8.68798   0.103000
-25.13636  -11.37455 -13.21803  -0.200000
-11.78609  -30.34938 -12.18029  -0.200000
-12.03113  -27.53786 -10.27121  -0.006000
-12.62826  -25.95739 -11.44923   0.103000
-13.41454  -27.84124  -8.77579   0.103000
 -9.45757  -26.94389  -9.09576  -0.006000
 -8.86042  -28.52440  -7.91776   0.103000
 -8.07418  -26.64053 -10.59120   0.103000
 -9.70263  -24.13239  -7.18670  -0.200000
-30.90638  -11.00792  -0.90091  -0.200000
-28.06735   -9.57388  -2.12263  -0.006000
-26.95757   -8.81094  -0.56427   0.103000
-26.95915  -10.99048  -3.12633   0.103000
-28.77148   -7.43800  -3.93919  -0.006000
-29.88124   -8.20096  -5.49755   0.103000
-29.87967   -6.02139  -2.93550   0.103000
-25.93245   -6.00396  -5.16090  -0.200000
  3.80321   -5.74925  23.71005  -0.200000
  3.61393   -3.21705  25.98196  -0.006000
  1.75185   -3.22159  26.86225   0.103000
  5.05763   -3.48116  27.42701   0.103000
  4.04073   -0.68939  24.64545  -0.006000
  5.90282   -0.68486  23.76516   0.103000
  2.59703   -0.42530  23.20041   0.103000
  3.85145    1.84279  26.91735  -0.200000
 18.95388   17.14874 -18.08916  -0.200000
 16.86626   19.73142 -18.85145  -0.006000
 16.32293   20.70909 -17.12194   0.103000
 17.83085   21.04613 -20.10975   0.103000
 14.50185   18.70513 -20.16052  -0.006000
 15.04519   17.72748 -21.89004   0.103000
 13.53726   17.39045 -18.90225   0.103000
 12.41425   21.28782 -20.92284  -0.200000
 -1.67598   27.19756  20.48359  -0.200000
 -1.29193   27.60618  17.12285  -0.006000
 -0.83292   29.57280  16.71786   0.103000
  0.23179   26.39303  16.45294   0.103000
 -3.75046   26.89498  15.77848  -0.006000
 -4.20948   24.92836  16.18346   0.103000
 -5.27417   28.10813  16.44838   0.103000
 -3.36640   27.30359  12.41773  -0.200000
  0.97111  -24.51946  22.31440  -0.200000
  2.81958  -21.98967  20.97537  -0.006000
  4.40503  -21.56427  22.21944   0.103000
  3.52972  -22.56085  19.12830   0.103000
  1.16534  -19.63662  20.68521  -0.006000
 -0.42007  -20.06203  19.44114   0.103000
  0.45522  -19.06543  22.53230   0.103000
  3.01383  -17.10682  19.34618  -0.200000
-12.21867  -21.42420  17.47405  -0.200000
-13.99741  -20.43344  14.74206  -0.006000
-13.03654  -18.85529  13.83193   0.103000
-14.15019  -22.00189  13.41587   0.103000
-16.64291  -19.60570  15.56286  -0.006000
-17.60378  -21.18387  16.47301   0.103000
-16.49015  -18.03725  16.88905   0.103000
-18.42166  -18.61496  12.83086  -0.200000
-13.93879   28.58005   7.79760  -0.200000
-12.09120   27.14340  10.27382  -0.006000
-11.48092   25.26912   9.67644   0.103000
-10.44028   28.31125  10.66493   0.103000
-13.69785   26.91554  12.66632  -0.006000
-14.30812   28.78983  13.26370   0.103000
-15.34873   25.74769  12.27519   0.103000
-11.85023   25.47889  15.14255  -0.200000
 25.37390   12.11764  18.02882  -0.200000
 23.33254    9.48249  18.73433  -0.006000
 22.87532    8.48213  16.99297   0.103000
 24.28899    8.20069  20.03219   0.103000
 20.89778   10.44990  19.95643  -0.006000
 21.35500   11.45027  21.69778   0.103000
 19.94134   11.73170  18.65855   0.103000
 18.85641    7.81475  20.66193  -0.200000
  1.97423   19.39776  21.31673  -0.200000
  0.44683   18.87092  24.31649  -0.006000
 -1.34535   19.88498  24.36242   0.103000
  0.10261   16.85581  24.56771   0.103000
  2.15011   19.82944  26.44666  -0.006000
  3.94227   18.81542  26.40072   0.103000
  2.49433   21.84457  26.19546   0.103000
  0.62270   19.30265  29.44643  -0.200000
 12.88810   19.51182  22.68454  -0.200000
  9.58424   20.31558  22.46554  -0.006000
  8.76262   19.40055  20.81327   0.103000
  8.60748   19.67549  24.16213   0.103000
  9.30429   23.18218  22.21719  -0.006000
 10.12593   24.09718  23.86947   0.103000
 10.28106   23.82227  20.52059   0.103000
  6.00045   23.98593  21.99819  -0.200000
-25.14951   10.40992 -17.24611  -0.200000
-22.43337   11.19561 -15.34494  -0.006000
-22.24423    9.82641 -13.81798   0.103000
-20.73997   11.15630 -16.51668   0.103000
-22.77077   13.84119 -14.22932  -0.006000
-22.95993   15.21041 -15.75629   0.103000
-24.46417   13.88051 -13.05757   0.103000
-20.05462   14.62690 -12.32816  -0.200000
  6.84650  -27.15595  -3.38384  -0.200000
 10.01207  -28.20082  -4.08876  -0.006000
 10.59615  -27.44160  -5.91214   0.103000
 11.29760  -27.53501  -2.62368   0.103000
 10.07455  -31.08953  -4.18416  -0.006000
  9.49047  -31.84873  -2.36078   0.103000
  8.78902  -31.75534  -5.64922   0.103000
 13.24010  -32.13438  -4.88908  -0.200000
 -7.87409   32.96215   8.46947  -0.200000
 -8.17276   33.77874   5.17509  -0.006000
 -9.82557   34.97919   4.91189   0.103000
 -6.48560   34.78848   4.56182   0.103000
 -8.47463   31.36804   3.60826  -0.006000
 -6.82182   30.16761   3.87146   0.103000
-10.16181   30.35828   4.22153   0.103000
 -8.77332   32.18462   0.31388  -0.200000
-28.92228    3.86600  -5.96050  -0.200000
-29.96531    1.37941  -8.04328  -0.006000
-30.75429   -0.16352  -6.93008   0.103000
-31.40583    2.11183  -9.32028   0.103000
-27.71983    0.40597  -9.58206  -0.006000
-26.93085    1.94889 -10.69526   0.103000
-26.27931   -0.32645  -8.30508   0.103000
-28.76288   -2.08063 -11.66484  -0.200000
-14.84338   20.44130 -18.33662  -0.200000
-16.61680   22.48133 -16.26247  -0.006000
-16.07029   24.43951 -16.59257   0.103000
-18.63004   22.25772 -16.63526   0.103000
-16.06280   21.77758 -13.51375  -0.006000
-16.60931   19.81939 -13.18366   0.103000
-14.04957   22.00117 -13.14095   0.103000
-17.83620   23.81762 -11.43961  -0.200000
 11.54557  -19.68356  20.58123  -0.200000
 12.49969  -16.58031  19.54752  -0.006000
 12.02790  -16.34411  17.55660   0.103000
 11.51675  -15.15296  20.66055   0.103000
 15.35312  -16.28131  19.90267  -0.006000
 15.82489  -16.51751  21.89359   0.103000
 16.33606  -17.70864  18.78964   0.103000
 16.30722  -13.17806  18.86895  -0.200000
 22.45136  -12.83578 -15.95239  -0.200000
 25.15010  -13.07534 -13.88633  -0.006000
 25.52302  -15.05777 -13.47023   0.103000
 26.79537  -12.24510 -14.80610   0.103000
 24.60743  -11.66056 -11.42434  -0.006000
 24.23451   -9.67814 -11.84042   0.103000
 22.96216  -12.49079 -10.50457   0.103000
 27.30616  -11.90012  -9.35826  -0.200000
-15.14701   -2.29194  30.62409  -0.200000
-13.72587   -3.56062  27.79923  -0.006000
-11.80731   -4.18365  28.21554   0.103000
-14.83751   -5.16007  27.12963   0.103000
-13.65225   -1.51673  25.75600  -0.006000
-15.57081   -0.89373  25.33970   0.103000
-12.54062    0.08269  26.42561   0.103000
-12.23112   -2.78546  22.93117  -0.200000
  2.90438   11.39021  24.59002  -0.200000
  4.02587    9.16891  26.91750  -0.006000
  4.31258    7.33168  26.03173   0.103000
  5.80815    9.83831  27.70340   0.103000
  2.07248    8.92263  29.03439  -0.006000
  1.78579   10.75987  29.92017   0.103000
  0.29021    8.25321  28.24850   0.103000
  3.19400    6.70133  31.36188  -0.200000
-21.60203  -21.08974 -12.41750  -0.200000
-18.70574  -21.24619 -10.62975  -0.006000
-17.32758  -22.38492 -11.65262   0.103000
-17.96128  -19.34488 -10.35997   0.103000
-19.22726  -22.45023  -8.05369  -0.006000
-20.60542  -21.31150  -7.03084   0.103000
-19.97172  -24.35156  -8.32345   0.103000
-16.33098  -22.60668  -6.26592  -0.200000
 26.76975   -4.22299 -11.39543  -0.200000
 27.46762   -5.45571 -14.49426  -0.006000
 26.12900   -6.95136 -14.95618   0.103000
 27.31584   -3.94418 -15.88515   0.103000
 30.15342   -6.52485 -14.52362  -0.006000
 31.49204   -5.02920 -14.06170   0.103000
 30.30520   -8.03636 -13.13271   0.103000
 30.85129   -7.75757 -17.62243  -0.200000
-19.49532    0.34463  21.32435  -0.200000
-20.63479   -2.78506  22.04269  -0.006000
-20.03864   -3.31418  23.94187   0.103000
-22.69160   -2.80851  21.93672   0.103000
-19.55101   -4.66675  20.13426  -0.006000
-20.14716   -4.13765  18.23508   0.103000
-17.49418   -4.64332  20.24023   0.103000
-20.69046   -7.79646  20.85260  -0.200000
 29.39246    0.87903  -7.52946  -0.200000
 31.26905    2.98853  -9.43659  -0.006000
 30.45874    4.88082  -9.36830   0.103000
 33.19608    3.03974  -8.71124   0.103000
 31.29436    2.05035 -12.17099  -0.006000
 32.10469    0.15806 -12.23930   0.103000
 29.36735    1.99912 -12.89634   0.103000
 33.17097    4.15987 -14.07814  -0.200000
 23.12942  -21.24024  15.17826  -0.200000
 21.54110  -18.73098  13.50793  -0.006000
 21.07288  -19.36183  11.60398   0.103000
 19.81325  -18.22560  14.50860   0.103000
 23.27659  -16.42380  13.35798  -0.006000
 23.74481  -15.79295  15.26194   0.103000
 25.00444  -16.92919  12.35732   0.103000
 21.68827  -13.91456  11.68765  -0.200000
 10.29474   -3.00455  28.90451  -0.200000
 10.86927   -3.86783  25.65893  -0.006000
  9.67039   -5.46335  25.14984   0.103000
 10.43911   -2.26744  24.43584   0.103000
 13.64515   -4.60778  25.33546  -0.006000
 14.84403   -3.01226  25.84457   0.103000
 14.07530   -6.20815  26.55857   0.103000
 14.21968   -5.47106  22.08990  -0.200000
-30.96458  -13.50997   5.97828  -0.200000
-29.43910  -11.75871   8.47134  -0.006000
-30.26421   -9.87544   8.59228   0.103000
-29.70362  -12.74102  10.26223   0.103000
-26.61315  -11.53691   7.90331  -0.006000
-25.78805  -13.42019   7.78236   0.103000
-26.34864  -10.55461   6.11241   0.103000
-25.08768   -9.78566  10.39637  -0.200000
-26.16020    6.55268   9.11704  -0.200000
-25.77968    8.72005  11.71829  -0.006000
-25.34236    7.66569  13.43276   0.103000
-24.24239   10.02689  11.30449   0.103000
-28.22973   10.20613  12.10069  -0.006000
-28.66705   11.26048  10.38626   0.103000
-29.76704    8.89933  12.51448   0.103000
-27.84922   12.37351  14.70194  -0.200000
-27.37858  -19.99147   3.59545  -0.200000
-24.84625  -21.89932   2.34787  -0.006000
-25.18404  -23.87760   2.81104   0.103000
-24.76250  -21.67733   0.30192   0.103000
-22.33874  -21.05287   3.51143  -0.006000
-22.00093  -19.07459   3.04824   0.103000
-22.42247  -21.27488   5.55738   0.103000
-19.80641  -22.96074   2.26384  -0.200000
 18.16711   32.16930  -9.89240  -0.200000
 17.57147   28.81942 -10.07366  -0.006000
 18.61787   27.85400  -8.58527   0.103000
 15.55621   28.46608  -9.83670   0.103000
 18.42634   27.82669 -12.65070  -0.006000
 17.37992   28.79209 -14.13906   0.103000
 20.44160   28.18001 -12.88765   0.103000
 17.83068   24.47681 -12.83198  -0.200000
  2.12672  -24.88299 -19.62556  -0.200000
 -1.20181  -25.60131 -19.50636  -0.006000
 -2.03597  -25.30351 -21.36587   0.103000
 -1.46104  -27.56557 -18.94365   0.103000
 -2.49281  -23.87079 -17.58383  -0.006000
 -1.65867  -24.16860 -15.72432   0.103000
 -2.23356  -21.90652 -18.14651   0.103000
 -5.82134  -24.58912 -17.46462  -0.200000
  5.56825   32.73901  -8.57656  -0.200000
  8.14483   34.81176  -7.75545  -0.006000
  8.91709   35.65906  -9.46660   0.103000
  7.45998   36.29614  -6.50255   0.103000
 10.21017   33.29718  -6.41458  -0.006000
  9.43792   32.44989  -4.70345   0.103000
 10.89503   31.81280  -7.66749   0.103000
 12.78676   35.36993  -5.59348  -0.200000
  8.43634   32.66085   5.38940  -0.200000
  9.11218   35.97014   5.83780  -0.006000
  9.83761   36.76721   4.08266   0.103000
  7.38698   36.95654   6.37892   0.103000
 11.09033   36.27562   7.92375  -0.006000
 10.36492   35.47855   9.67889   0.103000
 12.81554   35.28922   7.38261   0.103000
 11.76617   39.58492   8.37217  -0.200000
-11.94354   24.44306  23.15840  -0.200000
-10.10180   21.80190  22.04417  -0.006000
-10.76027   20.07380  22.95101   0.103000
-10.31273   21.62977  20.00256   0.103000
 -7.31668   22.22775  22.69164  -0.006000
 -6.65819   23.95585  21.78480   0.103000
 -7.10575   22.39989  24.73323   0.103000
 -5.47491   19.58660  21.57740  -0.200000
 29.40826    5.87552  19.32557  -0.200000
 28.21418    4.71602  16.35250  -0.006000
 28.16229    2.65733  16.38882   0.103000
 26.31300    5.44587  16.04408   0.103000
 29.94315    5.59773  14.20985  -0.006000
 29.99500    7.65641  14.17353   0.103000
 31.84430    4.86790  14.51829   0.103000
 28.74903    4.43823  11.23678  -0.200000
 31.51876   -6.78432  -0.81678  -0.200000
 32.15518   -4.94479  -3.61329  -0.006000
 30.44812   -3.94029  -4.17813   0.103000
 33.65194   -3.58670  -3.21641   0.103000
 32.99108   -6.70086  -5.75223  -0.006000
 34.69815   -7.70538  -5.18739   0.103000
 31.49431   -8.05894  -6.14911   0.103000
 33.62749   -4.86132  -8.54876  -0.200000
-16.39670   12.84398 -19.59442  -0.200000
-16.72432   11.25621 -22.59120  -0.006000
-16.88045   12.65400 -24.09588   0.103000
-15.07393   10.06976 -22.92417   0.103000
-19.10118    9.61098 -22.55526  -0.006000
-18.94507    8.21318 -21.05062   0.103000
-20.75157   10.79744 -22.22231   0.103000
-19.42880    8.02319 -25.55206  -0.200000
 19.30911    8.99714 -24.89259  -0.200000
 21.40703    8.25257 -22.31317  -0.006000
 20.66648    9.06148 -20.56980   0.103000
 21.55252    6.20769 -22.11424   0.103000
 24.02445    9.35609 -22.85061  -0.006000
 24.76499    8.54717 -24.59397   0.103000
 23.87896   11.40098 -23.04954   0.103000
 26.12236    8.61152 -20.27119  -0.200000
-22.35975   -4.13563 -17.61555  -0.200000
-25.06427   -5.13539 -19.43083  -0.006000
-25.61579   -3.63236 -20.72654   0.103000
-24.58417   -6.82626 -20.50447   0.103000
-27.26075   -5.72071 -17.64464  -0.006000
-26.70926   -7.22372 -16.34893   0.103000
-27.74086   -4.02984 -16.57097   0.103000
-29.96529   -6.72045 -19.45991  -0.200000
  7.81139  -28.22482   6.03554  -0.200000
 10.75645  -29.33497   7.34074  -0.006000
 10.37669  -30.75622   8.78228   0.103000
 11.90231  -30.16415   5.84354   0.103000
 12.18146  -27.11712   8.52729  -0.006000
 12.56124  -25.69589   7.08574   0.103000
 11.03560  -26.28794  10.02449   0.103000
 15.12652  -28.22727   9.83247  -0.200000
 -2.50107    0.74055  28.65078  -0.200000
 -5.22814    2.63830  27.89542  -0.006000
 -5.23949    3.05249  25.87787   0.103000
 -6.94096    1.60946  28.39521   0.103000
 -5.12246    5.11332  29.38564  -0.006000
 -5.11110    4.69914  31.40317   0.103000
 -3.40965    6.14218  28.88582   0.103000
 -7.84954    7.01109  28.63030  -0.200000
  3.57988  -33.70489  -3.36158  -0.200000
  0.62707  -33.34252  -5.02246  -0.006000
  0.92005  -32.18404  -6.70004   0.103000
 -0.07863  -35.19500  -5.58144   0.103000
 -1.30096  -32.06004  -3.29168  -0.006000
 -1.59393  -33.21848  -1.61409   0.103000
 -0.59526  -30.20754  -2.73268   0.103000
 -4.25375  -31.69764  -4.95256  -0.200000
-29.31387   -5.81565   4.24172  -0.200000
-32.61446   -4.97030   4.21311  -0.006000
-32.83821   -3.05057   4.92508   0.103000
-33.33426   -5.07665   2.28623   0.103000
-34.09223   -6.79914   5.89506  -0.006000
-33.86848   -8.71889   5.18307   0.103000
-33.37245   -6.69277   7.82194   0.103000
-37.39284   -5.95379   5.86645  -0.200000
 22.62786   -1.25049  20.69375  -0.200000
 22.44694    1.79889  22.20298  -0.006000
 21.94178    3.22718  20.80760   0.103000
 21.01621    1.74879  23.68373   0.103000
 25.01215    2.45285  23.36463  -0.006000
 25.51729    1.02455  24.75999   0.103000
 26.44288    2.50296  21.88386   0.103000
 24.83123    5.50224  24.87388  -0.200000
-26.01261   14.22045   6.05109  -0.200000
-28.76324   13.02571   4.43381  -0.006000
-28.37312   12.90054   2.41533   0.103000
-29.22955   11.15587   5.16071   0.103000
-30.99226   14.81317   4.87438  -0.006000
-31.38238   14.93834   6.89285   0.103000
-30.52596   16.68301   4.14750   0.103000
-33.74289   13.61842   3.25709  -0.200000
-16.14412    4.59631  26.34766  -0.200000
-19.08181    5.91065  25.22890  -0.006000
-20.22364    4.41967  24.38308   0.103000
-20.10546    6.74787  26.80801   0.103000
-18.53525    7.94507  23.24900  -0.006000
-17.39340    9.43605  24.09482   0.103000
-17.51160    7.10786  21.66991   0.103000
-21.47294    9.25943  22.13026  -0.200000
 20.02802   17.07933  19.84897  -0.200000
 21.60940   20.09489  19.97197  -0.006000
 22.40516   20.37722  21.85058   0.103000
 23.12016   20.13600  18.57264   0.103000
 19.71289   22.20137  19.40331  -0.006000
 18.91712   21.91905  17.52470   0.103000
 18.20214   22.16025  20.80263   0.103000
 21.29427   25.21690  19.52629  -0.200000
  9.34379   -5.22301 -31.83688  -0.200000
  8.00582   -2.69263 -29.98852  -0.006000
  7.44694   -1.15184 -31.23587   0.103000
  6.35519   -3.38471 -28.96937   0.103000
  9.97282   -1.73569 -28.09836  -0.006000
 10.53173   -3.27648 -26.85101   0.103000
 11.62350   -1.04364 -29.11749   0.103000
  8.63488    0.79469 -26.25000  -0.200000
 -2.55638   10.80886 -25.99539  -0.200000
 -4.68903   10.47827 -28.63196  -0.006000
 -3.81823    9.29554 -30.07590   0.103000
 -6.44128    9.60444 -27.99291   0.103000
 -5.26230   13.08599 -29.74053  -0.006000
 -6.13309   14.26872 -28.29657   0.103000
 -3.51003   13.95984 -30.37954   0.103000
 -7.39493   12.75541 -32.37709  -0.200000
-24.52262   20.84884  -5.92503  -0.200000
-23.81053   19.80955  -9.09079  -0.006000
-21.77184   19.84127  -9.38211   0.103000
-24.51311   17.89198  -9.35874   0.103000
-25.08249   21.57548 -10.99377  -0.006000
-27.12118   21.54373 -10.70245   0.103000
-24.37994   23.49304 -10.72582   0.103000
-24.37042   20.53618 -14.15953  -0.200000
-11.33917   14.75479  22.95651  -0.200000
-11.83834   12.45615  25.42147  -0.006000
-12.29063   10.63211  24.57855   0.103000
-10.12825   12.28345  26.55636   0.103000
-14.02876   13.30847  27.10466  -0.006000
-13.57647   15.13251  27.94759   0.103000
-15.73883   13.48119  25.96975   0.103000
-14.52791   11.00981  29.56962  -0.200000
 11.58500   27.53743  16.52048  -0.200000
 12.54576   28.57672  19.61984  -0.006000
 11.25545   30.03778  20.28517   0.103000
 12.50745   26.98140  20.92199   0.103000
 15.22770   29.64797  19.48856  -0.006000
 16.51800   28.18693  18.82318   0.103000
 15.26600   31.24330  18.18638   0.103000
 16.18845   30.68726  22.58790  -0.200000
 14.60894  -21.34281  14.23257  -0.200000
 16.10566  -24.18250  15.37491  -0.006000
 15.08138  -25.82751  14.67699   0.103000
 18.05225  -24.25025  14.70524   0.103000
 16.08144  -24.18857  18.26577  -0.006000
 17.10573  -22.54356  18.96367   0.103000
 14.13485  -24.12082  18.93541   0.103000
 17.57818  -27.02828  19.40809  -0.200000
-28.66435   14.95577  -8.79972  -0.200000
-28.59526   11.63140  -9.54332  -0.006000
-26.64179   10.98158  -9.60485   0.103000
-29.62295   10.58275  -8.09889   0.103000
-29.83685   11.19370 -12.11713  -0.006000
-31.79031   11.84352 -12.05560   0.103000
-28.80914   12.24235 -13.56156   0.103000
-29.76776    7.86935 -12.86076  -0.200000
-28.72350   -3.34945  11.33513  -0.200000
-29.26513   -0.01130  11.75064  -0.006000
-27.84253    1.05078  10.70641   0.103000
-31.13887    0.47362  11.04626   0.103000
-29.09146    0.65080  14.55939  -0.006000
-30.51409   -0.41128  15.60362   0.103000
-27.21774    0.16590  15.26375   0.103000
-29.63312    3.98897  14.97491  -0.200000
-20.05088   26.32564  15.66821  -0.200000
-18.50201   24.19422  17.82853  -0.006000
-16.73836   25.03636  18.47854   0.103000
-19.73040   23.84003  19.44337   0.103000
-17.93838   21.69882  16.48213  -0.006000
-19.70202   20.85668  15.83213   0.103000
-16.70998   22.05299  14.86731   0.103000
-16.38950   19.56740  18.64243  -0.200000
  4.78420  -32.29920 -10.82254  -0.200000
  2.56716  -30.18690 -12.31659  -0.006000
  2.47318  -28.42535 -11.25345   0.103000
  3.18271  -29.79495 -14.24266   0.103000
 -0.04809  -31.41766 -12.37345  -0.006000
  0.04592  -33.17921 -13.43658   0.103000
 -0.66365  -31.80963 -10.44739   0.103000
 -2.26514  -29.30536 -13.86753  -0.200000
-21.83973   19.70094  10.46750  -0.200000
-24.27879   20.24399   8.15122  -0.006000
-23.62668   21.63593   6.78024   0.103000
-24.71320   18.47821   7.18400   0.103000
-26.65589   21.23034   9.46811  -0.006000
-27.30800   19.83840  10.83909   0.103000
-26.22148   22.99612  10.43531   0.103000
-29.09496   21.77339   7.15184  -0.200000
-24.74920   -1.09249 -25.43173  -0.200000
-21.71673    0.45622 -25.30946  -0.006000
-20.72332    0.16314 -27.08973   0.103000
-21.98787    2.47405 -24.99811   0.103000
-20.15591   -0.65097 -23.14251  -0.006000
-21.14934   -0.35786 -21.36224   0.103000
-19.88479   -2.66878 -23.45386   0.103000
-17.12345    0.89775 -23.02023  -0.200000
 -0.55681   -9.88332 -27.65448  -0.200000
 -3.42781  -11.70511 -27.43644  -0.006000
 -4.34800  -11.32415 -25.63357   0.103000
 -4.69155  -11.18287 -28.97672   0.103000
 -2.79867  -14.52079 -27.62007  -0.006000
 -1.87846  -14.90178 -29.42294   0.103000
 -1.53493  -15.04305 -26.07979   0.103000
 -5.66969  -16.34258 -27.40205  -0.200000
-10.49310   26.28207 -15.85165  -0.200000
 -9.44844   25.65075 -19.03277  -0.006000
 -7.82326   26.83787 -19.47057   0.103000
 -8.91612   23.66816 -19.20037   0.103000
-11.59154   26.23184 -20.88399  -0.006000
-13.21674   25.04469 -20.44619   0.103000
-12.12388   28.21442 -20.71639   0.103000
-10.54688   25.60052 -24.06511  -0.200000
-17.54418  -13.99342  20.15196  -0.200000
-20.31163  -15.97731  20.27260  -0.006000
-21.09144  -16.18475  18.37759   0.103000
-19.79709  -17.83015  21.01045   0.103000
-22.28932  -14.76844  22.00032  -0.006000
-21.50949  -14.56098  23.89534   0.103000
-22.80382  -12.91560  21.26248   0.103000
-25.05675  -16.75231  22.12096  -0.200000
 15.56643   10.01653  25.32749  -0.200000
 16.89026   12.48098  27.27249  -0.006000
 15.76033   12.68868  28.98203   0.103000
 18.82419   11.98935  27.78275   0.103000
 16.88531   14.97275  25.80667  -0.006000
 18.01521   14.76507  24.09716   0.103000
 14.95138   15.46440  25.29640   0.103000
 18.20914   17.43724  27.75169  -0.200000
-22.47548   26.78800  -4.59066  -0.200000
-23.82032   26.90717  -1.46229  -0.006000
-23.85365   28.85806  -0.80262   0.103000
-25.74123   26.16564  -1.51148   0.103000
-22.21760   25.30982   0.33703  -0.006000
-22.18427   23.35892  -0.32265   0.103000
-20.29670   26.05135   0.38622   0.103000
-23.56245   25.42897   3.46540  -0.200000
 32.77445  -13.13641  -4.51851  -0.200000
 31.22644  -13.83450  -1.56462  -0.006000
 32.56574  -14.73083  -0.28208   0.103000
 30.53289  -12.08741  -0.72267   0.103000
 29.00475  -15.62220  -2.03988  -0.006000
 27.66544  -14.72586  -3.32244   0.103000
 29.69827  -17.36929  -2.88181   0.103000
 27.45674  -16.32026   0.91400  -0.200000
 33.29790    4.85713  -1.40698  -0.200000
 35.62969    7.34142  -1.41512  -0.006000
 37.51471    6.51466  -1.34180   0.103000
 35.43628    8.45962  -3.13402   0.103000
 35.23411    9.04192   0.88908  -0.006000
 33.34911    9.86868   0.81578   0.103000
 35.42753    7.92374   2.60797   0.103000
 37.56592   11.52621   0.88093  -0.200000
 23.08726  -21.66681 -17.99409  -0.200000
 22.91786  -19.57267 -15.31171  -0.006000
 24.63456  -18.43868 -15.21589   0.103000
 21.28544  -18.33254 -15.51027   0.103000
 22.65561  -21.12874 -12.88943  -0.006000
 20.93890  -22.26273 -12.98527   0.103000
 24.28803  -22.36890 -12.69087   0.103000
 22.48621  -19.03461 -10.20707  -0.200000
  1.19266   32.79013  13.11141  -0.200000
 -2.05277   33.82695  13.07413  -0.006000
 -2.39808   34.94302  11.37781   0.103000
 -3.29823   32.18651  13.08252   0.103000
 -2.57477   35.44384  15.41308  -0.006000
 -2.22944   34.32776  17.10937   0.103000
 -1.32929   37.08427  15.40467   0.103000
 -5.82019   36.48063  15.37579  -0.200000
  7.78577   20.02736  29.31664  -0.200000
  9.67387   17.19539  29.47187  -0.006000
 11.33543   17.41092  28.27401   0.103000
 10.26696   16.87081  31.41743   0.103000
  8.11072   14.94352  28.55361  -0.006000
  6.44916   14.72802  29.75147   0.103000
  7.51763   15.26810  26.60804   0.103000
  9.99882   12.11158  28.70883  -0.200000
 -4.99736   35.28508  -4.92914  -0.200000
 -6.16894   34.78294  -8.08892  -0.006000
 -5.92327   36.50342  -9.19427   0.103000
 -5.12407   33.24355  -8.97257   0.103000
 -8.97643   34.10215  -7.97882  -0.006000
 -9.22209   32.38167  -6.87346   0.103000
-10.02129   35.64156  -7.09517   0.103000
-10.14804   33.60003 -11.13859  -0.200000
  3.18428   36.96378 -12.51473  -0.200000
  1.24886   34.52738 -13.90289  -0.006000
  0.37418   33.41055 -12.40960   0.103000
 -0.21724   35.39198 -15.06267   0.103000
  2.89291   32.81241 -15.55024  -0.006000
  3.76758   33.92922 -17.04352   0.103000
  4.35899   31.94779 -14.39047   0.103000
  0.95747   30.37601 -16.93841  -0.200000
 15.25325    2.56859  26.16766  -0.200000
 14.42458    2.90266  29.45563  -0.006000
 14.27146    1.03869  30.31844   0.103000
 15.88092    3.99050  30.42412   0.103000
 11.89046    4.27649  29.67592  -0.006000
 12.04358    6.14044  28.81311   0.103000
 10.43412    3.18863  28.70743   0.103000
 11.06180    4.61055  32.96389  -0.200000
  7.60927  -28.29761 -17.62262  -0.200000
  9.34345  -25.93931 -19.36623  -0.006000
 10.05336  -26.76223 -21.11582   0.103000
  8.09993  -24.35742 -19.80609   0.103000
 11.56567  -25.00249 -17.77202  -0.006000
 10.85578  -24.17956 -16.02244   0.103000
 12.80921  -26.58438 -17.33219   0.103000
 13.29985  -22.64419 -19.51564  -0.200000
-16.04946   -3.47296 -28.50212  -0.200000
-12.66570   -3.08418 -28.59295  -0.006000
-11.79516   -4.31099 -27.18603   0.103000
-11.96696   -3.58220 -30.46535   0.103000
-11.99619   -0.33159 -28.01629  -0.006000
-12.86673    0.89520 -29.42321   0.103000
-12.69495    0.16641 -26.14387   0.103000
 -8.61245    0.05716 -28.10711  -0.200000
  6.99303   30.85900 -20.81078  -0.200000
  6.65983   27.77514 -22.22078  -0.006000
  8.07701   27.53758 -23.69639   0.103000
  6.92078   26.32829 -20.77831   0.103000
  4.02000   27.52190 -23.37175  -0.006000
  2.60281   27.75945 -21.89614   0.103000
  3.75904   28.96876 -24.81422   0.103000
  3.68680   24.43803 -24.78176  -0.200000
  6.32771  -19.67702  27.06742  -0.200000
  9.01492  -17.63517  27.53535  -0.006000
  9.10145  -17.05501  29.50972   0.103000
 10.74007  -18.64557  27.03998   0.103000
  8.75263  -15.29701  25.85557  -0.006000
  8.66611  -15.87721  23.88121   0.103000
  7.02749  -14.28663  26.35096   0.103000
 11.43984  -13.25516  26.32351  -0.200000
 -0.92916  -35.48140  13.52131  -0.200000
 -0.51915  -32.52993  15.17359  -0.006000
 -0.99866  -32.78257  17.16070   0.103000
  1.44111  -31.91878  15.01223   0.103000
 -2.25061  -30.52705  14.01262  -0.006000
 -1.77111  -30.27441  12.02554   0.103000
 -4.21086  -31.13821  14.17399   0.103000
 -1.84059  -27.57558  15.66490  -0.200000
 -6.15832   -5.59610 -36.15297  -0.200000
 -6.75311   -5.99837 -32.82233  -0.006000
 -8.41436   -4.90614 -32.28423   0.103000
 -7.08084   -7.99127 -32.41869   0.103000
 -4.46469   -5.07488 -31.31637  -0.006000
 -2.80343   -6.16708 -31.85445   0.103000
 -4.13693   -3.08195 -31.72002   0.103000
 -5.05946   -5.47713 -27.98573  -0.200000
 38.06022   15.75954  10.97158  -0.200000
 35.70110   14.17368   9.09304  -0.006000
 34.08074   15.41797   8.83141   0.103000
 36.49762   13.68763   7.25691   0.103000
 34.85468   11.76205  10.44406  -0.006000
 36.47506   10.51778  10.70571   0.103000
 34.05818   12.24811  12.28023   0.103000
 32.49558   10.17621   8.56552  -0.200000
 26.53234    2.80473 -23.25569  -0.200000
 27.81696    1.54170 -20.36365  -0.006000
 28.41010    3.08991 -19.14155   0.103000
 26.37891    0.42158 -19.40460   0.103000
 30.09447   -0.13211 -20.97099  -0.006000
 29.50133   -1.68033 -22.19309   0.103000
 31.53252    0.98801 -21.93005   0.103000
 31.37907   -1.39515 -18.07895  -0.200000
-28.96595  -13.13490  16.80721  -0.200000
-27.04767  -10.38586  17.41713  -0.006000
-26.44144  -10.39406  19.38551   0.103000
-25.39452  -10.41540  16.18894   0.103000
-28.59192   -7.99823  16.89544  -0.006000
-29.19816   -7.99003  14.92704   0.103000
-30.24509   -7.96869  18.12359   0.103000
-26.67364   -5.24919  17.50535  -0.200000
 -6.91147  -28.75866  20.02138  -0.200000
 -8.17465  -25.60405  20.27083  -0.006000
 -7.48653  -24.46228  18.70079   0.103000
-10.23207  -25.68132  20.21421   0.103000
 -7.32418  -24.42014  22.76742  -0.006000
 -8.01227  -25.56193  24.33744   0.103000
 -5.26672  -24.34289  22.82404   0.103000
 -8.58733  -21.26554  23.01686  -0.200000
 27.42711   31.43355   2.66440  -0.200000
 25.26757   31.55002   0.03154  -0.006000
 25.72222   33.16811  -1.15895   0.103000
 25.43382   29.81797  -1.07055   0.103000
 22.56157   31.80891   1.01544  -0.006000
 22.10692   30.19081   2.20593   0.103000
 22.39533   33.54096   2.11751   0.103000
 20.40203   31.92537  -1.61742  -0.200000
 23.59879    1.65712 -31.64643  -0.200000
 20.64233    2.02078 -29.99232  -0.006000
 20.46403    3.96022 -29.32220   0.103000
 19.08382    1.58850 -31.26760   0.103000
 20.57094    0.21282 -27.73757  -0.006000
 20.74925   -1.72660 -28.40770   0.103000
 22.12947    0.64510 -26.46229   0.103000
 17.61450    0.57650 -26.08344  -0.200000
-30.32410   11.56628  -2.79422  -0.200000
-32.76738    9.38260  -3.72769  -0.006000
-34.38863   10.43112  -4.44479   0.103000
-32.04856    8.13639  -5.20168   0.103000
-33.57475    7.80576  -1.44311  -0.006000
-31.95347    6.75724  -0.72601   0.103000
-34.29354    9.05198   0.03088   0.103000
-36.01801    5.62209  -2.37656  -0.200000
-12.52962  -10.42326 -27.41350  -0.200000
-12.44547  -13.61935 -26.23563  -0.006000
-10.67297  -13.93664 -25.23574   0.103000
-14.02422  -13.91849 -24.94714   0.103000
-12.64609  -15.46775 -28.44939  -0.006000
-14.41857  -15.15048 -29.44928   0.103000
-11.06729  -15.16862 -29.73788   0.103000
-12.56194  -18.66386 -27.27153  -0.200000
-11.00117  -26.75435  14.37881  -0.200000
-10.08090  -30.00879  13.96496  -0.006000
 -8.03646  -30.17390  14.15280   0.103000
-10.99845  -31.16975  15.39766   0.103000
-10.88206  -30.91010  11.33754  -0.006000
-12.92650  -30.74501  11.14972   0.103000
 -9.96451  -29.74916   9.90483   0.103000
 -9.96179  -34.16455  10.92369  -0.200000
 -0.86761  -20.62075 -23.73332  -0.200000
 -0.51841  -21.56559 -26.98824  -0.006000
 -2.31123  -21.31853 -27.97154   0.103000
  0.92504  -20.40522 -27.88941   0.103000
  0.26889  -24.34483 -27.10572  -0.006000
  2.06173  -24.59191 -26.12244   0.103000
 -1.17456  -25.50520 -26.20455   0.103000
  0.61809  -25.28968 -30.36066  -0.200000
 36.05223    5.04814  10.51600  -0.200000
 34.92726    3.52504   7.68336  -0.006000
 33.69134    1.95742   8.19068   0.103000
 33.88090    4.88335   6.54214   0.103000
 37.17728    2.52551   6.16812  -0.006000
 38.41322    4.09313   5.66081   0.103000
 38.22366    1.16719   7.30935   0.103000
 36.05233    1.00241   3.33548  -0.200000
 -3.44421  -22.39087  32.28920  -0.200000
 -2.12039  -20.91075  29.52041  -0.006000
 -0.39937  -19.90365  30.03614   0.103000
 -1.67881  -22.35121  28.11603   0.103000
 -4.03353  -19.04521  28.41713  -0.006000
 -5.75452  -20.05230  27.90141   0.103000
 -4.47508  -17.60475  29.82152   0.103000
 -2.70968  -17.56508  25.64835  -0.200000
  2.47556   35.17812  19.41781  -0.200000
  5.18599   33.72577  17.95028  -0.006000
  6.27221   32.70490  19.37164   0.103000
  4.55730   32.41347  16.49262   0.103000
  6.84523   35.76932  16.75507  -0.006000
  5.75902   36.79019  15.33373   0.103000
  7.47392   37.08164  18.21275   0.103000
  9.55566   34.31697  15.28756  -0.200000
-22.78898  -29.32906   5.90649  -0.200000
-21.34572  -28.42105   8.85635  -0.006000
-22.81247  -28.06249  10.25717   0.103000
-20.12046  -29.93884   9.51762   0.103000
-19.78092  -26.02191   8.46529  -0.006000
-18.31417  -26.38048   7.06448   0.103000
-21.00620  -24.50414   7.80402   0.103000
-18.33766  -25.11391  11.41516  -0.200000
 28.76360  -22.20772  -6.31467  -0.200000
 26.96382  -24.38930  -4.41440  -0.006000
 26.56753  -26.08858  -5.50872   0.103000
 28.04463  -24.89058  -2.73430   0.103000
 24.47401  -23.15124  -3.62342  -0.006000
 24.87029  -21.45196  -2.52911   0.103000
 23.39320  -22.64999  -5.30354   0.103000
 22.67422  -25.33282  -1.72318  -0.200000
 27.44436  -25.75183   2.59108  -0.200000
 26.86057  -24.66960   5.76869  -0.006000
 25.25455  -25.68956   6.55773   0.103000
 28.52823  -25.01121   6.92813   0.103000
 26.27815  -21.83815   5.73063  -0.006000
 27.88419  -20.81819   4.94160   0.103000
 24.61051  -21.49654   4.57119   0.103000
 25.69438  -20.75594   8.90824  -0.200000
  2.37376    2.23736 -29.73089  -0.200000
  0.51370    4.93661 -30.66020  -0.006000
 -1.44921    4.36514 -30.91025   0.103000
  0.62699    6.38467 -29.19990   0.103000
  1.53191    5.99773 -33.14914  -0.006000
  3.49484    6.56918 -32.89909   0.103000
  1.41862    4.54965 -34.60943   0.103000
 -0.32815    8.69695 -34.07843  -0.200000
 17.73529  -11.83957  26.37806  -0.200000
 19.93924   -9.52448  25.19808  -0.006000
 18.91930   -8.08213  24.13895   0.103000
 20.92600   -8.64701  26.77882   0.103000
 21.85746  -10.81645  23.46348  -0.006000
 22.87740  -12.25880  24.52264   0.103000
 20.87070  -11.69393  21.88276   0.103000
 24.06141   -8.50137  22.28350  -0.200000
 -2.51781   37.15825   2.02552  -0.200000
  0.06784   38.80849   3.50886  -0.006000
  0.15813   38.29464   5.50137   0.103000
  1.83413   38.29008   2.58490   0.103000
 -0.34389   41.65983   3.26777  -0.006000
 -0.43420   42.17372   1.27524   0.103000
 -2.11020   42.17825   4.19171   0.103000
  2.24174   43.31007   4.75109  -0.200000
-20.18851   26.50836   9.25614  -0.200000
-22.21649   29.10114  10.13594  -0.006000
-23.90596   28.36932  11.05919   0.103000
-21.21269   30.35000  11.43012   0.103000
-22.97576   30.57683   7.76880  -0.006000
-21.28631   31.30864   6.84555   0.103000
-23.97959   29.32798   6.47462   0.103000
-25.00374   33.16963   8.64860  -0.200000
 -7.98483  -38.01299   2.92928  -0.200000
 -5.18513  -36.85737   4.48978  -0.006000
 -4.96953  -37.80565   6.30543   0.103000
 -3.53679  -37.23915   3.31532   0.103000
 -5.42535  -34.00789   4.91455  -0.006000
 -5.64091  -33.05962   3.09891   0.103000
 -7.07366  -33.62613   6.08902   0.103000
 -2.62562  -32.85225   6.47507  -0.200000
-24.02397  -27.73077  -0.73078  -0.200000
-22.92043  -28.63897  -3.82377  -0.006000
-23.73995  -30.45687  -4.33923   0.103000
-23.48605  -27.21525  -5.20049   0.103000
-20.03784  -28.85653  -3.79300  -0.006000
-19.21833  -27.03864  -3.27754   0.103000
-19.47219  -30.28027  -2.41630   0.103000
-18.93430  -29.76474  -6.88599  -0.200000
-33.87714    0.45525 -22.14092  -0.200000
-30.85146    0.02672 -20.63394  -0.006000
-30.79917   -1.81259 -19.70852   0.103000
-29.35863    0.12627 -22.04948   0.103000
-30.45207    2.10625 -18.66583  -0.006000
-30.50436    3.94556 -19.59126   0.103000
-31.94489    2.00668 -17.25029   0.103000
-27.42639    1.67772 -17.15886  -0.200000
  2.16888  -36.14993   4.43936  -0.200000
  5.34964  -35.01732   4.89641  -0.006000
  5.36788  -32.96030   4.79418   0.103000
  6.03473  -35.61956   6.74307   0.103000
  7.06325  -36.09881   2.83444  -0.006000
  7.04501  -38.15586   2.93665   0.103000
  6.37817  -35.49658   0.98774   0.103000
 10.24402  -34.96621   3.29147  -0.200000
-27.33241  -24.88612  10.17695  -0.200000
-27.45494  -22.35013  12.44919  -0.006000
-28.61631  -20.81908  11.70803   0.103000
-28.27215  -23.04272  14.20834   0.103000
-24.78004  -21.37414  12.94905  -0.006000
-23.61867  -22.90518  13.69020   0.103000
-23.96282  -20.68158  11.18990   0.103000
-24.90255  -18.83813  15.22127  -0.200000
 -2.07583   30.54548 -22.82158  -0.200000
 -2.14701   28.68797 -25.67709  -0.006000
 -3.14059   29.72989 -27.14988   0.103000
 -0.22010   28.29863 -26.29165   0.103000
 -3.51824   26.19385 -25.17028  -0.006000
 -2.52464   25.15193 -23.69749   0.103000
 -5.44513   26.58317 -24.55571   0.103000
 -3.58940   24.33635 -28.02577  -0.200000
-33.21793  -18.04002  -1.86265  -0.200000
-30.53357  -18.81923  -3.81099  -0.006000
-30.97157  -18.40693  -5.78084   0.103000
-28.90799  -17.70101  -3.22004   0.103000
-29.92185  -21.63058  -3.52895  -0.006000
-29.48385  -22.04290  -1.55910   0.103000
-31.54743  -22.74883  -4.11992   0.103000
-27.23747  -22.40979  -5.47730  -0.200000
 26.26432   19.14977 -22.28792  -0.200000
 23.47843   21.09350 -22.02387  -0.006000
 22.53260   21.19046 -23.85097   0.103000
 22.20003   20.27640 -20.63099   0.103000
 24.23642   23.75577 -21.18982  -0.006000
 25.18224   23.65880 -19.36274   0.103000
 25.51484   24.57286 -22.58270   0.103000
 21.45053   25.69952 -20.92577  -0.200000
 33.68044    0.48831  18.15335  -0.200000
 32.17434   -0.82090  20.91507  -0.006000
 33.52994   -1.96849  21.95798   0.103000
 31.49847    0.70768  22.11879   0.103000
 29.94069   -2.46779  20.10512  -0.006000
 28.58511   -1.32020  19.06220   0.103000
 30.61659   -3.99637  18.90140   0.103000
 28.43461   -3.77700  22.86682  -0.200000
 -4.98823   33.47238 -13.93216  -0.200000
 -5.24904   32.98218 -17.29387  -0.006000
 -4.28008   34.50411 -18.28730   0.103000
 -4.38923   31.17857 -17.79393   0.103000
 -8.03899   32.96145 -18.05106  -0.006000
 -9.00795   31.43952 -17.05763   0.103000
 -8.89878   34.76506 -17.55100   0.103000
 -8.29977   32.47124 -21.41277  -0.200000
-12.12671  -16.28504  25.86100  -0.200000
-15.08629  -17.64823  24.86509  -0.006000
-16.62993  -16.37990  25.36568   0.103000
-15.06159  -17.92853  22.82475   0.103000
-15.46635  -20.19365  26.18189  -0.006000
-13.92271  -21.46200  25.68130   0.103000
-15.49105  -19.91337  28.22225   0.103000
-18.42593  -21.55686  25.18601  -0.200000
 29.57435   -7.68786  15.42100  -0.200000
 31.43930  -10.17674  16.81272  -0.006000
 31.90020  -11.57656  15.37385   0.103000
 33.17775   -9.38436  17.58220   0.103000
 29.93407  -11.43723  18.93481  -0.006000
 29.47315  -10.03741  20.37369   0.103000
 28.19560  -12.22961  18.16533   0.103000
 31.79899  -13.92611  20.32654  -0.200000
 19.71912  -20.18913 -23.96074  -0.200000
 20.35180  -16.93066 -24.72962  -0.006000
 21.75989  -16.83967 -26.23002   0.103000
 18.61399  -16.02414 -25.36243   0.103000
 21.35217  -15.56437 -22.38653  -0.006000
 19.94408  -15.65538 -20.88610   0.103000
 23.08998  -16.47091 -21.75371   0.103000
 21.98487  -12.30592 -23.15540  -0.200000
 16.54896  -13.37227 -29.90754  -0.200000
 17.85067  -10.31139 -29.16881  -0.006000
 19.07270  -10.46470 -27.51793   0.103000
 18.94552   -9.62509 -30.77270   0.103000
 15.70206   -8.46044 -28.60737  -0.006000
 14.48003   -8.30714 -30.25826   0.103000
 14.60722   -9.14675 -27.00351   0.103000
 17.00379   -5.39957 -27.86864  -0.200000
 14.19211   28.25010 -19.35779  -0.200000
 15.66632   29.99285 -21.88741  -0.006000
 15.67205   32.00028 -21.42651   0.103000
 17.60382   29.33909 -22.13415   0.103000
 14.18903   29.57166 -24.33646  -0.006000
 14.18328   27.56424 -24.79736   0.103000
 12.25153   30.22543 -24.08974   0.103000
 15.66324   31.31441 -26.86610  -0.200000
 31.18025   20.83440  -9.71414  -0.200000
 31.14677   22.05231 -12.89610  -0.006000
 29.50123   23.26457 -13.15049   0.103000
 32.86168   23.14227 -13.23267   0.103000
 31.02095   19.85314 -14.76836  -0.006000
 32.66649   18.64088 -14.51397   0.103000
 29.30602   18.76319 -14.43180   0.103000
 30.98746   21.07103 -17.95032  -0.200000
 31.71945   28.20571 -10.86500  -0.200000
 32.17293   27.15474  -7.65583  -0.006000
 33.50260   25.58198  -7.62932   0.103000
 32.91996   28.70509  -6.52418   0.103000
 29.64139   26.29365  -6.55701  -0.006000
 28.31174   27.86641  -6.58352   0.103000
 28.89435   24.74328  -7.68865   0.103000
 30.09489   25.24266  -3.34784  -0.200000
-29.00699   21.36012  16.04591  -0.200000
-27.13779   19.16413  17.86063  -0.006000
-27.33725   19.58610  19.86673   0.103000
-27.78625   17.24371  17.49467   0.103000
-24.35948   19.40376  17.09822  -0.006000
-24.16000   18.98181  15.09213   0.103000
-23.71104   21.32418  17.46419   0.103000
-22.49025   17.20779  18.91295  -0.200000
  9.95336  -12.13886 -30.70599  -0.200000
  7.90584  -14.75190 -29.93855  -0.006000
  8.26285  -16.30926 -31.23834   0.103000
  8.27422  -15.36962 -28.00858   0.103000
  5.14820  -13.91611 -30.17197  -0.006000
  4.79119  -12.35875 -28.87216   0.103000
  4.77982  -13.29840 -32.10195   0.103000
  3.10066  -16.52915 -29.40454  -0.200000
-11.26231  -22.35106 -21.89397  -0.200000
 -9.92890  -24.54416 -24.13483  -0.006000
 -9.67245  -26.37776 -23.23239   0.103000
-11.20067  -24.74175 -25.74285   0.103000
 -7.37059  -23.55392 -25.04690  -0.006000
 -7.62703  -21.72030 -25.94934   0.103000
 -6.09881  -23.35633 -23.43890   0.103000
 -6.03718  -25.74703 -27.28778  -0.200000
-15.96327   18.38683 -26.47102  -0.200000
-17.75222   21.01052 -25.23612  -0.006000
-16.46046   22.45856 -24.54567   0.103000
-18.93421   21.79875 -26.72736   0.103000
-19.42570   20.09782 -23.06261  -0.006000
-20.71746   18.64976 -23.75306   0.103000
-18.24372   19.30960 -21.57137   0.103000
-21.21465   22.72152 -21.82770  -0.200000
-17.16344  -35.80678  -0.68049  -0.200000
-16.47756  -34.30847   2.30172  -0.006000
-17.86368  -32.82811   2.66174   0.103000
-16.56090  -35.70908   3.80950   0.103000
-13.83132  -33.14799   2.21096  -0.006000
-12.44523  -34.62831   1.85097   0.103000
-13.74800  -31.74738   0.70317   0.103000
-13.14545  -31.64968   5.19319  -0.200000
 32.94698   11.35742 -15.30351  -0.200000
 32.92086   11.77005 -18.68556  -0.006000
 34.70928   12.59283 -19.29117   0.103000
 32.66133    9.94219 -19.59873   0.103000
 30.75136   13.53205 -19.42465  -0.006000
 28.96294   12.70926 -18.81905   0.103000
 31.01092   15.35988 -18.51147   0.103000
 30.72525   13.94467 -22.80671  -0.200000
-16.83837  -10.97727  26.27538  -0.200000
-18.66229   -9.81798  28.90948  -0.006000
-19.04608  -11.36540  30.21347   0.103000
-17.60227   -8.34524  29.88400   0.103000
-21.16093   -8.72855  27.94640  -0.006000
-20.77714   -7.18113  26.64240   0.103000
-22.22093  -10.20131  26.97191   0.103000
-22.98485   -7.56926  30.58053  -0.200000
-28.05181    6.14495  26.63669  -0.200000
-26.67872    3.49716  24.98951  -0.006000
-24.62493    3.63874  25.05282   0.103000
-27.27459    1.74348  25.89051   0.103000
-27.56028    3.51274  22.23629  -0.006000
-29.61407    3.37116  22.17297   0.103000
-26.96441    5.26642  21.33527   0.103000
-26.18720    0.86495  20.58910  -0.200000
 18.29724   33.47962 -16.59338  -0.200000
 15.73858   35.72814 -16.50995  -0.006000
 16.13017   37.16196 -15.08410   0.103000
 15.55264   36.62607 -18.35425   0.103000
 13.27697   34.36274 -15.85150  -0.006000
 12.88538   32.92893 -17.27733   0.103000
 13.46292   33.46482 -14.00720   0.103000
 10.71834   36.61127 -15.76806  -0.200000
  7.37819   26.95734  28.54845  -0.200000
  4.73926   28.96238  27.75809  -0.006000
  4.20844   30.08019  29.40455   0.103000
  5.26973   30.22012  26.21577   0.103000
  2.49865   27.32867  26.94065  -0.006000
  3.02950   26.21084  25.29421   0.103000
  1.96819   26.07093  28.48299   0.103000
 -0.14027   29.33371  26.15031  -0.200000
 18.82579    7.79977 -32.59375  -0.200000
 15.45399    7.71895 -32.11045  -0.006000
 14.49666    7.79881 -33.93236   0.103000
 14.94055    5.97609 -31.14036   0.103000
 14.65622    9.98597 -30.50364  -0.006000
 15.61354    9.90611 -28.68172   0.103000
 15.16966   11.72885 -31.47371   0.103000
 11.28439    9.90515 -30.02032  -0.200000
 12.19081  -17.13725 -25.39159  -0.200000
 12.87128  -20.28423 -26.50630  -0.006000
 14.64925  -20.93174 -25.69289   0.103000
 11.35346  -21.55652 -25.94101   0.103000
 13.08380  -20.26032 -29.38930  -0.006000
 11.30582  -19.61281 -30.20272   0.103000
 14.60163  -18.98802 -29.95462   0.103000
 13.76425  -23.40728 -30.50402  -0.200000
-16.59404   29.46344 -14.81479  -0.200000
-19.88820   30.02454 -14.14921  -0.006000
-20.53494   31.66399 -15.21507   0.103000
-20.99038   28.37222 -14.69438   0.103000
-20.22933   30.51904 -11.32139  -0.006000
-19.58255   28.87959 -10.25556   0.103000
-19.12711   32.17136 -10.77624   0.103000
-23.52346   31.08014 -10.65584  -0.200000
$end
