$coord
   -1.25903853862158     -2.28197016240094     -0.03015612325315      c
   -2.55472338458635     -0.00000083266058     -0.02879221341674      c
   -1.25904288499169      2.28196694750436     -0.03016999384297      c
    1.33397593313949      2.28282469419608     -0.03272265480053      c
    2.68642342782081      0.00000328694239     -0.03279418093466      c
    1.33397780396837     -2.28282267455127     -0.03270651653936      c
   -2.30058494510530     -4.03537190559449     -0.02713902430391      h
   -2.30059038751656      4.03536857731434     -0.02716440332588      h
    2.35274324066671      4.05547592477239     -0.03591468569790      h
    2.35275259481106     -4.05546984221640     -0.03588303278517      h
   -5.27845951041170     -0.00000053030440     -0.02253990332800      n
   -6.37968779564479      2.02722128232503     -0.01988302397421      o
   -6.37969227429573     -2.02722011305699     -0.01992306727097      o
    5.25161264603548     -0.00000032243452     -0.08820951161025      n
    6.20017073178045      1.61336628924334      0.23199721167530      h
    6.20016334295127     -1.61337061907835      0.23200112340840      h
$redundant
     number_of_atoms            16
     degrees_of_freedom         42
     internal_coordinates       42
     frozen_coordinates          0
# definitions of redundant internals
   1 k  1.0000000000000 stre    1    7           val=   2.03942
   2 k  0.7071067886396 bend    6    7    1      val=   0.49537
       -0.7071067737335 bend    2    7    1
   3 k  1.0000000000000 outp    7    2    6    1 val=  -0.05792
   4 k  1.0000000000000 stre    3    8           val=   2.03942
   5 k  0.7071067886194 bend    4    8    3      val=   0.49531
       -0.7071067737537 bend    2    8    3
   6 k  1.0000000000000 outp    8    2    4    3 val=   0.05784
   7 k  1.0000000000000 stre    4    9           val=   2.04455
   8 k  0.7071067840382 bend    3    9    4      val=   0.21832
       -0.7071067783349 bend    5    9    4
   9 k  1.0000000000000 outp    9    5    3    4 val=   0.03394
  10 k  1.0000000000000 stre    6   10           val=   2.04455
  11 k  0.7071067840332 bend    1   10    6      val=   0.21846
       -0.7071067783399 bend    5   10    6
  12 k  1.0000000000000 outp   10    5    1    6 val=  -0.03391
  13 k  1.0000000000000 tors   12   11    2    1 val=  89.99926
        1.0000000000000 tors   12   11    2    3
        1.0000000000000 tors   13   11    2    1
        1.0000000000000 tors   13   11    2    3
  14 k  1.0000000000000 stre   11   12           val=   2.30702
  15 k  1.0000000000000 stre   11   13           val=   2.30702
  16 k  0.8164965811163 bend   13   12   11      val=   2.23223
       -0.4082473600300 bend    2   12   11
       -0.4082492205184 bend    2   13   11
  17 k  0.0000010741536 bend   13   12   11      val=   0.00006
       -0.7071073182626 bend    2   12   11
        0.7071062441093 bend    2   13   11
  18 k  1.0000000000000 outp   13   12    2   11 val=  -0.00541
  19 k  1.0000000000000 tors   15   14    5    4 val=  90.00014
        1.0000000000000 tors   15   14    5    6
        1.0000000000000 tors   16   14    5    4
        1.0000000000000 tors   16   14    5    6
  20 k  1.0000000000000 stre   14   15           val=   1.89875
  21 k  1.0000000000000 stre   14   16           val=   1.89875
  22 k  0.8182659348492 bend   16   15   14      val=  -1.29747
       -0.4064734696353 bend    5   15   14
       -0.4064728506898 bend    5   16   14
  23 k  0.0000006534080 bend   16   15   14      val=   0.00013
        0.7071069005066 bend    5   15   14
       -0.7071066618662 bend    5   16   14
  24 k  1.0000000000000 outp   15    5   16   14 val=  20.55130
  25 k  1.0000000000000 stre    2   11           val=   2.72374
  26 k  0.7071067811868 bend    3   11    2      val=  -0.00004
       -0.7071067811863 bend    1   11    2
  27 k  1.0000000000000 outp   11    1    3    2 val=   0.07090
  28 k  1.0000000000000 stre    5   14           val=   2.56579
  29 k  0.7071067818663 bend    4   14    5      val=   0.00012
       -0.7071067805068 bend    6   14    5
  30 k  1.0000000000000 outp   14    6    4    5 val=   1.23419
  31 k  1.0000000000000 stre    1    6           val=   2.59302
  32 k  1.0000000000000 stre    6    5           val=   2.65338
  33 k  1.0000000000000 stre    5    4           val=   2.65337
  34 k  1.0000000000000 stre    4    3           val=   2.59302
  35 k  1.0000000000000 stre    3    2           val=   2.62415
  36 k  1.0000000000000 stre    2    1           val=   2.62415
  37 k -0.5000000000000 bend    1    5    6      val=   0.08697
       -0.5000000000000 bend    6    4    5
        1.0000000000000 bend    5    3    4
       -0.5000000000000 bend    4    2    3
       -0.5000000000000 bend    3    1    2
        1.0000000000000 bend    2    6    1
  38 k  0.8660254037844 bend    1    5    6      val=   0.17397
       -0.8660254037844 bend    6    4    5
        0.8660254037844 bend    4    2    3
       -0.8660254037844 bend    3    1    2
  39 k -1.0000000000000 bend    1    5    6      val=  -0.69195
        1.0000000000000 bend    6    4    5
       -1.0000000000000 bend    5    3    4
        1.0000000000000 bend    4    2    3
       -1.0000000000000 bend    3    1    2
        1.0000000000000 bend    2    6    1
  40 k -0.5000000000000 tors    6    5    4    3 val=  -0.02491
       -0.5000000000000 tors    5    4    3    2
        1.0000000000000 tors    4    3    2    1
       -0.5000000000000 tors    3    2    1    6
       -0.5000000000000 tors    2    1    6    5
        1.0000000000000 tors    1    6    5    4
  41 k  0.8660254037844 tors    6    5    4    3 val=   0.01666
       -0.8660254037844 tors    5    4    3    2
        0.8660254037844 tors    3    2    1    6
       -0.8660254037844 tors    2    1    6    5
  42 k -1.0000000000000 tors    6    5    4    3 val=  -0.02857
        1.0000000000000 tors    5    4    3    2
       -1.0000000000000 tors    4    3    2    1
        1.0000000000000 tors    3    2    1    6
       -1.0000000000000 tors    2    1    6    5
        1.0000000000000 tors    1    6    5    4
        42 non zero eigenvalues  of BmBt
           1          11.059730214    1    0
         1
           2           5.633870215    2    0
         2
           3           5.129052613    3    0
         3
           4           4.610657107    4    0
         4
           5           4.474551048    5    0
         5
           6           4.096669018    6    0
         6
           7           3.880669320    7    0
         7
           8           3.550609791    8    0
         8
           9           3.384764946    9    0
         9
          10           3.302416886   10    0
        10
          11           3.258316269   11    0
        11
          12           2.767894038   12    0
        12
          13           2.691824808   13    0
        13
          14           2.442323795   14    0
        14
          15           2.340575774   15    0
        15
          16           1.960836966   16    0
        16
          17           1.930138585   17    0
        17
          18           1.672051419   18    0
        18
          19           1.524918382   19    0
        19
          20           1.450299460   20    0
        20
          21           1.260887069   21    0
        21
          22           1.123889052   22    0
        22
          23           0.938282244   23    0
        23
          24           0.810550470   24    0
        24
          25           0.630992563   25    0
        25
          26           0.595510857   26    0
        26
          27           0.445970253   27    0
        27
          28           0.410368991   28    0
        28
          29           0.396953537   29    0
        29
          30           0.385428282   30    0
        30
          31           0.361275752   31    0
        31
          32           0.352049578   32    0
        32
          33           0.342009952   33    0
        33
          34           0.331393766   34    0
        34
          35           0.269751986   35    0
        35
          36           0.178228909   36    0
        36
          37           0.116891682   37    0
        37
          38           0.106873989   38    0
        38
          39           0.087677978   39    0
        39
          40           0.081354131   40    0
        40
          41           0.046232494   41    0
        41
          42           0.024560956   42    0
        42
$user-defined bonds
$end
