# Electronic excitation spectrum of , IRREP a   
# singlet excitations
# excitation energy / eV  oscillator strength (length rep.) (veloc. rep.) (mixed rep.) 
 0.37574537152679E+01   0.50592674961235E-07   0.59064553404820E-07   0.54528990249752E-07
 0.37822386262751E+01   0.49268142168092E+00   0.68880169838039E+00   0.58253866921486E+00
 0.45395841988648E+01   0.57225153829865E-03   0.13234208910712E-02   0.87024396561554E-03
 0.46148920188336E+01   0.97087398359677E-02   0.14617626631411E-01   0.11912964210062E-01
 0.53092788713870E+01   0.25933098015150E-01   0.14644035295388E-01   0.19487563546949E-01
 0.57521781193492E+01   0.67831969505431E-05   0.45085050017208E-03   0.54377562885112E-04
 0.57924266036019E+01   0.29815885723266E+00   0.41366926784983E+00   0.35119674849604E+00
 0.60541531755954E+01   0.21375023626606E-01   0.37296080704301E-01   0.28233803167936E-01
 0.64305676517987E+01   0.74895375122971E-02   0.11466349428724E-01   0.92570374294457E-02
 0.66381710604089E+01   0.17052738710495E-06   0.16598353772670E-05   0.48966781296225E-06
 0.69082112173677E+01   0.94214038417565E-01   0.67642204274500E-01   0.79830102246100E-01
 0.69711783345484E+01   0.48491926036276E+00   0.49966178574017E+00   0.49220763748749E+00
 0.69812550627489E+01   0.85819814947352E-01   0.87283994884945E-01   0.86468075229959E-01
 0.73624555236383E+01   0.45264167837642E-04   0.45303828386176E-04   0.45283954000248E-04
 0.74037602531553E+01   0.18500675200415E-01   0.23022334788348E-01   0.20637748253611E-01
# Electronic excitation spectrum of , IRREP a   
# singlet excitations
# excitation energy / eV  oscillator strength (length rep.) (veloc. rep.) (mixed rep.) 
 0.37467517362512E+01   0.38270398425614E-08   0.39075183132295E-08   0.35558887974972E-08
 0.38271059609715E+01   0.49430856803784E+00   0.68396413099000E+00   0.58144710291208E+00
 0.45293802762617E+01   0.56099908738216E-03   0.12848606851875E-02   0.84899998092370E-03
 0.46181074089215E+01   0.11294616933362E-01   0.16434734872832E-01   0.13624390472897E-01
 0.53368815937337E+01   0.19918741851365E-01   0.93952603927072E-02   0.13679973682586E-01
 0.57475013258977E+01   0.35357551247165E-05   0.49177483562775E-03   0.41480023824603E-04
 0.57977391771390E+01   0.30763410056401E+00   0.42105228301690E+00   0.35990282073760E+00
 0.60723121064861E+01   0.19742478278617E-01   0.34998464866285E-01   0.26285107194214E-01
 0.64322277695550E+01   0.74999732410075E-02   0.11502496153147E-01   0.92776254915346E-02
 0.66358330688173E+01   0.89089305958430E-06   0.50880335833122E-06   0.64910060978273E-06
 0.69494655590009E+01   0.23080870226375E+00   0.19288640041365E+00   0.21098578702720E+00
 0.69721735619138E+01   0.11898002038629E+00   0.13634501203545E+00   0.12731427904389E+00
 0.69752603836393E+01   0.31423441472687E+00   0.32420479609204E+00   0.31914853266476E+00
 0.73669333801546E+01   0.34281238240570E-04   0.32610140623666E-04   0.33435217948120E-04
 0.74410628153100E+01   0.19461025381660E-01   0.24039213649252E-01   0.21629125172206E-01
# Electronic excitation spectrum of , IRREP a   
# singlet excitations
# excitation energy / eV  oscillator strength (length rep.) (veloc. rep.) (mixed rep.) 
 0.37444322091398E+01   0.27812225441592E-08   0.31081046972079E-08   0.26014309925023E-08
 0.38352628825267E+01   0.49465472871921E+00   0.68325397075062E+00   0.58134860086402E+00
 0.45266736800610E+01   0.55888208571806E-03   0.12781141707370E-02   0.84516876527803E-03
 0.46186496350828E+01   0.11571847868942E-01   0.16751493109929E-01   0.13922848498797E-01
 0.53418140024019E+01   0.18829187498477E-01   0.85100668515289E-02   0.12658497306357E-01
 0.57468093453345E+01   0.34631703556894E-05   0.49318580146965E-03   0.41145686767841E-04
 0.57988256807251E+01   0.30938401772068E+00   0.42245621474952E+00   0.36152621070863E+00
 0.60754354100730E+01   0.19442756547564E-01   0.34585273768197E-01   0.25930390859583E-01
 0.64335086675281E+01   0.75232003595060E-02   0.11536888633028E-01   0.93057551818818E-02
 0.66359865241882E+01   0.10560314357846E-05   0.38985789306884E-06   0.61713611590257E-06
 0.69548555176761E+01   0.29796371096108E+00   0.25959583903396E+00   0.27809520949189E+00
 0.69738255909653E+01   0.25485470687833E-02   0.22586935516782E-02   0.20672325871580E-02
 0.69753328731146E+01   0.35994582288929E+00   0.38770736010976E+00   0.37356674366482E+00
 0.73678298930167E+01   0.33228576612429E-04   0.31228065118287E-04   0.32212728363041E-04
 0.74413122545012E+01   0.12851243864158E-02   0.13549258283952E-02   0.13195630114124E-02
# Electronic excitation spectrum of , IRREP a   
# singlet excitations
# excitation energy / eV  oscillator strength (length rep.) (veloc. rep.) (mixed rep.) 
 0.37439412666664E+01   0.26053475779424E-08   0.29870932316579E-08   0.24467137224813E-08
 0.38369953287065E+01   0.49475092609902E+00   0.68312810857310E+00   0.58135157160020E+00
 0.45261040356480E+01   0.55848058603540E-03   0.12768437914483E-02   0.84444514599981E-03
 0.46187681681773E+01   0.11623065141044E-01   0.16810615270797E-01   0.13978227954427E-01
 0.53428260629560E+01   0.18605249345734E-01   0.83307311876125E-02   0.12449708424104E-01
 0.57465838474990E+01   0.34254756949307E-05   0.49386877183636E-03   0.40948902317144E-04
 0.57990223077072E+01   0.30975295736469E+00   0.42276200531908E+00   0.36187260383738E+00
 0.60761137159820E+01   0.19372161259014E-01   0.34489686996396E-01   0.25847482093750E-01
 0.64338693450384E+01   0.75318204699253E-02   0.11547970421608E-01   0.93155330527214E-02
 0.66359908102144E+01   0.10927219956925E-05   0.36713899608688E-06   0.60867632572536E-06
 0.69557764790971E+01   0.31297492618850E+00   0.27499518178047E+00   0.29334430471928E+00
 0.69741167322163E+01   0.38012342079806E-01   0.32902549953935E-01   0.35215841429205E-01
 0.69756190764797E+01   0.30669191227597E+00   0.33868709399235E+00   0.32229244847983E+00
 0.73679559656555E+01   0.32606757901126E-04   0.30449232984216E-04   0.31509459327831E-04
 0.74419920712191E+01   0.12940882555975E-02   0.13731370467757E-02   0.13330263669822E-02
# Electronic excitation spectrum of , IRREP a   
# singlet excitations
# excitation energy / eV  oscillator strength (length rep.) (veloc. rep.) (mixed rep.) 
 0.37438440260345E+01   0.25667673706665E-08   0.29608298560597E-08   0.24129313305988E-08
 0.38374135392330E+01   0.49475996409623E+00   0.68308227870779E+00   0.58133737920830E+00
 0.45259988649760E+01   0.55839630368292E-03   0.12765953906671E-02   0.84429927404873E-03
 0.46188051523662E+01   0.11632863072269E-01   0.16821225062477E-01   0.13988530595595E-01
 0.53430604387792E+01   0.18560194369436E-01   0.82946636917760E-02   0.12407678229727E-01
 0.57465195439874E+01   0.33980118383224E-05   0.49428935667946E-03   0.40802821592001E-04
 0.57990855397829E+01   0.30983223428413E+00   0.42282340693367E+00   0.36194519043209E+00
 0.60762854741363E+01   0.19357467744310E-01   0.34468584889589E-01   0.25829772623526E-01
 0.64339634661085E+01   0.75340268712011E-02   0.11550540165053E-01   0.93179273925582E-02
 0.66359885714677E+01   0.11010146975224E-05   0.36247661256728E-06   0.60668369026706E-06
 0.69559818675038E+01   0.31655383895459E+00   0.27867270825208E+00   0.29698251203245E+00
 0.69741816491794E+01   0.51985993950030E-01   0.46344794835290E-01   0.48947509025228E-01
 0.69757140657102E+01   0.28874573707418E+00   0.32107673641876E+00   0.30448154690227E+00
 0.73679697313591E+01   0.32721454695031E-04   0.30667813700061E-04   0.31677940564761E-04
 0.74421471246303E+01   0.12868768106192E-02   0.13634696653211E-02   0.13246191576628E-02
