Header
  1      1(1)a  3.35300  0.46800 0.037550 0.485040 0.108020 0.010150 0.066640 0.218090 0.049630
  2      2(1)a  3.82300  0.00000 0.026420 0.042300 0.217190 0.000010 0.595470 0.014840 0.058720
  3      3(1)a  4.47800  0.01100 0.032800 0.150750 0.201120 0.002720 0.002100 0.535230 0.047020
  4      4(1)a  4.57900  0.00100 0.026770 0.064430 0.215670 0.000010 0.566170 0.021790 0.053520
  5      5(1)a  5.05100  0.04000 0.037110 0.369310 0.116640 0.001740 0.034270 0.356200 0.048280
  6      6(1)a  5.81400  0.03400 0.056550 0.148280 0.203160 0.022140 0.046340 0.369270 0.087920
  7      7(1)a  5.84400  0.20500 0.028910 0.030730 0.227390 0.000680 0.565750 0.032100 0.065290
  8      8(1)a  6.04800  0.00600 0.024260 0.091430 0.213780 0.009420 0.016270 0.407630 0.048410
  9      9(1)a  6.38400  0.04000 0.046380 0.427420 0.114100 0.006960 0.036810 0.238910 0.047970
 10     10(1)a  6.77200  0.00000 0.056180 0.201170 0.108620 0.016830 0.026440 0.204630 0.054920
