3
     1(1)a  0.95037  0.06664  0.03909  0.00575  0.36751  0.21809  0.03180  0.11753  0.06893  0.01015
     2(1)a  0.94128  0.59547  0.21703  0.02481  0.04187  0.01484  0.00161  0.00043  0.00016  0.00001
     3(1)a  0.95298  0.00210  0.07308  0.00162  0.14792  0.53523  0.03118  0.00283  0.12804  0.00272
     4(1)a  0.94648  0.56617  0.21552  0.02475  0.06408  0.02179  0.00202  0.00035  0.00015  0.00001
     5(1)a  0.95172  0.03427  0.04196  0.00366  0.36660  0.35620  0.03345  0.00271  0.07468  0.00174
     6(1)a  0.91208  0.04634  0.06404  0.00814  0.13493  0.36927  0.04841  0.01335  0.13912  0.02214
     7(1)a  0.93471  0.56575  0.21782  0.02528  0.03028  0.03210  0.00363  0.00045  0.00957  0.00068
     8(1)a  0.95159  0.01627  0.06788  0.00310  0.07547  0.40763  0.02116  0.01596  0.14590  0.00942
     9(1)a  0.95203  0.03681  0.05359  0.00911  0.27305  0.23891  0.03727  0.15437  0.06051  0.00696
    10(1)a  0.94508  0.02644  0.03499  0.00829  0.15005  0.20463  0.04789  0.05112  0.07363  0.01683
